45.819451124562,7.443783311260,9
45.819449797789,7.456648533551,9
45.819446996822,7.469513754824,9
45.818527542648,7.894060730077,9
45.818474619119,7.906925484394,9
45.818420221398,7.919790212260,9
45.818364349483,7.932654912949,9
45.818307003375,7.945519585735,9
45.818248183074,7.958384229889,9
45.818187888581,7.971248844686,9
45.818126119894,7.984113429399,9
45.828446252625,7.443784154322,9
45.828444925627,7.456651484267,9
45.827522515129,7.894135341048,9
45.827359294474,7.932735846884,9
45.827301938706,7.945602627324,9
45.827243108497,7.958469379133,9
45.827182803846,7.971336101585,9
45.827121024754,7.984202793952,9
45.837440068542,7.456654435999,9
45.836238048994,7.958554557689,9
45.836177734187,7.971423388521,9
45.836115944690,7.984292189269,9
45.836052680503,7.997160959206,9
45.835784876860,8.048635716314,9
45.846432423916,7.469528935161,9
45.845172679370,7.971510705496,9
45.845110879468,7.984381615349,9
45.845047604628,7.997252494392,9
45.844982854849,8.010123341897,9
45.844916630133,8.022994157139,9
45.844848930479,8.035864939389,9
45.844779755887,8.048735687923,9
45.844709106357,8.061606402012,9
45.844636981888,8.074477080931,9
45.844563382482,8.087347723952,9
45.855431726331,7.443786685249,9
45.855430398663,7.456660342511,9
45.855427595809,7.469533998756,9
45.854167639162,7.971598052508,9
45.854105828855,7.984471072193,9
45.854042543361,7.997344061067,9
45.853977782681,8.010217018403,9
45.853911546815,8.023089943476,9
45.853843835762,8.035962835558,9
45.853774649523,8.048835693923,9
45.853703988097,8.061708517843,9
45.853631851486,8.074581306593,9
45.853558239688,8.087454059446,9
45.864425142774,7.418035993689,9
45.864426765752,7.430911761362,9
45.864426913295,7.443787529472,9
45.864425585404,7.456663297290,9
45.864422782078,7.469539064092,9
45.864418503318,7.482414829149,9
45.863162613329,7.971685429559,9
45.863100792617,7.984560559800,9
45.863037496470,7.997435659231,9
45.862906477871,8.023185762754,9
45.862838755420,8.036060765392,9
45.862769557534,8.048935734314,9
45.862698884214,8.061810668791,9
45.862626735459,8.074685568098,9
45.862553111269,8.087560431507,9
45.862478011644,8.100435258293,9
45.873412670031,7.392276861941,9
45.873417244648,7.405154737844,9
45.873420343582,7.418032615637,9
45.873421966834,7.430910494593,9
45.873422114402,7.443788373985,9
45.873420786287,7.456666253086,9
45.873417982490,7.469544131169,9
45.873413703009,7.482422007509,9
45.873407947845,7.495299881378,9
45.871693794472,8.061912854856,9
45.871621633574,8.074789865445,9
45.871547996992,8.087666840137,9
45.871472884727,8.100543778205,9
45.871396296780,8.113420678922,9
45.882407883457,7.392269258712,9
45.882412458844,7.405149246624,9
45.882415558300,7.418029236425,9
45.882417181824,7.430909227388,9
45.882417329417,7.443789218788,9
45.882416001079,7.456669209897,9
45.882413196810,7.469549199988,9
45.882408916609,7.482429188336,9
45.882403160477,7.495309174213,9
45.882395928413,7.508189156893,9
45.880688718640,8.062015076038,9
45.880616545598,8.074894198635,9
45.880542896624,8.087773285335,9
45.880467771719,8.100652335410,9
45.880391170883,8.113531348135,9
45.891397058222,7.379379554843,9
45.891403110559,7.392261652872,9
45.891407686716,7.405143753517,9
45.891410786693,7.418025856051,9
45.891412410490,7.430907959748,9
45.891412558108,7.443790063881,9
45.891398386784,7.495318470240,9
45.891391153503,7.508200565653,9
45.889611471297,8.074998567667,9
45.889537809932,8.087879767100,9
45.889462672387,8.100760929909,9
45.889386058662,8.113642055368,9
45.889307968758,8.126523142749,9
45.900392297748,7.379369832931,9
45.900398351102,7.392254044419,9
45.900402928029,7.405138258523,9
45.900406028528,7.418022474517,9
45.900377681110,7.521096183280,9
45.898606410439,8.075102972542,9
45.898532736682,8.087986285434,9
45.898457586496,8.100869561702,9
45.898380959883,8.113752800619,9
45.898302856842,8.126636001459,9
45.909387550482,7.379360107682,9
45.909393604855,7.392246433355,9
45.909398182552,7.405132761644,9
45.909401283572,7.418019091821,9
45.907527676640,8.088092840335,9
45.907452513815,8.100978230788,9
45.907375874313,8.113863583890,9
45.907297758135,8.126748898914,9
45.918375283877,7.366461941856,9
45.918382816192,7.379350379096,9
45.918388871584,7.392238819679,9
45.918393450050,7.405127262877,9
45.916522629575,8.088199431805,9
45.916447454109,8.101086937168,9
45.916370801719,8.113974405180,9
45.916292672404,8.126861835114,9
45.916213066165,8.139749226245,9
45.927370561063,7.366450094296,9
45.927378094645,7.379340647172,9
45.927384151054,7.392231203390,9
45.927388730291,7.405121762225,9
45.925517595251,8.088306059843,9
45.925442407146,8.101195680841,9
45.925365741867,8.114085264489,9
45.925287599415,8.126974810059,9
45.925207979791,8.139864316825,9
45.936365850757,7.366438242673,9
45.936373385606,7.379330911910,9
45.936379443034,7.392223584490,9
45.936384023040,7.405116259685,9
45.934437372691,8.101304461808,9
45.934360694524,8.114196161817,9
45.934282538935,8.127087823748,9
45.934202905925,8.139979446876,9
45.945361152728,7.366426386987,9
45.945368688843,7.379321173311,9
45.945374747289,7.392215962977,9
45.945379328065,7.405110755260,9
45.943432350512,8.101413280068,9
45.943355659456,8.114307097164,9
45.943277490731,8.127200876182,9
45.943197844336,8.140094616397,9
45.954347451441,7.353517627171,9
45.954356466740,7.366414527238,9
45.954364004122,7.379311431374,9
45.954370063586,7.392208338853,9
45.952427340375,8.101522135622,9
45.952350636431,8.114418070530,9
45.952272454569,8.127313967361,9
45.952192794788,8.140209825388,9
45.963342775747,7.353503644821,9
45.963351792562,7.366402663426,9
45.963359331210,7.379301686100,9
45.963365391692,7.392200712117,9
45.961422342047,8.101631028470,9
45.961345625214,8.114529081915,9
45.961267430215,8.127427097284,9
45.961187757050,8.140325073849,9
45.972327614885,7.340588524611,9
45.972338111629,7.353489657683,9
45.972347129959,7.366390795551,9
45.972354669874,7.379291937488,9
45.972360731374,7.392193082768,9
45.970417355294,8.101739958611,9
45.970340625573,8.114640131320,9
45.970262417437,8.127540265952,9
45.970182730887,8.140440361780,9
45.981322960346,7.340572412694,9
45.981333458854,7.353475665755,9
45.981342478698,7.366378923612,9
45.981350019879,7.379282185539,9
45.979335637274,8.114751218744,9
45.979257416002,8.127653473365,9
45.979177716066,8.140555689182,9
45.990306337735,7.327650927011,9
45.990318316917,7.340556295264,9
45.990328817187,7.353461669039,9
45.990337838546,7.366367047611,9
45.990345380994,7.379272430252,9
45.988330660085,8.114862344186,9
45.988252425675,8.127766719522,9
45.988172712354,8.140671056053,9
45.999301703169,7.327632682626,9
45.999313684362,7.340540172319,9
45.999324186396,7.353447667534,9
45.999333209270,7.366355167546,9
45.997247446224,8.127880004424,9
45.997167719518,8.140786462396,9
46.008297079245,7.327614432001,9
46.008309062450,7.340524043860,9
46.008319566247,7.353433661241,9
46.008328590636,7.366343283418,9
46.006242477415,8.127993328070,9
46.006162737324,8.140901908208,9
46.017292465731,7.327596175136,9
46.017304450947,7.340507909886,9
46.017314956507,7.353419650159,9
46.017323982411,7.366331395228,9
46.015315792835,8.115195948629,9
46.015237519015,8.128106690462,9
46.015157765539,8.141017393490,9
46.026287862392,7.327577912032,9
46.026299849619,7.340491770399,9
46.026310356942,7.353405634288,9
46.026319384361,7.366319502974,9
46.024310857747,8.115307226148,9
46.024232570790,8.128220091598,9
46.024152803929,8.141132918243,9
46.035295258234,7.340475625397,9
46.035305767320,7.353391613629,9
46.035314796254,7.366307606657,9
46.035322345034,7.379223603754,9
46.033305932602,8.115418541686,9
46.033227632508,8.128333531478,9
46.033147852262,8.141248482466,9
46.044290676557,7.340459474881,9
46.044301187407,7.353377588181,9
46.044310217855,7.366295706276,9
46.044317767902,7.379213828441,9
46.042222703935,8.128447010103,9
46.042142910303,8.141364086159,9
46.053286104356,7.340443318851,9
46.053296616969,7.353363557944,9
46.053305648932,7.366283801833,9
46.053313200245,7.379204049791,9
46.053319270909,7.392124301093,9
46.051296111204,8.115641286820,9
46.051217784837,8.128560527473,9
46.051137977820,8.141479729322,9
46.062292055773,7.353349522919,9
46.062301089251,7.366271893327,9
46.062308641831,7.379194267804,9
46.062314713513,7.392116645624,9
46.060291214486,8.115752716416,9
46.060212874981,8.128674083588,9
46.060133054579,8.141595411956,9
46.071287503587,7.353335483105,9
46.071296538579,7.366259980757,9
46.071304092426,7.379184482479,9
46.071310165126,7.392108987544,9
46.069363198271,8.102940651537,9
46.069286326776,8.115864184031,9
46.069207974135,8.128787678447,9
46.069128140347,8.141711134060,9
46.080291996683,7.366248064125,9
46.080299551796,7.379174693817,9
46.080305625514,7.392101326851,9
46.080310217837,7.405027962502,9
46.078358332225,8.103050029200,9
46.078281447841,8.115975689664,9
46.078203082064,8.128901312051,9
46.078123234891,8.141826895634,9
46.089287463329,7.366236143429,9
46.089295019708,7.379164901817,9
46.089301094445,7.392093663547,9
46.089305687538,7.405022427893,9
46.087428890350,8.090231617647,9
46.087353474721,8.103159444158,9
46.087276577449,8.116087233317,9
46.087198198535,8.129014984400,9
46.087118337977,8.141942696678,9
46.098282938284,7.366224218670,9
46.098290495930,7.379155106479,9
46.098296571684,7.392085997631,9
46.098301165547,7.405016891398,9
46.098304277519,7.417947787055,9
46.096424053795,8.090338940477,9
46.096348625526,8.103268896409,9
46.096271715366,8.116198814989,9
46.096193323315,8.129128695493,9
46.107285980226,7.379145307804,9
46.107292056999,7.392078329102,9
46.107296651632,7.405011353017,9
46.107299764125,7.417944378820,9
46.105419225316,8.090446299875,9
46.105343784407,8.103378385953,9
46.105266861359,8.116310434681,9
46.105188456170,8.129242445331,9
46.116281472366,7.379135505791,9
46.116287550156,7.392070657962,9
46.116292145559,7.405005812748,9
46.116295258574,7.417940969424,9
46.114488375841,8.077619442265,9
46.114414404680,8.090553695840,9
46.114338951130,8.103487912791,9
46.114262015193,8.116422092391,9
46.125283050922,7.392062984209,9
46.125287647095,7.405000270594,9
46.125290760631,7.417937558868,9
46.125292391531,7.430874848304,9
46.123483575205,8.077724743201,9
46.123409591652,8.090661128374,9
46.123334125462,8.103597476922,9
46.123257176637,8.116533788120,9
46.134278559064,7.392055307845,9
46.134283156007,7.404994726553,9
46.134286270064,7.417934147150,9
46.134287901238,7.430873568910,9
46.134288049526,7.443812991106,9
46.132551295004,8.064891526586,9
46.132478781944,8.077830079979,9
46.132404785999,8.090768597475,9
46.132329307170,8.103707078347,9
46.132252345456,8.116645521869,9
46.143278672060,7.404989180626,9
46.143281786640,7.417930734272,9
46.143283418086,7.430872289081,9
46.143283566399,7.443813844326,9
46.143282231580,7.456755399280,9
46.141546521030,8.064994766158,9
46.141473995826,8.077935452600,9
46.141399987489,8.090876103145,9
46.141324496020,8.103816717066,9
46.152274195023,7.404983632812,9
46.152277310124,7.417927320233,9
46.152278941843,7.430871008816,9
46.152279090181,7.443814697836,9
46.152277755138,7.456758386565,9
46.152274936714,7.469702074276,9
46.150541753964,8.065098040846,9
46.150469216617,8.078040861063,9
46.150395195888,8.090983645383,9
46.150319691778,8.103926393078,9
46.161272840284,7.417923905032,9
46.161274472276,7.430869728116,9
46.161274620639,7.443815551636,9
46.161273285372,7.456761374865,9
46.161270466476,7.469707197077,9
46.161266163950,7.482653017544,9
46.159536993573,8.065201350651,9
46.159464444083,8.078146305368,9
46.159390410962,8.091091224188,9
46.159314894212,8.104036106384,9
46.170270009151,7.430868446981,9
46.170270157539,7.443816405726,9
46.170268822049,7.456764364181,9
46.170266002681,7.469712321618,9
46.170261699434,7.482660277312,9
46.170255912310,7.495608230534,9
46.170248641308,7.508556180560,9
46.168672911260,8.039410410903,9
46.168603317382,8.052357570460,9
46.168532239625,8.065304695574,9
46.168459677991,8.078251785516,9
46.168385632479,8.091198839562,9
46.168310103089,8.104145856983,9
46.179265700648,7.443817260107,9
46.179264364934,7.456767354513,9
46.179261545094,7.469717447901,9
46.179257241128,7.482667539546,9
46.179251453035,7.495617628720,9
46.179244180816,7.508567714696,9
46.177668187063,8.039509519040,9
46.177598581538,8.052458814548,9
46.177527491886,8.065408075613,9
46.177454918108,8.078357301507,9
46.188259913795,7.456770345860,9
46.188257093483,7.469722575925,9
46.188252788797,7.482674804247,9
46.188246999735,7.495627030098,9
46.188239726299,7.508579252751,9
46.188230968489,7.521531471480,9
46.186663468841,8.039608660842,9
46.186593851669,8.052560093027,9
46.186522750123,8.065511490769,9
46.186450164201,8.078462853340,9
46.197248342208,7.482682071415,9
46.197242552178,7.495636434668,9
46.197235277525,7.508590794724,9
46.197226518250,7.521545150855,9
46.195658756362,8.039707836310,9
46.195589127543,8.052661405898,9
46.195518014101,8.065614941042,9
46.195445416036,8.078568441015,9
46.206238110129,7.495645842431,9
46.206230834260,7.508602340614,9
46.206222073519,7.521558834874,9
46.206211827907,7.534515324483,9
46.204722204985,8.026851304011,9
46.204654049391,8.039807045444,9
46.204584408925,8.052762753160,9
46.204513283589,8.065718426432,9
46.204440673380,8.078674064533,9
46.215233673356,7.495655253386,9
46.215226396270,7.508613890423,9
46.215217634064,7.521572523536,9
46.215207386738,7.534531151998,9
46.213717514689,8.026948407958,9
46.213649347696,8.039906288244,9
46.213579695584,8.052864134813,9
46.213508558352,8.065821946938,9
46.224229241626,7.495664667533,9
46.224221963322,7.508625444149,9
46.224213199651,7.521586216841,9
46.224202950612,7.534546984883,9
46.224191216205,7.547507747547,9
46.222712829434,8.027045544844,9
46.222644651043,8.040005564710,9
46.222574987284,8.052965550858,9
46.222503838157,8.065925502562,9
46.233217535184,7.508637001794,9
46.233208770047,7.521599914791,9
46.233198519295,7.534562823136,9
46.233186782926,7.547525726105,9
46.231774853162,8.014180521511,9
46.231708148989,8.027142714671,9
46.231639959199,8.040104874841,9
46.231570283793,8.053067001294,9
46.242213111621,7.508648563357,9
46.242204345019,7.521613617383,9
46.242194092553,7.534578666759,9
46.242182354222,7.547543710758,9
46.240770188443,8.014275583248,9
46.240703473119,8.027239917438,9
46.240635271931,8.040204218638,9
46.240565584878,8.053168486121,9
46.251199924333,7.521627324620,9
46.251189670153,7.534594515751,9
46.251177929861,7.547561701506,9
46.251164703455,7.560528881156,9
46.251149990936,7.573496053976,9
46.249830768426,8.001404168989,9
46.249765528065,8.014370677199,9
46.249698801592,8.027337153146,9
46.249630589005,8.040303596101,9
46.249560890305,8.053270005340,9
46.260195507756,7.521641036499,9
46.260185251863,7.534610370112,9
46.260173509608,7.547579698348,9
46.260160280992,7.560549020479,9
46.260145566015,7.573518335780,9
46.260129364676,7.586487643524,9
46.258826123059,8.001497152674,9
46.258760871797,8.014465803365,9
46.258694134173,8.027434421793,9
46.258625910188,8.040403007230,9
46.269191095054,7.521654753023,9
46.269180837447,7.534626229842,9
46.269169093231,7.547597701285,9
46.269155862405,7.560569166623,9
46.269141144969,7.573540625131,9
46.269124940924,7.586512076081,9
46.269107250269,7.599483518748,9
46.267885257123,7.988619342412,9
46.267821481568,8.001590167848,9
46.267756219404,8.014560961746,9
46.267689470630,8.027531723381,9
46.267621235246,8.040502452024,9
46.278164680496,7.547615710316,9
46.278151447460,7.560589319587,9
46.278136727566,7.573562922027,9
46.278120520814,7.586536516910,9
46.278102827204,7.599510103509,9
46.278083646735,7.612483681097,9
46.276880629928,7.988710245143,9
46.276816843719,8.001683214511,9
46.276751570653,8.014656152342,9
46.276684810729,8.027629057909,9
46.287147035924,7.560609479371,9
46.287132313571,7.573585226469,9
46.287116104112,7.586560966010,9
46.287098407547,7.599536697266,9
46.287079223875,7.612512419512,9
46.287058553097,7.625488132021,9
46.287036395213,7.638463834066,9
46.287012750222,7.651439524919,9
46.285938315896,7.975826033801,9
46.285876006141,7.988801178638,9
46.285812209279,8.001776292664,9
46.285746925311,8.014751375152,9
46.285680154237,8.027726425377,9
46.296127902752,7.573607538457,9
46.296111690587,7.586585423381,9
46.296093991066,7.599563300021,9
46.296074804191,7.612541167650,9
46.296054129961,7.625519025543,9
46.296031968376,7.638496872971,9
46.296008319437,7.651474709208,9
46.295983183143,7.664452533528,9
46.295956559495,7.677430345204,9
46.294933705691,7.975914852676,9
46.294871385530,7.988892142896,9
46.294807578015,8.001869402305,9
46.294742283145,8.014846630177,9
46.305089577527,7.599589911773,9
46.305070387449,7.612569925511,9
46.305049709767,7.625549929512,9
46.305027544482,7.638529923049,9
46.305003891594,7.651509905396,9
46.304978751104,7.664489875825,9
46.304952123010,7.677469833610,9
46.304924007313,7.690449778024,9
46.304894404014,7.703429708341,9
46.303989941390,7.963024235175,9
46.303929098427,7.976003701588,9
46.303866767861,7.988983137917,9
46.303802949693,8.001962543436,9
46.303737643921,8.014941917417,9
46.314045292282,7.625580843930,9
46.314023123297,7.638562984301,9
46.313999466461,7.651545113482,9
46.313974321773,7.664527230746,9
46.313947689234,7.677509335365,9
46.313919568844,7.690491426614,9
46.313889960602,7.703473503766,9
46.313858864510,7.716455566094,9
46.313826280565,7.729437612871,9
46.313792208770,7.742419643370,9
46.313044712260,7.950129324686,9
46.312985346992,7.963110967291,9
46.312924493872,7.976092580539,9
46.312862152901,7.989074163703,9
46.312798324079,8.002055716055,9
46.322995043802,7.651580333468,9
46.322969894918,7.664564598292,9
46.322943257934,7.677548850472,9
46.322915132850,7.690533089281,9
46.322885519667,7.703517313992,9
46.322854418384,7.716501523880,9
46.322821829001,7.729485718217,9
46.322787751519,7.742469896277,9
46.322752185937,7.755454057332,9
46.322715132255,7.768438200657,9
46.322676590474,7.781422325525,9
46.322636560593,7.794406431209,9
46.322154416301,7.924246273059,9
46.322098017323,7.937230119759,9
46.322040130246,7.950213938555,9
46.321980755069,7.963197728720,9
46.321919891793,7.976181489528,9
46.321857540417,7.989165220251,9
46.321793700941,8.002148920164,9
46.331910699099,7.690574766022,9
46.331881080973,7.703561139020,9
46.331849974500,7.716547497193,9
46.331817379679,7.729533839816,9
46.331783296510,7.742520166161,9
46.331747724993,7.755506475503,9
46.331710665127,7.768492767113,9
46.331672116914,7.781479040267,9
46.331632080353,7.794465294236,9
46.331590555444,7.807451528295,9
46.331547542187,7.820437741716,9
46.331503040581,7.833423933774,9
46.331457050628,7.846410103740,9
46.331409572327,7.859396250890,9
46.331204775642,7.911340596781,9
46.331149855601,7.924326618943,9
46.331093447212,7.937312613929,9
46.331035550475,7.950298581010,9
46.330976165389,7.963284519461,9
46.330915291956,7.976270428554,9
46.330852930175,7.989256307564,9
46.340845532626,7.716593486033,9
46.340812932366,7.729581977667,9
46.340778843510,7.742570453024,9
46.340743266057,7.755558911377,9
46.340706200009,7.768547351998,9
46.340667645364,7.781535774163,9
46.340627602122,7.794524177144,9
46.340586070285,7.807512560214,9
46.340543049851,7.820500922646,9
46.340498540820,7.833489263715,9
46.340452543193,7.846477582693,9
46.340405056970,7.859465878853,9
46.340356082151,7.872454151470,9
46.340305618735,7.885442399816,9
46.340253666723,7.898430623164,9
46.340200226115,7.911418820789,9
46.340145296910,7.924406991963,9
46.340088879109,7.937395135960,9
46.339910694128,7.976359397619,9
46.349774392285,7.742620756865,9
46.349738808898,7.755611364954,9
46.349701736666,7.768601955313,9
46.349663175589,7.781592527214,9
46.349623125667,7.794583079931,9
46.349581586901,7.807573612738,9
46.349538559290,7.820564124907,9
46.349494042835,7.833554615713,9
46.349448037534,7.846545084428,9
46.349400543389,7.859535530325,9
46.349351560400,7.872525952678,9
46.349301088566,7.885516350761,9
46.349249127887,7.898506723846,9
46.349195678363,7.911497071208,9
46.349084312782,7.937477685852,9
46.358577105060,7.807634685868,9
46.358489546391,7.833619989768,9
46.358347040191,7.872597778120,9
46.358296559938,7.885590326665,9
46.358244590593,7.898582850213,9
46.367292032620,7.885664327529,9
