45.945332190402,7.330321009249,9
45.945343863993,7.343215782348,9
45.945354059913,7.356110560823,9
45.954041226831,7.162644457757,9
45.954101525885,7.188437982338,9
45.954129458536,7.201334766139,9
45.954155913268,7.214231563309,9
45.954180890082,7.227128373124,9
45.954204388978,7.240025194856,9
45.954266018159,7.278715724289,9
45.954283605383,7.291612586424,9
45.954299714689,7.304509456843,9
45.954314346077,7.317406334819,9
45.954327499548,7.330303219626,9
45.954339175100,7.343200110536,9
45.954349372734,7.356097006824,9
45.954358092450,7.368993907763,9
45.954365334248,7.381890812626,9
45.954371098129,7.394787720686,9
45.962859858806,7.098105001757,9
45.962898143314,7.111003790153,9
45.962934949656,7.123902597007,9
45.962970277831,7.136801421592,9
45.963004127840,7.149700263180,9
45.963036499683,7.162599121046,9
45.963067393359,7.175497994463,9
45.963096808869,7.188396882703,9
45.963124746213,7.201295785041,9
45.963151205390,7.214194700750,9
45.963176186401,7.227093629103,9
45.963199689246,7.239992569373,9
45.963221713924,7.252891520833,9
45.963242260436,7.265790482758,9
45.963261328782,7.278689454420,9
45.963278918962,7.291588435092,9
45.963295030975,7.304487424049,9
45.963309664821,7.317386420563,9
45.963322820502,7.330285423907,9
45.963334498016,7.343184433356,9
45.963344697363,7.356083448182,9
45.963353418545,7.368982467659,9
45.963360661560,7.381881491059,9
45.963366426408,7.394780517657,9
45.963370713091,7.407679546726,9
45.971815344203,7.085148164726,9
45.971855113558,7.098049053202,9
45.971893404498,7.110949960862,9
45.971930217023,7.123850886979,9
45.971965551133,7.136751830827,9
45.971999406829,7.149652791679,9
45.972031784110,7.162553768809,9
45.972062682977,7.175454761489,9
45.972092103429,7.188355768993,9
45.972120045466,7.201256790594,9
45.972146509089,7.214157825566,9
45.972171494296,7.227058873182,9
45.972195001090,7.239959932715,9
45.972217029468,7.252861003440,9
45.972237579432,7.265762084628,9
45.972256650981,7.278663175553,9
45.972274244116,7.291564275489,9
45.972290358836,7.304465383709,9
45.972304995141,7.317366499486,9
45.972318153031,7.330267622094,9
45.972329832507,7.343168750806,9
45.972340033568,7.356069884896,9
45.972348756215,7.368971023636,9
45.972356000447,7.381872166300,9
45.972361766264,7.394773312161,9
45.980769348919,7.072187088473,9
45.980810603617,7.085090077027,9
45.980850379652,7.097993085492,9
45.980888677023,7.110896113141,9
45.980925495732,7.123799159247,9
45.980960835778,7.136702223085,9
45.980994697160,7.149605303926,9
45.981027079880,7.162508401044,9
45.981087409331,7.188314641206,9
45.981115356061,7.201217782796,9
45.981141824129,7.214120937757,9
45.981166813534,7.227024105362,9
45.981190324275,7.239927284885,9
45.981212356354,7.252830475598,9
45.981232909770,7.265733676775,9
45.981251984522,7.278636887689,9
45.981344105227,7.368959575695,9
45.981351350676,7.381862838348,9
45.981357117462,7.394766104199,9
45.981361405584,7.407669372520,9
45.981356082398,7.485088993637,9
45.989764612513,7.072126860179,9
45.989805874140,7.085031969448,9
45.989845656854,7.097937098628,9
45.989989998601,7.149557799920,9
45.990162143880,7.226989325644,9
45.990185658570,7.239894625881,9
45.990346712014,7.381853507204,9
45.990352479768,7.394758893769,9
45.990356768611,7.407664282805,9
45.990359578543,7.420569673584,9
45.990360909563,7.433475065381,9
45.990360761672,7.446380457469,9
45.990356029156,7.472191239610,9
45.990351444530,7.485096628209,9
45.990345380994,7.498002014193,9
45.990337838546,7.510907396834,9
45.990328817187,7.523812775405,9
45.998717139269,7.059159401208,9
45.998759886983,7.072066611280,9
45.998801155538,7.084973841989,9
45.998840944933,7.097881092609,9
45.999347852951,7.394751680873,9
45.999352142514,7.407659191349,9
45.999354952917,7.420566703568,9
45.999356284161,7.433474216805,9
45.999356136245,7.446381730333,9
45.999354509169,7.459289243425,9
45.999351402934,7.472196755354,9
45.999346817539,7.485104265394,9
45.999340752984,7.498011772817,9
45.999333209270,7.510919276898,9
46.007622469197,7.033278409882,9
46.007668182905,7.046187698664,9
46.007712417204,7.059097009538,9
46.007755172095,7.072006341775,9
46.008349894111,7.459292638890,9
46.008346787354,7.472202272985,9
46.008336135617,7.498021534779,9
46.008328590636,7.510931161026,9
46.008319566247,7.523840783203,9
46.016570541406,7.020300362241,9
46.016617742443,7.033211751097,9
46.016663463823,7.046123162771,9
46.016707705548,7.059034596536,9
46.016750467616,7.071946051664,9
46.017331528658,7.498031300079,9
46.017323982411,7.510943049217,9
46.017314956507,7.523854794285,9
46.017304450947,7.536766534558,9
46.017292465731,7.549678269308,9
46.017279000858,7.562589997809,9
46.017264056329,7.575501719333,9
46.025517128041,7.007318068128,9
46.025565816905,7.020231557057,9
46.025613025864,7.033145069530,9
46.025658754918,7.046058604821,9
46.025703004067,7.058972162203,9
46.026319384361,7.510954941471,9
46.026310356942,7.523868810156,9
46.026299849619,7.536782674046,9
46.026287862392,7.549696532412,9
46.026274395259,7.562610384530,9
46.026259448222,7.575524229671,9
46.026243021280,7.588438067110,9
46.034302815647,6.955584911980,9
46.034357433293,6.968500423809,9
46.034410570786,6.981415962089,9
46.034462228126,6.994331526093,9
46.034512405312,7.007247115094,9
46.034561102346,7.020162728366,9
46.034608319227,7.033078365181,9
46.035305767320,7.523882830816,9
46.035295258234,7.536798819047,9
46.035269799602,7.562630778216,9
46.035238420359,7.588462709481,9
46.043241960253,6.942587824722,9
46.043298067463,6.955505434441,9
46.043352694273,6.968423071338,9
46.043405840680,6.981340734686,9
46.043457506687,6.994258423757,9
46.043507692292,7.007176137826,9
46.043556397496,7.020093876166,9
46.044301187407,7.523896856264,9
46.044233829146,7.588487360268,9
46.044215916290,7.601405438688,9
46.052179614861,6.929586486644,9
46.052237212133,6.942506194253,9
46.052293328755,6.955425929766,9
46.052347964728,6.968345692457,9
46.052401120051,6.981265481598,9
46.053229247409,7.588512019472,9
46.053211331548,7.601432223685,9
46.061174866322,6.929502701796,9
46.061232473254,6.942424535924,9
46.061288599289,6.955346397956,9
46.061343244425,6.968268287165,9
46.061396408663,6.981190202825,9
46.062224674914,7.588536687093,9
46.062206756049,7.601459017825,9
46.062187356285,7.614381339401,9
46.062166475623,7.627303651094,9
46.070170126793,6.929418888360,9
46.070227743385,6.942342849733,9
46.070283878831,6.955266839009,9
46.071220111429,7.588561363130,9
46.071202189558,7.601485821106,9
46.071182786541,7.614410269927,9
46.071161902378,7.627334708865,9
46.071139537068,7.640259137193,9
46.071115690612,7.653183554186,9
46.079223022292,6.942261135681,9
46.079279167149,6.955187252927,9
46.080197631843,7.601512633530,9
46.080178225573,7.614439210320,9
46.080157337908,7.627365777228,9
46.080134968848,7.640292333527,9
46.080111118394,7.653218878490,9
46.088218309740,6.942179393767,9
46.088274464010,6.955107639709,9
46.089152781980,7.627396856185,9
46.089130409171,7.640325541179,9
46.089106554719,7.653254214838,9
46.089081218623,7.666182876433,9
46.089054400885,7.679111525240,9
46.097213605498,6.942097623992,9
46.097269769179,6.955027999356,9
46.098148234362,7.627427945735,9
46.098125857802,7.640358760150,9
46.098101999352,7.653289563230,9
46.098076659010,7.666220354247,9
46.098049836777,7.679151132475,9
46.098021532653,7.692081897186,9
46.106151254098,6.929083348749,9
46.106208909331,6.942015826356,9
46.106265082424,6.954948331866,9
46.107121314509,7.640391990440,9
46.107097452061,7.653324923667,9
46.107072107473,7.666257844830,9
46.107045280745,7.679190753205,9
46.107016971877,7.692123648063,9
46.115146556113,6.928999392379,9
46.115204221006,6.941934000858,9
46.115260403511,6.954868637241,9
46.116067563777,7.666295348183,9
46.116040732554,7.679230387430,9
46.116012418944,7.692165413161,9
46.124199540290,6.941852147499,9
46.124255732207,6.954788915480,9
46.124310441488,6.967725710638,9
46.125036191973,7.679270035151,9
46.125007873619,7.692207192479,9
46.133137182736,6.928831393879,9
46.133194866950,6.941770266279,9
46.134031658767,7.679309696367,9
46.134003335670,7.692248986019,9
46.133973529688,7.705188261428,9
46.142132506878,6.928747351748,9
46.142190200752,6.941688357197,9
46.142246411492,6.954629390550,9
46.143027132704,7.679349371078,9
46.142998804863,7.692290793779,9
46.142968993890,7.705232202238,9
46.142937699784,7.718173595727,9
46.151068651013,6.915720170438,9
46.151127837929,6.928663281031,9
46.151185541462,6.941606420254,9
46.151241761615,6.954549587382,9
46.151296498386,6.967492781687,9
46.152022613549,7.679389059285,9
46.151994280965,7.692332615761,9
46.151964465001,7.705276157994,9
46.151933165654,7.718219685257,9
46.151900382927,7.731163196825,9
46.160123175655,6.928579181726,9
46.160180888849,6.941524455450,9
46.160237118413,6.954469757078,9
46.160989763743,7.692374451963,9
46.160959942787,7.705320128696,9
46.160928638201,7.718265790460,9
46.169118519823,6.928495053835,9
46.169176242677,6.941442462785,9
46.169985252963,7.692416302386,9
46.169955427015,7.705364114345,9
46.169924117189,7.718311911334,9
46.169891323486,7.731259692627,9
46.178054653560,6.915461381087,9
46.178113870200,6.928410897357,9
46.178171602715,6.941360442258,9
46.178227851103,6.954310015062,9
46.178950917453,7.705408114940,9
46.178919602387,7.718358047880,9
46.178886803195,7.731307965125,9
46.186989289080,6.902423435756,9
46.187050000004,6.915375059345,9
46.187109226553,6.928326712292,9
46.187166968728,6.941278393869,9
46.187223226528,6.954230103351,9
46.187946413865,7.705452130481,9
46.187915093560,7.718404200099,9
46.187882288880,7.731356254020,9
46.195984631110,6.902334947299,9
46.196045352191,6.915288708291,9
46.196104588648,6.928242498640,9
46.196162340483,6.941196317620,9
46.196941916020,7.705496160969,9
46.196910590475,7.718450367989,9
46.196877780307,7.731404559313,9
46.196843485516,7.744358734214,9
46.204979978649,6.902246428805,9
46.205040709886,6.915202327924,9
46.205099956252,6.928158256401,9
46.205157717747,6.941114213509,9
46.205937423684,7.705540206404,9
46.205906092899,7.718496551552,9
46.205873277243,7.731452881003,9
46.205838976715,7.744409194032,9
46.213975331463,6.902157880272,9
46.214036072857,6.915115918245,9
46.214095329132,6.928073985576,9
46.214153100287,6.941032081537,9
46.214901600599,7.718542750786,9
46.214868779454,7.731501219091,9
46.214834473190,7.744459670973,9
46.222908452400,6.889109154233,9
46.222970689319,6.902069301702,9
46.223031440870,6.915029479254,9
46.223090707054,6.927989686163,9
46.223897113341,7.718588965692,9
46.223864286708,7.731549573576,9
46.223829974707,7.744510165038,9
46.223794177338,7.757470739350,9
46.231903804660,6.889018405320,9
46.231966051985,6.901980693093,9
46.232026813693,6.914943010950,9
46.232086089784,6.927905358163,9
46.232143880260,6.940867734008,9
46.232923977396,7.705672432386,9
46.232892630892,7.718635196271,9
46.232859798771,7.731597944459,9
46.232825481033,7.744560676225,9
46.240899161496,6.888927625644,9
46.240961419225,6.901892054446,9
46.241022191090,6.914856513333,9
46.241081477090,6.927821001577,9
46.241139277226,6.940785518452,9
46.241919504762,7.705716537606,9
46.241888153018,7.718681442521,9
46.241855315409,7.731646331740,9
46.241820991935,7.744611204536,9
46.250017572830,6.914769986404,9
46.250076868739,6.927736616404,9
46.250134678535,6.940703275034,9
46.250191002217,6.953669961569,9
46.250915036471,7.705760657773,9
46.250883679487,7.718727704444,9
46.250850836389,7.731694735418,9
46.250816507179,7.744661749970,9
46.259012958679,6.914683430163,9
46.259072264496,6.927652202644,9
46.259130083952,6.940621003755,9
46.259186417047,6.953589832771,9
46.259910572288,7.705804792886,9
46.259879210064,7.718773982038,9
46.259846361479,7.731743155494,9
46.259812026532,7.744712312526,9
46.268008348403,6.914596844609,9
46.268067664129,6.927567760297,9
46.268125493245,6.940538704615,9
46.268181835751,6.953509676837,9
46.268874744517,7.718820275304,9
46.268841890443,7.731791591967,9
46.268807549760,7.744762892206,9
46.268771722467,7.757734175297,9
46.277003741770,6.914510229743,9
46.277063067404,6.927483289363,9
46.277120906180,6.940456377613,9
46.277177258099,6.953429493768,9
46.277870282612,7.718866584243,9
46.277837423051,7.731840044837,9
46.277803076631,7.744813489009,9
46.277767243353,7.757786916032,9
46.285999138545,6.914423585564,9
46.286058474088,6.927398789842,9
46.286116322524,6.940374022750,9
46.286172683855,6.953349283563,9
46.286832959067,7.731888514106,9
46.286798606910,7.744864102936,9
46.286762767648,7.757839674616,9
46.294994538496,6.914336912073,9
46.295053883948,6.927314261734,9
46.295111742044,6.940291640026,9
46.295168112786,6.953269046222,9
46.295794140365,7.744914733985,9
46.295758295118,7.757892451049,9
46.295720962516,7.770870150237,9
46.304049296749,6.927229705040,9
46.304107164506,6.940209229441,9
46.304163544660,6.953188781746,9
46.304218437210,6.966168361228,9
46.304753825530,7.757945245330,9
46.304716486695,7.770925090627,9
46.304677660257,7.783904917322,9
46.304637346215,7.796884724687,9
46.313044712260,6.927145119758,9
46.313102589677,6.940126790994,9
46.313158979242,6.953108490133,9
46.313213880957,6.966090216450,9
46.313749358651,7.757998057460,9
46.313712013583,7.770980049592,9
46.313673180663,7.783962023121,9
46.313632859892,7.796943977321,9
46.322040130246,6.927060505890,9
46.322098017323,6.940044324685,9
46.322154416301,6.953028171385,9
46.322209327178,6.966012045262,9
46.322262749956,6.978995945590,9
46.322780757450,7.745066729871,9
46.322744894248,7.758050887439,9
46.322707542947,7.771035027131,9
46.331035550475,6.926975863434,9
46.331093447212,6.939961830516,9
46.331149855601,6.952947825501,9
46.331204775642,6.965933847664,9
46.331258207335,6.978919896277,9
46.331810682113,7.732131106410,9
46.331776301274,7.745117429413,9
46.331740432087,7.758103735267,9
46.331703074553,7.771090023244,9
46.331664228670,7.784076292619,9
46.340088879109,6.939879308485,9
46.340145296910,6.952867452481,9
46.340200226115,6.965855623655,9
46.340253666723,6.978843821280,9
46.340839131661,7.719191185628,9
46.340806233682,7.732179674064,9
46.340771847107,7.745168146078,9
46.340735971935,7.758156600943,9
46.340698608167,7.771145037931,9
46.349140739995,6.952787052326,9
46.349195678363,6.965777373237,9
46.349249127887,6.978767720598,9
46.349301088566,6.991758093683,9
46.349866105117,7.706246966073,9
46.349834690494,7.719237619942,9
46.349801787027,7.732228258115,9
46.349767394715,7.745218879866,9
46.349731513559,7.758209484467,9
46.358136184622,6.952706625035,9
46.358191132154,6.965699096408,9
46.358244590593,6.978691594231,9
46.358920043177,7.680305612752,9
46.358891601501,7.693298446296,9
46.358861670732,7.706291265597,9
46.358830250870,7.719284069928,9
46.367131630558,6.952626170608,9
46.367186587253,6.965620793169,9
46.367240054607,6.978615442180,9
46.367942576914,7.667350626599,9
46.367915619836,7.680345624847,9
46.367887173417,7.693340609578,9
46.367857237656,7.706335580067,9
46.376127077570,6.952545689045,9
46.376182043428,6.965542463519,9
46.376235519697,6.978539264444,9
46.376287506377,6.991536091093,9
46.376338003467,7.004532942740,9
46.376938159143,7.667388500276,9
46.376911197570,7.680385650437,9
46.376882746408,7.693382787082,9
46.376852805655,7.706379909484,9
46.385122525423,6.952465180346,9
46.385177500446,6.965464107460,9
46.385230985630,6.978463061024,9
46.385282980976,6.991462040312,9
46.385333486484,7.004461044597,9
46.385382502154,7.017460073153,9
46.385959218444,7.654427071133,9
46.385933742214,7.667426386722,9
46.385906776147,7.680425689522,9
46.394226452171,6.978386831918,9
46.394278456184,6.991387964571,9
46.394328970111,7.004389122221,9
46.394377993951,7.017390304142,9
46.394425527705,7.030391509606,9
46.394471571373,7.043392737888,9
46.395022307282,7.615458340653,9
46.395001297065,7.628459843615,9
46.394978796761,7.641461335968,9
46.394954806371,7.654462816984,9
46.394929325895,7.667464285938,9
46.394902355332,7.680465742103,9
46.403221919088,6.978310577128,9
46.403273931768,6.991313863871,9
46.403324454113,7.004317175611,9
46.403373486124,7.017320511622,9
46.403421027799,7.030323871177,9
46.403467079141,7.043327253549,9
46.403511640147,7.056330658011,9
46.403554710819,7.069334083838,9
46.404037430218,7.602483969344,9
46.404017906834,7.615487636279,9
46.403996893115,7.628491293331,9
46.403974389061,7.641494939773,9
46.403950394673,7.654498574880,9
46.403924909950,7.667502197924,9
46.403897934893,7.680505808179,9
46.403869469501,7.693509404918,9
46.412269407494,6.991239738212,9
46.412319938257,7.004245204768,9
46.412368978438,7.017250695594,9
46.412416528036,7.030256209965,9
46.412462587051,7.043261747152,9
46.412507155482,7.056267306431,9
46.412550233331,7.069272887073,9
46.412591820597,7.082278488353,9
46.412631917279,7.095284109543,9
46.412670523379,7.108289749918,9
46.413067614690,7.576499449779,9
46.413051069219,7.589505289115,9
46.413033033165,7.602511120021,9
46.413013506527,7.615516941772,9
46.412992489307,7.628522753639,9
46.412969981504,7.641528554898,9
46.421364470662,7.017180856059,9
46.421412028181,7.030188525970,9
46.421458094869,7.043196218699,9
46.421502670726,7.056203933519,9
46.421545755752,7.069211669702,9
46.421587349946,7.082219426523,9
46.421627453309,7.095227203255,9
46.421666065840,7.108234999171,9
46.422091847269,7.550506286381,9
46.422078280704,7.563514295937,9
46.422063223308,7.576522298516,9
46.422046675080,7.589530293393,9
46.422028636021,7.602538279841,9
46.422009106130,7.615546257132,9
46.421988085408,7.628554224541,9
46.430453602364,7.043130668189,9
46.430498185646,7.056140539276,9
46.430541277848,7.069150431726,9
46.430582878971,7.082160344814,9
46.430622989014,7.095170277812,9
46.430661607977,7.108180229994,9
46.430698735861,7.121190200634,9
46.430734372665,7.134200189005,9
46.431087460330,7.550524830275,9
46.431073891505,7.563534996098,9
46.431058831600,7.576545154944,9
46.431042280616,7.589555306088,9
46.431024238552,7.602565448802,9
46.431004705409,7.615575582360,9
46.439578407438,7.082101243224,9
46.439618524161,7.095113333214,9
46.439657149556,7.108125442389,9
46.439694283624,7.121137570021,9
46.439729926363,7.134149715384,9
46.440095152590,7.537531051345,9
46.440083072833,7.550543380409,9
46.440069501748,7.563555703224,9
46.440054439336,7.576568019063,9
46.440037885595,7.589580327199,9
46.440019840526,7.602592626906,9
46.448573935114,7.082042121754,9
46.448614058517,7.095056369462,9
46.448652690344,7.108070636355,9
46.448689830595,7.121084921705,9
46.448725479269,7.134099224785,9
46.448759636367,7.147113544870,9
46.449101356505,7.524532957697,9
46.449090766313,7.537547450001,9
46.449078684545,7.550561936783,9
46.449065111200,7.563576417316,9
46.449050046279,7.576590890872,9
46.457648230108,7.108015811891,9
46.457685376542,7.121032255685,9
46.457721031152,7.134048717209,9
46.457755193936,7.147065195737,9
46.457787864897,7.160081690542,9
46.457819044032,7.173098200898,9
46.457848731343,7.186114726078,9
46.458106071098,7.511530547879,9
46.458096970968,7.524547203423,9
46.458086379012,7.537563854171,9
46.458074295233,7.550580499397,9
46.458060719628,7.563597138373,9
46.458045652199,7.576613770373,9
46.466680921231,7.120979571961,9
46.466716581776,7.133998192654,9
46.466750750248,7.147016830351,9
46.466783426646,7.160035484326,9
46.466814610972,7.173054153851,9
46.466844303225,7.186072838200,9
46.466872503404,7.199091536646,9
46.467116457340,7.394373210888,9
46.467120784352,7.407392036065,9
46.467123619290,7.420410862986,9
46.467124962156,7.433429690925,9
46.467123171668,7.459467346947,9
46.467120038315,7.472486173577,9
46.467115412889,7.485504998318,9
46.467109295390,7.498523820443,9
46.467101685817,7.511542639226,9
46.467092584172,7.524561453939,9
46.467081990454,7.537580263856,9
46.467069904662,7.550599068250,9
46.467056326798,7.563617866395,9
46.475676464429,7.120926870534,9
46.475712130909,7.133947651122,9
46.475746305068,7.146968448713,9
46.475778986905,7.159989262582,9
46.475810176421,7.173010092002,9
46.475839873615,7.186030936245,9
46.475868078489,7.199051794586,9
46.476079838886,7.342281958934,9
46.476090135903,7.355302929763,9
46.476098940599,7.368323905242,9
46.476106252973,7.381344884646,9
46.476112073027,7.394365867247,9
46.476116400758,7.407386852318,9
46.476119236169,7.420407839134,9
46.476120579258,7.433428826967,9
46.476120430026,7.446449815091,9
46.476118788473,7.459470802778,9
46.476115654598,7.472491789303,9
46.476111028402,7.485512773939,9
46.476104909884,7.498533755958,9
46.476097299045,7.511554734635,9
46.476088195885,7.524575709243,9
46.476077600404,7.537596679054,9
46.484774545439,7.159943025312,9
46.484805740145,7.172966015351,9
46.484835442282,7.185989020215,9
46.484863651848,7.199012039176,9
46.484890368845,7.212035071508,9
46.484915593273,7.225058116484,9
46.484939325130,7.238081173377,9
46.485050372314,7.316219724306,9
46.485063656184,7.329242844273,9
46.485075447484,7.342265970345,9
46.485085746215,7.355289101794,9
46.485094552376,7.368312237894,9
46.485101865967,7.381335377917,9
46.485107686989,7.394358521138,9
46.485112015441,7.407381666830,9
46.485114851323,7.420404814266,9
46.485116194636,7.433427962719,9
46.485116045379,7.446451111463,9
46.485114403552,7.459474259770,9
46.485111269156,7.472497406915,9
46.485106642190,7.485520552171,9
46.485100522654,7.498543694811,9
46.485092910549,7.511566834108,9
46.485083805874,7.524589969336,9
46.485073208629,7.537613099767,9
46.493831008990,7.185947090109,9
46.493859223250,7.198972270416,9
46.493885944692,7.211997464093,9
46.493911173317,7.225022670415,9
46.493934909123,7.238047888653,9
46.493957152111,7.251073118083,9
46.493977902281,7.264098357976,9
46.493997159633,7.277123607607,9
46.494014924168,7.290148866248,9
46.494031195884,7.303174133174,9
46.494045974782,7.316199407656,9
46.494059260862,7.329224688970,9
46.494071054124,7.342249976387,9
46.494081354569,7.355275269182,9
46.494090162195,7.368300566627,9
46.494097477003,7.381325867996,9
46.494103298993,7.394351172563,9
46.494107628165,7.407376479601,9
46.494110464520,7.420401788382,9
46.494111808056,7.433427098181,9
46.494111658774,7.446452408270,9
46.494110016674,7.459477717923,9
46.494106881756,7.472503026414,9
46.494102254021,7.485528333016,9
46.494096133467,7.498553637001,9
46.494088520095,7.511578937644,9
46.494079413905,7.524604234217,9
46.502854792461,7.198932488305,9
46.502881518348,7.211959844054,9
46.502906751169,7.224987212447,9
46.502930490924,7.238014592757,9
46.502952737612,7.251041984257,9
46.502973491234,7.264069386222,9
46.502992751790,7.277096797924,9
46.503010519280,7.290124218636,9
46.503026793703,7.303151647633,9
46.503041575059,7.316179084187,9
46.503054863350,7.329206527571,9
46.503066658574,7.342233977060,9
46.503076960731,7.355261431926,9
46.503085769823,7.368288891443,9
46.503093085848,7.381316354883,9
46.503107269978,7.446453705513,9
46.503105627605,7.459481177237,9
46.503102492166,7.472508647799,9
46.511877089580,7.211922211390,9
46.511902326598,7.224951742579,9
46.511926070301,7.237981285686,9
46.511948320689,7.251010839984,9
46.511969077763,7.264040404745,9
46.511988341523,7.277069979244,9
46.512006111967,7.290099562753,9
46.512022389097,7.303129154546,9
46.512037172912,7.316158753897,9
46.512050463413,7.329188360078,9
46.512072564470,7.355247590027,9
46.512088692268,7.381306838577,9
46.520921647020,7.237947967442,9
46.520943901109,7.250979685262,9
46.520964661634,7.264011413546,9
46.520983928597,7.277043151567,9
46.521001701997,7.290074898598,9
46.521017981834,7.303106653914,9
