46.025894799712,7.756316922237,9
46.025857654105,7.769230575538,9
46.025819028593,7.782144210237,9
46.034890140358,7.756369181058,9
46.034852988518,7.769284958702,9
46.034814356524,7.782200717743,9
46.034774244378,7.795116457455,9
46.034177446688,7.950103561801,9
46.034118092553,7.963018984104,9
46.043885490712,7.756421457728,9
46.043848332639,7.769339360440,9
46.043809694164,7.782257244549,9
46.043769575288,7.795175109329,9
46.043727976011,7.808092954052,9
46.043684896332,7.821010777993,9
46.043640336252,7.833928580425,9
46.043230561163,7.937270138342,9
46.043172677470,7.950187714489,9
46.043113313377,7.963105261861,9
46.043052468882,7.976022779730,9
46.052880850543,7.756473752247,9
46.052723309418,7.808153751745,9
46.052680222513,7.821073701479,9
46.052635654958,7.833993629704,9
46.052282223882,7.924432463978,9
46.052225811130,7.937352193968,9
46.052167917728,7.950271895910,9
46.052108543677,7.963191569075,9
46.052047688975,7.976111212737,9
46.051921537624,8.001950408647,9
46.051856240973,8.014869959441,9
46.061911909257,7.743603891715,9
46.061876219615,7.756526064615,9
46.061718652068,7.808214570188,9
46.061675557936,7.821136646441,9
46.061630982906,7.834058701186,9
46.061584926978,7.846980733694,9
46.061488372429,7.872824729095,9
46.061437873807,7.885746690535,9
46.061385894287,7.898668626832,9
46.061332433869,7.911590537260,9
46.061277492554,7.924512421092,9
46.061221070340,7.937434277602,9
46.061163167228,7.950356106062,9
46.061042918310,7.976199675927,9
46.060980572505,7.989121415879,9
46.060916745801,8.002043124875,9
46.070941507803,7.730729777392,9
46.070907293323,7.743654094686,9
46.070871597696,7.756578394831,9
46.070670902368,7.821199612880,9
46.070626319864,7.834123794869,9
46.070580256213,7.847047954622,9
46.070532711415,7.859972091411,9
46.070433178382,7.885820293197,9
46.070381190145,7.898744356739,9
46.070327720763,7.911668394411,9
46.070272770234,7.924592405488,9
46.070216338559,7.937516389242,9
46.070038156655,7.976288169301,9
46.069975800394,7.989212036497,9
46.069911962987,8.002135872738,9
46.069846644434,8.015059677296,9
46.079969645204,7.717851407830,9
46.079936906381,7.730777869517,9
46.079621665596,7.834188910754,9
46.079575594222,7.847115198477,9
46.079528041453,7.860041463237,9
46.079479007290,7.872967704308,9
46.079428491732,7.885893920962,9
46.079211615553,7.937598528888,9
46.078907188949,8.002228652235,9
46.078841859444,8.015154584763,9
46.078775048544,8.028080484882,9
46.089152781980,7.627396856185,9
46.089130409171,7.640325541179,9
46.089106554719,7.653254214838,9
46.089081218623,7.666182876433,9
46.089054400885,7.679111525240,9
46.088965057812,7.717897387656,9
46.088932313502,7.730825978039,9
46.088898087549,7.743754551998,9
46.088617019872,7.834254048842,9
46.088570940774,7.847182465260,9
46.088523380034,7.860110858716,9
46.088474337651,7.873039228482,9
46.087966282266,7.989393370460,9
46.087902423453,8.002321463366,9
46.087837082996,8.015249524590,9
46.087770260897,8.028177553404,9
46.087701957155,8.041105549082,9
46.087632171769,8.054033510898,9
46.087560904741,8.066961438125,9
46.087488156070,8.079889330035,9
46.098222921685,7.575704589246,9
46.098206472691,7.588635441739,9
46.098188541806,7.601566285802,9
46.098169129029,7.614497120710,9
46.098148234362,7.627427945735,9
46.098125857802,7.640358760150,9
46.098101999352,7.653289563230,9
46.098076659010,7.666220354247,9
46.098049836777,7.679151132475,9
46.098021532653,7.692081897186,9
46.097991746637,7.705012647655,9
46.097927728931,7.730874102958,9
46.097893497241,7.743804806339,9
46.097518726923,7.860180277848,9
46.096832314858,8.015344496776,9
46.096765481558,8.028274655012,9
46.096697166368,8.041204780111,9
46.096627369286,8.054134871348,9
46.096556090313,8.067064927996,9
46.096483329449,8.079994949328,9
46.096409086693,8.092924934616,9
46.096333362046,8.105854883136,9
46.096256155507,8.118784794160,9
46.107218394658,7.575727168802,9
46.107201942907,7.588660151441,9
46.107184009017,7.601593125652,9
46.107164592988,7.614526090706,9
46.107143694818,7.627459045878,9
46.107121314509,7.640391990440,9
46.107097452061,7.653324923667,9
46.107072107473,7.666257844830,9
46.107045280745,7.679190753205,9
46.107016971877,7.692123648063,9
46.106987180870,7.705056528679,9
46.106955907723,7.717989394325,9
46.106923152436,7.730922244275,9
46.106465023065,7.873182349967,9
46.105827554794,8.015439501322,9
46.105760710295,8.028371789705,9
46.105692383657,8.041304044951,9
46.105622574879,8.054236266335,9
46.105551283961,8.067168453129,9
46.105478510903,8.080100604608,9
46.105404255706,8.093032720043,9
46.105328518369,8.105964798710,9
46.105251298892,8.118896839880,9
46.105172597276,8.131828842828,9
46.105092413520,8.144760806826,9
46.116242337322,7.549879506643,9
46.116228847592,7.562814634834,9
46.116213875473,7.575749756048,9
46.116197420966,7.588684869560,9
46.116179484071,7.601619974643,9
46.116160064788,7.614555070570,9
46.116139163118,7.627490156614,9
46.116116779059,7.640425232049,9
46.116092912612,7.653360296147,9
46.116067563777,7.666295348183,9
46.116040732554,7.679230387430,9
46.116012418944,7.692165413161,9
46.115982622945,7.705100424649,9
46.115951344558,7.718035421168,9
46.115918583783,7.730970401990,9
46.114822802574,8.015534538229,9
46.114755946875,8.028468957483,9
46.114687608788,8.041403343602,9
46.114617788313,8.054337695858,9
46.114546485450,8.067272013525,9
46.114473700200,8.080206295875,9
46.114399432561,8.093140542183,9
46.114323682534,8.106074751722,9
46.114246450119,8.119008923765,9
46.114167735316,8.131943057585,9
46.114087538126,8.144877152456,9
46.125260366587,7.524023300786,9
46.125249839869,7.536960572347,9
46.125237830514,7.549897838385,9
46.125224338524,7.562835098173,9
46.125209363897,7.575772350986,9
46.125192906633,7.588709596096,9
46.125174966734,7.601646832777,9
46.124946789002,7.718081463682,9
46.123818057962,8.015629607494,9
46.123468897105,8.080312023131,9
46.123394617025,8.093248401037,9
46.123318854308,8.106184742173,9
46.123241608955,8.119121045814,9
46.123162880966,8.132057311232,9
46.123082670340,8.144993537700,9
46.123000977078,8.157929724493,9
46.134255870929,7.524037374121,9
46.134245342448,7.536976778005,9
46.134233331082,7.549916176366,9
46.134219836831,7.562855568478,9
46.134204859696,7.575794953614,9
46.134188399676,7.588734331048,9
46.132236775167,8.119233206027,9
46.132158033991,8.132171603768,9
46.132077809930,8.145109962560,9
46.131996102985,8.158048281676,9
46.131912913155,8.170986560390,9
46.131828240441,8.183924797974,9
46.131742084842,8.196862993702,9
46.143260429524,7.511109910515,9
46.143251382413,7.524051452244,9
46.143240852169,7.536992989177,9
46.143228838792,7.549934520588,9
46.143215342281,7.562876045749,9
46.141072956663,8.145226427036,9
46.140991236034,8.158166879201,9
46.140908032273,8.171107290963,9
46.140823345379,8.184047661596,9
46.140737175352,8.196987990373,9
46.140649522191,8.209928276568,9
46.140560385898,8.222868519453,9
46.152263514677,7.498178180080,9
46.152255949433,7.511121859653,9
46.152246900806,7.524065535156,9
46.152236368799,7.537009205864,9
46.149903158300,8.171228062603,9
46.149818457226,8.184170567011,9
46.149732272770,8.197113029562,9
46.149644604933,8.210055449531,9
46.149555453715,8.222997826191,9
46.161259042528,7.498187998780,9
46.161251476016,7.511133812853,9
46.161242425875,7.524079622857,9
46.161231892105,7.537025428065,9
46.158813575748,8.184293514217,9
46.158727376864,8.197238111269,9
46.158639694351,8.210182665738,9
46.158550528208,8.223127176898,9
46.170260660720,7.485249868177,9
46.170254576820,7.498197820818,9
46.170247009042,7.511145770117,9
46.170237957386,7.524093715347,9
46.167808700713,8.184416503216,9
46.167722487401,8.197363235493,9
46.167634790211,8.210309925188,9
46.167545609143,8.223256571573,9
46.179260803031,7.472307466393,9
46.179256202239,7.485257557602,9
46.179250117321,7.498207646194,9
46.179242548277,7.511157731444,9
46.179233495106,7.524107812625,9
46.176803831886,8.184539534006,9
46.176717604146,8.197488402235,9
46.176629892280,8.210437227880,9
46.176540696287,8.223386010217,9
46.188259913795,7.420504098584,9
46.188261101295,7.446408561040,9
46.188259468483,7.459360791978,9
46.188256351296,7.472313021753,9
46.188251749734,7.485265249638,9
46.188245663798,7.498217474907,9
46.188238093487,7.511169696834,9
46.188229038802,7.524121914691,9
46.185798969035,8.184662606588,9
46.185712726867,8.197613611494,9
46.185625000324,8.210564573816,9
46.197252647614,7.407546738753,9
46.197255468398,7.420501106221,9
46.197256804559,7.433455474706,9
46.197256656096,7.446409843482,9
46.197255023011,7.459364211822,9
46.197251905303,7.472318578999,9
46.197247302972,7.485272944286,9
46.197241216017,7.498227306958,9
46.194794111926,8.184785720963,9
46.194707855330,8.197738863270,9
46.194620114111,8.210691962995,9
46.194530888268,8.223645019411,9
46.206243901128,7.394585103395,9
46.206248207254,7.407541607246,9
46.206251028510,7.420498112842,9
46.206252364894,7.433454619455,9
46.206252216407,7.446411126359,9
46.206250583049,7.459367632826,9
46.206247464819,7.472324138131,9
46.206242861718,7.485280641547,9
46.206236773745,7.498237142346,9
46.203789260326,8.184908877129,9
46.203702989302,8.197864157565,9
46.203615233406,8.210819395418,9
46.215226396270,7.368660554022,9
46.215233673356,7.381619191059,9
46.215239465323,7.394577831293,9
46.215243772170,7.407536473998,9
46.215246593898,7.420495118447,9
46.215247930505,7.433453763914,9
46.215247781993,7.446412409671,9
46.215246148362,7.459371054992,9
46.212869214335,8.172074613942,9
46.212784414002,8.185032075088,9
46.212698128550,8.197989494377,9
46.212610357977,8.210946871083,9
46.212521102285,8.223904204480,9
46.224213199651,7.355688227603,9
46.224221963322,7.368649000295,9
46.224229241626,7.381609776911,9
46.224235034561,7.394570556725,9
46.224239342128,7.407531339009,9
46.224242164327,7.420492123037,9
46.224243501158,7.433452908082,9
46.224243352622,7.446413693418,9
46.221864387233,8.172195714114,9
46.221779572720,8.185155314838,9
46.221693272839,8.198114873706,9
46.221605487590,8.211074389991,9
46.221516216974,8.224033862967,9
46.233208770047,7.355674529654,9
46.233217535184,7.368637442651,9
46.233224814704,7.381600359571,9
46.233230608608,7.394563279689,9
46.230774736247,8.185278596380,9
46.230688421938,8.198240295553,9
46.230600622013,8.211201952143,9
46.230511336471,8.224163565423,9
46.242204345019,7.355660827061,9
46.242213111621,7.368625881088,9
46.242220392357,7.381590939039,9
46.239769904349,8.185401919715,9
46.239683575612,8.198365759917,9
46.239595761010,8.211329557537,9
46.239506460544,8.224293311848,9
46.239415674213,8.237257022123,9
46.239323402017,8.250220687635,9
46.251189670153,7.342679928693,9
46.251199924333,7.355647119825,9
46.251208692400,7.368614315607,9
46.251215974353,7.381581515314,9
46.248590904350,8.211457206175,9
46.248501588959,8.224423102242,9
46.248410787455,8.237388954272,9
46.248318499837,8.250354761540,9
46.260195507756,7.355633407945,9
46.260204277288,7.368602746209,9
46.260211560458,7.381572088396,9
46.257496721483,8.224552936604,9
46.257405904805,8.237520931115,9
46.257313601767,8.250488880864,9
46.257219812366,8.263456785124,9
46.269191095054,7.355619691422,9
46.269199866051,7.368591172892,9
46.269207150439,7.381562658286,9
46.266491857882,8.224682814934,9
46.266401026032,8.237652952653,9
46.266308707571,8.250623045608,9
46.266214902501,8.263593093075,9
46.278186685995,7.355605970255,9
46.278195458457,7.368579595658,9
46.278202744061,7.381553224984,9
46.275486997924,8.224812737234,9
46.275396150900,8.237785018884,9
46.275303817019,8.250757255773,9
46.275209996279,8.263729447171,9
46.287182280344,7.355592244444,9
46.287191054272,7.368568014505,9
46.287198341093,7.381543788490,9
46.284482141375,8.224942703502,9
46.284391279178,8.237917129810,9
46.284298929875,8.250891511356,9
46.284205093465,8.263865847413,9
46.296186653262,7.368556429434,9
46.296193941300,7.381534348802,9
46.293566678016,8.212096098011,9
46.293477288001,8.225072713739,9
46.293386410631,8.238049285431,9
46.293294045906,8.251025812360,9
46.305182255194,7.368544840446,9
46.305189544449,7.381524905923,9
46.305195346101,7.394504974597,9
46.302561842510,8.212224006107,9
46.302472437569,8.225202767944,9
46.302381545026,8.238181485745,9
46.302289164880,8.251160158783,9
46.314185150307,7.381515459851,9
46.314190952927,7.394497675360,9
46.311557009712,8.212351957446,9
46.311467589847,8.225332866118,9
46.311376682130,8.238313730754,9
46.311284286562,8.251294550627,9
46.323186562229,7.394490373655,9
46.323190877718,7.407474739195,9
46.320462744600,8.225463008261,9
46.320371821710,8.238446020456,9
46.320279410721,8.251428987890,9
46.332182173774,7.394483069484,9
46.332186489983,7.407469583309,9
46.329457901595,8.225593194372,9
46.329366963532,8.238578354854,9
46.329274537121,8.251563470572,9
46.341177787327,7.394475762846,9
46.341182104256,7.407464425682,9
46.341184932590,7.420453090263,9
46.338453060599,8.225723424452,9
46.338362107363,8.238710733945,9
46.338269665530,8.251697998675,9
46.350177720305,7.407459266314,9
46.350180549110,7.420450080632,9
46.350181889071,7.433440895966,9
46.347537700943,8.212864195236,9
46.347448221378,8.225853698501,9
46.347357252969,8.238843157730,9
46.347264795715,8.251832572197,9
46.347170849617,8.264821941174,9
46.359169019527,7.394461142169,9
46.359173337897,7.407454105205,9
46.359176167173,7.420447069984,9
46.359177507357,7.433440035781,9
46.356443383700,8.225984016518,9
46.356352400118,8.238975626210,9
46.356259927442,8.251967191139,9
46.368168956797,7.407448942354,9
46.368171786545,7.420444058321,9
46.368173126953,7.433439175306,9
46.368172978018,7.446434292582,9
46.368171339743,7.459429409421,9
46.365438547330,8.226114378504,9
46.365347548575,8.239108139384,9
46.365255060478,8.252101855501,9
46.365161083040,8.265095526129,9
46.377164576773,7.407443777761,9
46.377167406993,7.420441045642,9
46.377168747624,7.433438314541,9
46.377168598665,7.446435583730,9
46.377166960116,7.459432852483,9
46.374433712037,8.226244784459,9
46.374342698108,8.239240697252,9
46.374250194590,8.252236565283,9
46.374156201482,8.265232387824,9
46.386163028283,7.420438031948,9
46.386164369137,7.433437453485,9
46.386164220153,7.446436875313,9
46.386162581331,7.459436296705,9
46.386159452671,7.472435716935,9
46.383337848483,8.239373299815,9
46.383245329543,8.252371320484,9
46.383151320766,8.265369295664,9
46.395159991259,7.433436592139,9
46.395159842250,7.446438167332,9
46.395158203155,7.459439742089,9
46.395155073974,7.472441315683,9
46.392424043742,8.226505728275,9
46.392332999467,8.239505947071,9
46.392240465106,8.252506121105,9
46.392146440658,8.265506249650,9
46.392050926124,8.278506331978,9
46.404155613757,7.433435730503,9
46.404155464723,7.446439459786,9
46.404153825355,7.459443188633,9
46.404150695652,7.472446916317,9
46.404146075615,7.485450642112,9
46.401419210275,8.226636266135,9
46.401328150827,8.239638639022,9
46.401235601044,8.252640967146,9
46.413151236397,7.433434868577,9
46.413151087338,7.446440752675,9
46.413149447697,7.459446636338,9
46.413146317473,7.472452518838,9
46.413141696665,7.485458399448,9
46.413135585275,7.498464277442,9
46.410503960989,8.213762276226,9
46.410414376950,8.226766847965,9
46.410323302329,8.239771375667,9
46.422146709862,7.446442046000,9
46.422145069948,7.459450085204,9
46.422141939202,7.472458123245,9
46.422137317625,7.485466159396,9
46.422131205216,7.498474192932,9
46.419587250629,8.200883975894,9
46.419499142497,8.213890746483,9
46.419409543534,8.226897473763,9
46.419318453740,8.239904157006,9
46.431140691874,7.459453535231,9
46.431137560607,7.472463729538,9
46.431132938260,7.485473921957,9
46.431126824833,7.498484111759,9
46.431119220327,7.511494298219,9
46.428582446490,8.201010333127,9
46.428494323682,8.214019259983,9
46.428404709794,8.227028143530,9
46.428313604826,8.240036983040,9
46.440133181454,7.472469337718,9
46.440128558337,7.485481687129,9
46.440122443892,7.498494033924,9
46.440114838120,7.511506377376,9
46.437489504308,8.214147816726,9
46.437399875496,8.227158857265,9
46.437308755355,8.240169853768,9
46.449128801510,7.472474947785,9
46.449124177623,7.485489454914,9
46.449118062160,7.498503959426,9
46.449110455121,7.511518460596,9
46.449101356505,7.524532957697,9
46.446828343331,8.162223197859,9
46.446744665899,8.175236564993,9
46.446659496890,8.188249890998,9
46.446572836305,8.201263175147,9
46.446484684144,8.214276416712,9
46.446395040406,8.227289614969,9
46.458124420541,7.472480559738,9
46.458119795885,7.485497225310,9
46.458113679404,7.498513888266,9
46.458106071098,7.511530547879,9
46.458096970968,7.524547203423,9
46.458086379012,7.537563854171,9
46.455905778897,8.149327641335,9
46.455823579358,8.162343207315,9
46.455739887994,8.175358732892,9
46.455654704806,8.188374217340,9
46.455568029793,8.201389659932,9
46.455479862955,8.214405059942,9
46.455390204292,8.227420416642,9
46.455299053805,8.240435729306,9
46.467115412889,7.485504998318,9
46.467109295390,7.498523820443,9
46.467101685817,7.511542639226,9
46.467092584172,7.524561453939,9
46.467081990454,7.537580263856,9
46.467069904662,7.550599068250,9
46.465214959509,8.097374241873,9
46.465138714578,8.110392121366,9
46.464901027350,8.149445531962,9
46.464818814127,8.162463257111,9
46.464735108832,8.175480941858,9
46.464649911464,8.188498585475,9
46.464563222022,8.201516187236,9
46.464475040508,8.214533746414,9
46.464385366921,8.227551262283,9
46.464294201260,8.240568734116,9
46.476104909884,7.498533755958,9
46.476097299045,7.511554734635,9
46.476088195885,7.524575709243,9
46.476077600404,7.537596679054,9
46.476065512601,7.550617643343,9
46.476051932477,7.563638601383,9
46.476036860031,7.576659552447,9
46.474766596112,7.993321954780,9
46.474702277063,8.006342267976,9
46.474636465692,8.019362549489,9
46.474569162000,8.032382798593,9
46.474500365987,8.045403014560,9
46.474210258719,8.097483532537,9
46.474134001099,8.110503571925,9
46.474056251158,8.123523573816,9
46.473977008895,8.136543537485,9
46.473896274311,8.149563462205,9
46.473814047405,8.162583347249,9
46.485092910549,7.511566834108,9
46.485083805874,7.524589969336,9
46.485073208629,7.537613099767,9
46.485061118815,7.550636224676,9
46.485047536431,7.563659343336,9
46.485032461478,7.576682455020,9
46.485015893954,7.589705559001,9
46.484116620730,7.915278529660,9
46.484004379491,7.941323799641,9
46.483824823360,7.980391492425,9
46.483761986177,7.993413997197,9
46.483697656425,8.006436471013,9
46.483631834102,8.019458913146,9
46.483564519210,8.032481322870,9
46.483495711749,8.045503699457,9
46.483425411717,8.058526042182,9
46.483280333946,8.084570623138,9
46.483205556206,8.097592859915,9
46.483129285896,8.110615059923,9
46.483051523016,8.123637222434,9
46.482972267567,8.136659346723,9
46.482891519548,8.149681432063,9
46.494079413905,7.524604234217,9
46.494068814897,7.537629525994,9
46.494056723072,7.550654812249,9
46.494043138428,7.563680092254,9
46.494028060966,7.576705365284,9
46.494011490686,7.589730630611,9
46.493993427588,7.602755887508,9
46.493973871673,7.615781135249,9
46.493218356483,7.889307935856,9
46.493165958571,7.902332798318,9
46.493112067841,7.915357634912,9
46.493056684293,7.928382444909,9
46.492999807928,7.941407227584,9
46.492941438744,7.954431982209,9
46.492881576742,7.967456708058,9
46.492820221922,7.980481404405,9
46.492757374284,7.993506070523,9
46.492693033829,8.006530705684,9
46.492627200555,8.019555309163,9
46.492559874463,8.032579880232,9
46.492491055553,8.045604418165,9
46.492420743825,8.058628922236,9
46.492348939280,8.071653391718,9
46.492275641916,8.084677825883,9
46.491967524281,8.136775194851,9
46.491886762827,8.149799441536,9
46.503052325137,7.550673406062,9
46.503038738233,7.563700848138,9
46.503023658263,7.576728283239,9
46.503007085227,7.589755710637,9
46.502989019124,7.602783129605,9
46.502969459955,7.615810539418,9
46.502314153142,7.863328619751,9
46.502264732646,7.876355693843,9
46.502213819084,7.889382743520,9
46.502161412456,7.902409768054,9
46.502107512761,7.915436766718,9
46.502052120000,7.928463738787,9
46.501995234173,7.941490683533,9
46.501936855279,7.954517600230,9
46.501876983319,7.967544488150,9
46.501815618293,7.980571346568,9
46.501752760200,7.993598174757,9
46.501688409041,8.006624971989,9
46.501622564816,8.019651737539,9
46.501555227524,8.032678470680,9
46.501486397166,8.045705170684,9
46.501416073742,8.058731836826,9
46.512034335614,7.563721610987,9
46.512019253136,7.576751208885,9
46.512002677343,7.589780799079,9
46.511984608236,7.602810380845,9
46.511965045814,7.615839953454,9
46.511943990077,7.628869516181,9
46.511921441025,7.641899068298,9
46.511897398659,7.654928609080,9
46.511357565407,7.850369866347,9
46.511309630007,7.863399126926,9
46.511260201291,7.876428363815,9
46.511209279261,7.889457576288,9
46.511156863916,7.902486763619,9
46.511102955257,7.915515925080,9
46.511047553283,7.928545059946,9
46.510990657994,7.941574167489,9
46.510932269390,7.954603246982,9
46.510872387472,7.967632297699,9
46.510811012239,7.980661318914,9
46.510748143692,7.993690309899,9
46.510683781830,8.006719269929,9
46.510481736355,8.045805957014,9
46.520998266802,7.589805895938,9
46.520980194690,7.602837641226,9
46.520960629014,7.615869377358,9
46.520939569776,7.628901103607,9
46.520917016975,7.641932819247,9
46.520892970610,7.654964523550,9
46.520867430683,7.667996215791,9
46.520840397193,7.681027895243,9
46.520717327602,7.733154470623,9
46.520570361002,7.785280783241,9
46.520529885445,7.798312314888,9
46.520353047586,7.850438233653,9
46.520305104214,7.863469657754,9
46.520255667278,7.876501058165,9
46.520204736780,7.889532434161,9
46.520152312719,7.902563785014,9
46.520098395094,7.915595109998,9
46.529975778252,7.602864910750,9
46.529956209324,7.615898811129,9
46.529935146584,7.628932701626,9
46.529912590033,7.641966581514,9
46.529888539670,7.655000450065,9
46.529862995497,7.668034306554,9
46.529835957511,7.681068150254,9
46.529807425715,7.694101980437,9
46.529777400107,7.707135796378,9
46.529745880688,7.720169597350,9
46.529712867458,7.733203382626,9
46.529678360416,7.746237151478,9
46.529642359563,7.759270903182,9
46.529604864898,7.772304637010,9
46.529565876422,7.785338352235,9
46.529525394135,7.798372048130,9
46.529483418037,7.811405723970,9
46.529439948127,7.824439379027,9
46.529394984406,7.837473012574,9
46.529348526873,7.850506623886,9
46.529300575530,7.863540212235,9
46.529251130374,7.876573776894,9
46.529200191408,7.889607317138,9
46.538930720268,7.628964310238,9
46.538908159967,7.642000355099,9
46.538884105606,7.655036388624,9
46.538858557186,7.668072410087,9
46.538831514706,7.681108418760,9
46.538802978166,7.694144413917,9
46.538772947567,7.707180394831,9
46.538741422908,7.720216360776,9
46.538708404189,7.733252311025,9
46.538673891411,7.746288244852,9
46.538637884573,7.759324161529,9
46.538600383675,7.772360060330,9
46.538561388718,7.785395940528,9
46.538520899701,7.798431801397,9
46.538478916624,7.811467642210,9
46.538435439488,7.824503462241,9
46.538390468292,7.837539260762,9
46.538344003036,7.850575037047,9
46.538296043721,7.863610790369,9
46.547879668184,7.655072339228,9
46.547854115517,7.668110526389,9
46.547827068542,7.681148700761,9
46.547798527259,7.694186861617,9
46.547768491668,7.707225008231,9
46.547736961770,7.720263139875,9
46.547703937563,7.733301255823,9
46.547669419048,7.746339355348,9
46.547633406225,7.759377437724,9
46.547595899094,7.772415502224,9
46.547556897656,7.785453548122,9
46.547516401909,7.798491574690,9
46.547474411854,7.811529581202,9
46.547430927491,7.824567566931,9
46.547385948820,7.837605531151,9
46.556794072761,7.694229323539,9
46.556764032179,7.707269636577,9
46.556732497040,7.720309934645,9
46.556699467345,7.733350217018,9
46.556664943094,7.746390482968,9
46.556628924287,7.759430731768,9
46.556591410923,7.772470962693,9
46.556552403002,7.785511175015,9
46.556469903493,7.811591540944,9
46.556426411903,7.824631693098,9
46.556381425758,7.837671823743,9
