46.828701810727,7.339029944838,9
46.828721637866,7.365242368350,9
46.828729298352,7.378348586573,9
46.828735456781,7.391454808139,9
46.828740113155,7.404561032321,9
46.828743267473,7.417667258392,9
46.828730650202,7.496304613802,9
46.828723290128,7.509410832752,9
46.837621301138,7.273471413242,9
46.837639479020,7.286579776782,9
46.837656154598,7.299688148751,9
46.837671327872,7.312796528423,9
46.837684998841,7.325904915071,9
46.837697167506,7.339013307968,9
46.837707833867,7.352121706387,9
46.837716997924,7.365230109603,9
46.837724659676,7.378338516888,9
46.837730819123,7.391446927516,9
46.837735476267,7.404555340760,9
46.837738631106,7.417663755893,9
46.837740283641,7.430772172189,9
46.837740433871,7.443880588921,9
46.837739081797,7.456989005362,9
46.837736227419,7.470097420786,9
46.837731870736,7.483205834465,9
46.837726011750,7.496314245675,9
46.837718650458,7.509422653686,9
46.837709786863,7.522531057774,9
46.837699420963,7.535639457211,9
46.837687552759,7.548747851271,9
46.846553076294,7.234112219781,9
46.846575764839,7.247222743460,9
46.846596950832,7.260333277749,9
46.846616634272,7.273443821920,9
46.846634815159,7.286554375247,9
46.846651493494,7.299664937004,9
46.846666669276,7.312775506463,9
46.846680342505,7.325886082899,9
46.846692513181,7.338996665583,9
46.846703181305,7.352107253790,9
46.846712346877,7.365217846794,9
46.846720009895,7.378328443866,9
46.846726170361,7.391439044281,9
46.846730828274,7.404549647313,9
46.846733983635,7.417660252233,9
46.846735636443,7.430770858316,9
46.846735786698,7.443881464836,9
46.846734434401,7.456992071064,9
46.846731579551,7.470102676276,9
46.846727222148,7.483213279743,9
46.846721362193,7.496323880739,9
46.846713999685,7.509434478539,9
46.846705134624,7.522545072414,9
46.846694767010,7.535655661638,9
46.846682896844,7.548766245486,9
46.846669524126,7.561876823229,9
46.846654648854,7.574987394142,9
46.846638271030,7.588097957497,9
46.855498494593,7.207852654129,9
46.855524192490,7.220965344922,9
46.855548387586,7.234078047778,9
46.855571079881,7.247190761971,9
46.855592269375,7.260303486772,9
46.855611956068,7.273416221456,9
46.855630139960,7.286528965297,9
46.855646821051,7.299641717566,9
46.855661999341,7.312754477538,9
46.855675674831,7.325867244487,9
46.855687847519,7.338980017684,9
46.855698517406,7.352092796405,9
46.855707684492,7.365205579921,9
46.855715348777,7.378318367506,9
46.855721510261,7.391431158435,9
46.855726168944,7.404543951979,9
46.855729324826,7.417656747412,9
46.855730977907,7.430769544009,9
46.855731128187,7.443882341041,9
46.855729775667,7.456995137783,9
46.855726920345,7.470107933507,9
46.855722562222,7.483220727487,9
46.855716701298,7.496333518997,9
46.855709337573,7.509446307309,9
46.855700471047,7.522559091697,9
46.855690101720,7.535671871435,9
46.855678229592,7.548784645795,9
46.855664854663,7.561897414051,9
46.855649976933,7.575010175477,9
46.855633596403,7.588122929345,9
46.855615713071,7.601235674929,9
46.855596326938,7.614348411503,9
46.864407661342,7.168469521876,9
46.864437872634,7.181584363360,9
46.864466580876,7.194699219087,9
46.864493786069,7.207814088330,9
46.864519488212,7.220928970362,9
46.864543687307,7.234043864457,9
46.864566383352,7.247158769888,9
46.864587576347,7.260273685928,9
46.864607266293,7.273388611851,9
46.864625453190,7.286503546929,9
46.864642137038,7.299618490438,9
46.864657317836,7.312733441648,9
46.864670995585,7.325848399835,9
46.864726458106,7.443883217536,9
46.864725105361,7.456998205516,9
46.864722249567,7.470113192479,9
46.864717890724,7.483228177698,9
46.864695795899,7.522573115624,9
46.864685424859,7.535688086600,9
46.864673550769,7.548803052199,9
46.864660173630,7.561918011694,9
46.864645293442,7.575032964358,9
46.864628910204,7.588147909464,9
46.864611023917,7.601262846287,9
46.864591634580,7.614377774099,9
46.864570742195,7.627492692174,9
46.864548346760,7.640607599785,9
46.873337984325,7.142190346154,9
46.873371207203,7.155307348937,9
46.873402926784,7.168424367416,9
46.873433143067,7.181541400864,9
46.873461856053,7.194658448555,9
46.873489065740,7.207775509762,9
46.873514772131,7.220892583758,9
46.873538975223,7.234009669817,9
46.873561675018,7.247126767212,9
46.873582871515,7.260243875216,9
46.873602564714,7.273360993103,9
46.873668860141,7.548821464697,9
46.873655480792,7.561938616156,9
46.873640598145,7.575055760784,9
46.873624212201,7.588172897855,9
46.873606322958,7.601290026642,9
46.873586930419,7.614407146419,9
46.873566034581,7.627524256457,9
46.873543635446,7.640641356032,9
46.873519733013,7.653758444417,9
46.873494327282,7.666875520883,9
46.882262259630,7.115902450417,9
46.882298495089,7.129021612317,9
46.882333227001,7.142140791367,9
46.882366455368,7.155259986840,9
46.882398180189,7.168379198008,9
46.882428401463,7.181498424146,9
46.882457119192,7.194617664527,9
46.882484333374,7.207736918423,9
46.882510044011,7.220856185109,9
46.882534251102,7.233975463858,9
46.882556954646,7.247094753943,9
46.882619502160,7.588197894518,9
46.882601609962,7.601317215994,9
46.882582214219,7.614436528460,9
46.882561314930,7.627555831189,9
46.882538912094,7.640675123453,9
46.882515005713,7.653794404527,9
46.882489595785,7.666913673684,9
46.882462682312,7.680032930196,9
46.891180484044,7.089605836125,9
46.891219733076,7.102727154962,9
46.891257478314,7.115848492402,9
46.891293719758,7.128969847718,9
46.891328457407,7.142091220183,9
46.891361691261,7.155212609071,9
46.891393421322,7.168334013655,9
46.891423647588,7.181455433208,9
46.891452370060,7.194576867004,9
46.891577485748,7.614465920224,9
46.891556583007,7.627587416368,9
46.891534176471,7.640708902048,9
46.891510266142,7.653830376537,9
46.891484852017,7.666951839109,9
46.891457934099,7.680073289036,9
46.891429512386,7.693194725593,9
46.891399586879,7.706316148053,9
46.900092654354,7.063300504740,9
46.900134917953,7.076423978332,9
46.900175677509,7.089547471981,9
46.900214933023,7.102670984959,9
46.900252684494,7.115794516539,9
46.900288931922,7.128918065996,9
46.900323675308,7.142041632602,9
46.900356914650,7.155165215630,9
46.900388649951,7.168288814355,9
46.900529428344,7.640742691816,9
46.900505514066,7.653866360446,9
46.900480095745,7.666990017158,9
46.900453173381,7.680113661227,9
46.900424746975,7.693237291925,9
46.900394816526,7.706360908525,9
46.900363382034,7.719484510302,9
46.909044046505,7.050112083886,9
46.909087821373,7.063237731562,9
46.909130091950,7.076363400021,9
46.909170858236,7.089489088536,9
46.909210120231,7.102614796380,9
46.909247877935,7.115740522827,9
46.909284131348,7.128866267150,9
46.909318880471,7.141992028623,9
46.909475326735,7.667028207832,9
46.909448399926,7.680154046767,9
46.909419968826,7.693279872331,9
46.909390033435,7.706405683798,9
46.909358593753,7.719531480441,9
46.909325649780,7.732657261534,9
46.909291201516,7.745783026348,9
46.918039193326,7.050047094366,9
46.918082975421,7.063174937634,9
46.918125252976,7.076302801685,9
46.918166025992,7.089430685792,9
46.918205294469,7.102558589228,9
46.918243058406,7.115686511267,9
46.918443613499,7.680194445658,9
46.918415177706,7.693322466814,9
46.918385237373,7.706450473873,9
46.918353792501,7.719578466108,9
46.918320843090,7.732706442792,9
46.918286389139,7.745834403199,9
46.918250430649,7.758962346601,9
46.926989032835,7.036852065294,9
46.927034326943,7.049982083370,9
46.927078116264,7.063112122955,9
46.927120400798,7.076242183324,9
46.927161180544,7.089372263748,9
46.927410373381,7.693365075373,9
46.927380428107,7.706495278749,9
46.927348978044,7.719625467301,9
46.927316023195,7.732755640303,9
46.927281563557,7.745885797027,9
46.927245599132,7.759015936747,9
46.927208129919,7.772146058737,9
46.935937338919,7.023652642895,9
46.935984145539,7.036784835778,9
46.936029447123,7.049917050897,9
46.936073243670,7.063049287526,9
46.936115535182,7.076181544937,9
46.936375605403,7.706540098426,9
46.936344150150,7.719672484021,9
46.936311189862,7.732804854066,9
46.936276724537,7.745937207833,9
46.936240754177,7.759069544596,9
46.936203278781,7.772201863629,9
46.936164298348,7.785334164204,9
46.944884110602,7.010448825719,9
46.944932430230,7.023583193408,9
46.944979244572,7.036717584060,9
46.945024553631,7.049851996948,9
46.945068357405,7.062986431345,9
46.945110655895,7.076120886525,9
46.945306342858,7.732854084081,9
46.945271871847,7.745988635617,9
46.945235895551,7.759123170149,9
46.945198413971,7.772257686950,9
46.945159427107,7.785392185294,9
46.945118934958,7.798526664454,9
46.953829346905,6.997240612317,9
46.953879180037,7.010377154811,9
46.953927507635,7.023513720994,9
46.953974329701,7.036650310140,9
46.954019646234,7.049786921522,9
46.954063457235,7.062923554413,9
46.954267005252,7.746040080379,9
46.954231023021,7.759176813405,9
46.954193535257,7.772313528701,9
46.954154541961,7.785450225538,9
46.954114043133,7.798586903192,9
46.954072038771,7.811723560936,9
46.962824393982,6.997166718536,9
46.962874235333,7.010305460250,9
46.962922570903,7.023444225653,9
46.962969400692,7.036583014018,9
46.963014724700,7.049721824620,9
46.963188642406,7.772369388880,9
46.963149642678,7.785508284938,9
46.963109137169,7.798647161811,9
46.963067125879,7.811786018774,9
46.963023608808,7.824924855100,9
46.971768071087,6.983951883134,9
46.971819426687,6.997092800377,9
46.971869276258,7.010233742036,9
46.971917619800,7.023374707384,9
46.971964457312,7.036515695695,9
46.972144729023,7.785566363492,9
46.972104216834,7.798707440310,9
46.972062198616,7.811848497218,9
46.972018674368,7.824989533489,9
46.980710210374,6.970732647154,9
46.980763080720,6.983875739925,9
46.980814444788,6.997018857839,9
46.980864302579,7.010162000168,9
46.980912654092,7.023305166187,9
46.981139800764,7.785624461200,9
46.981099281895,7.798767738690,9
46.981057256748,7.811910996269,9
46.981013725324,7.825054233210,9
46.989650810864,6.957509009147,9
46.989705196452,6.970654277445,9
46.989758075515,6.983799571612,9
46.989809448052,6.996944890922,9
46.989859314062,7.010090234648,9
46.990094332118,7.798828056949,9
46.990052300043,7.811973515924,9
46.990008761441,7.825118954262,9
46.989963716314,7.838264371236,9
46.998589871579,6.944280967662,9
46.998645772907,6.957428411486,9
46.998700167460,6.970575881906,9
46.998753055239,6.983723378195,9
46.998804436244,6.996870899626,9
46.998854310474,7.010018445474,9
46.999047328266,7.812036056186,9
46.999003782488,7.825183696646,9
46.998958729936,7.838331315742,9
47.007640719645,6.957347787269,9
47.007695123163,6.970497460537,9
47.007748019659,6.983647159673,9
47.007799409132,6.996796883952,9
47.008042341185,7.812098617054,9
47.007998788230,7.825248460361,9
47.007953728253,7.838398282304,9
47.007907161252,7.851548082157,9
47.016635650845,6.957267136497,9
47.016690063328,6.970419013338,9
47.016742968540,6.983570916047,9
47.016993778435,7.825313245407,9
47.016948711032,7.838465270923,9
47.016902136358,7.851617274349,9
47.016854054413,7.864769254957,9
47.025630566274,6.957186459170,9
47.025684987722,6.970340540309,9
47.025737901651,6.983494647317,9
47.025988752868,7.825378051784,9
47.025943678040,7.838532281599,9
47.025897095693,7.851686489323,9
47.025849005826,7.864840674230,9
47.034625465699,6.957105755288,9
47.034679896112,6.970262041451,9
47.034732818757,6.983418353483,9
47.034938629044,7.838599314332,9
47.034892039023,7.851755727081,9
47.034843941234,7.864912117011,9
47.034794335678,7.878068483398,9
47.043620348886,6.957025024850,9
47.043674788264,6.970183516763,9
47.043727719626,6.983342034545,9
47.043933563810,7.838666369122,9
47.043886966115,7.851824987620,9
47.043838860405,7.864983583301,9
47.043789246678,7.878142155437,9
47.052559258996,6.943783596065,9
47.052615215602,6.956944267857,9
47.052669663945,6.970104966245,9
47.052722604023,6.983265690502,9
47.052881876736,7.851894270942,9
47.052833763104,7.865055073098,9
47.052784141208,7.878215851710,9
47.052733011047,7.891376606051,9
47.061554099794,6.943700605316,9
47.061610065614,6.956863484308,9
47.061664522921,6.970026389897,9
47.061717471716,6.983189321355,9
47.061828649099,7.865126586403,9
47.061779019033,7.878289572216,9
47.061727880453,7.891452533758,9
47.061675233361,7.904615470302,9
47.070548923654,6.943617587286,9
47.070604898688,6.956782674205,9
47.070659364960,6.969947787720,9
47.070712322471,6.983112927104,9
47.070823518156,7.865198123216,9
47.070773879920,7.878363316955,9
47.070722732922,7.891528486423,9
47.070670077163,7.904693630894,9
47.070615912643,7.917858749641,9
47.079486237088,6.930367273727,9
47.079543730344,6.943534541975,9
47.079599714590,6.956701837546,9
47.079654189827,6.969869159712,9
47.079707156055,6.983036507748,9
47.079768723636,7.878437085928,9
47.079717568219,7.891604464048,9
47.079664903793,7.904771817171,9
47.079610730358,7.917939144570,9
47.088538519629,6.943451469383,9
47.088594513088,6.956620974331,9
47.088648997290,6.969790505875,9
47.088701972234,6.982960063289,9
47.088763549947,7.878510879135,9
47.088712386112,7.891680466632,9
47.088659713020,7.904850029133,9
47.088605530669,7.918019565909,9
47.097533291276,6.943368369510,9
47.097589293949,6.956540084561,9
47.097643787115,6.969711826209,9
47.097696770776,6.982883593725,9
47.097707186367,7.891756494176,9
47.097654504608,7.904928266779,9
47.097600313343,7.918100013658,9
47.097544612571,7.931271734087,9
47.106528045052,6.943285242356,9
47.106584056938,6.956459168236,9
47.106638559070,6.969633120712,9
47.106691551447,6.982807099057,9
47.106701968752,7.891832546678,9
47.106649278325,7.905006530110,9
47.106595078145,7.918180487818,9
47.106539368210,7.931354419075,9
47.115522780724,6.943202087922,9
47.115578801823,6.956378225356,9
47.115633312919,6.969554389386,9
47.115686314013,6.982730579285,9
47.115696733031,7.891908624139,9
47.115644033938,7.905084819125,9
47.115589824842,7.918260988387,9
47.115534105744,7.931437131198,9
47.124459957495,6.929940583815,9
47.124517498058,6.943118906206,9
47.124573528370,6.956297255920,9
47.124628048431,6.969475632229,9
47.124681058241,6.982654034408,9
47.124691478973,7.891984726560,9
47.124638771213,7.905163133825,9
47.124584553202,7.918341515367,9
47.124528824940,7.931519870458,9
47.124471586428,7.944698198372,9
47.133454646796,6.929855161814,9
47.133512196821,6.943035697210,9
47.133568236346,6.956216259929,9
47.133622765372,6.969396849244,9
47.133633489917,7.905241474210,9
47.133579262991,7.918422068757,9
47.133523525566,7.931602636853,9
47.133466277641,7.944783177772,9
47.142390247059,6.916586990728,9
47.142449317293,6.929769711806,9
47.142506876779,6.942952460933,9
47.142562925518,6.956135237382,9
47.142617463508,6.969318040428,9
47.142628189817,7.905319840280,9
47.142573953976,7.918502648557,9
47.142518207387,7.931685430384,9
47.142460950050,7.944868185034,9
47.151384888808,6.916499298257,9
47.151443968752,6.929684233791,9
47.151501537700,6.942869197375,9
47.151557595651,6.956054188280,9
47.151622870678,7.905398232034,9
47.151568625922,7.918583254768,9
47.151512870170,7.931768251051,9
47.151455603421,7.944953220157,9
47.160379511287,6.916411577055,9
47.160438600940,6.929598727770,9
47.160496179349,6.942785906536,9
47.160552246514,6.955973112623,9
47.160617532269,7.905476649473,9
47.160563278598,7.918663887389,9
47.160507513682,7.931851098854,9
47.160450237521,7.945038283142,9
47.169374114260,6.916323827120,9
47.169433213624,6.929513193743,9
47.169490801494,6.942702588416,9
47.169546877872,6.955892010411,9
47.169612174355,7.905555092596,9
47.169557911769,7.918744546420,9
47.169502137689,7.931933973792,9
47.169444852117,7.945123373988,9
47.178368697496,6.916236048453,9
47.178427806569,6.929427631709,9
47.178485403901,6.942619243015,9
47.178541489493,6.955810881643,9
47.178606796704,7.905633561405,9
47.178552525202,7.918825231861,9
47.178496741959,7.932016875867,9
47.178439446975,7.945208492695,9
47.187363260761,6.916148241054,9
47.187422379544,6.929342041669,9
47.187479986338,6.942535870333,9
47.187536081142,6.955729726320,9
47.187601399081,7.905712055898,9
47.187547118664,7.918905943712,9
47.187491326258,7.932099805076,9
47.187434021862,7.945293639263,9
47.196357803821,6.916060404923,9
47.196416932314,6.929256423622,9
47.196474548569,6.942452470371,9
47.196530652587,6.955648544441,9
47.196595981254,7.905790576075,9
47.196541691922,7.918986681974,9
47.196485890352,7.932182761422,9
47.196428576544,7.945378813693,9
47.205352326444,6.915972540061,9
47.205411464647,6.929170777569,9
47.205469090363,6.942369043127,9
47.205525203594,6.955567336008,9
47.205590542989,7.905869121937,9
47.205536244742,7.919067446646,9
47.205480434008,7.932265744904,9
47.205423110789,7.945464015984,9
47.214346828395,6.915884646466,9
47.214405976308,6.929085103510,9
47.214463611486,6.942285588603,9
47.214519733930,6.955486101019,9
47.214585084053,7.905947693484,9
47.214530776890,7.919148237728,9
47.214474956993,7.932348755521,9
47.214417624362,7.945549246137,9
47.223341309442,6.915796724139,9
47.223400467065,6.928999401444,9
47.223458111704,6.942202106798,9
47.223514243361,6.955404839474,9
47.223525288135,7.919229055220,9
47.223469459074,7.932431793274,9
47.223412117031,7.945634504151,9
47.232335769352,6.915708773080,9
47.232394936684,6.928913671371,9
47.232452590785,6.942118597711,9
47.232508731655,6.955323551374,9
47.232574103234,7.906104913632,9
47.232519778241,7.919309899123,9
47.232463940017,7.932514858163,9
47.232406588562,7.945719790026,9
47.241330207890,6.915620793289,9
47.241389384932,6.928827913292,9
47.241447048494,6.942035061344,9
47.241503198578,6.955242236719,9
47.241557835182,6.968449438690,9
47.241568580885,7.906183562233,9
47.241514246977,7.919390769436,9
47.241458399589,7.932597950188,9
47.241401038723,7.945805103762,9
47.250324624824,6.915532784767,9
47.250383811575,6.928742127207,9
47.250441484599,6.941951497696,9
47.250497643896,6.955160895509,9
47.250552289465,6.968370319917,9
47.250563036931,7.906262236518,9
47.250508694108,7.919471666159,9
47.250452837557,7.932681069348,9
47.250395467278,7.945890445360,9
47.259378216381,6.928656313115,9
47.259435898867,6.941867906768,9
47.259492067376,6.955079527743,9
47.259546721910,6.968291175314,9
47.259557471139,7.906340936488,9
47.259503119401,7.919552589292,9
47.259447253687,7.932764215644,9
47.259389873996,7.945975814820,9
47.268372599116,6.928570471017,9
47.268430291063,6.941784288558,9
47.268486468786,6.954998133422,9
47.268541132284,6.968212004882,9
47.268551883277,7.906419662143,9
47.268497522623,7.919633538835,9
47.268441647745,7.932847389076,9
47.268384258643,7.946061212140,9
47.277366959546,6.928484600912,9
47.277424660954,6.941700643067,9
47.277480847890,6.954916712545,9
47.277535520354,6.968132808619,9
47.277546273110,7.906498413483,9
47.277491903541,7.919714514789,9
47.277436019499,7.932930589644,9
47.277378620985,7.946146637322,9
47.286361297438,6.928398702801,9
47.286419008308,6.941616970296,9
47.286475204457,6.954835265113,9
47.286529885886,6.968053586527,9
47.286583052593,6.981271933810,9
47.286593504168,7.893358838138,9
47.286540640405,7.906577190507,9
47.286486261921,7.919795517153,9
47.286430368716,7.933013817348,9
47.286372960790,7.946232090365,9
47.295413332891,6.941533270244,9
47.295469538253,6.954753791126,9
47.295524228646,6.967974338605,9
47.295577404070,6.981194911953,9
47.295587857358,7.893435414781,9
47.295534984929,7.906655993216,9
47.295480597530,7.919876545927,9
47.295424695161,7.933097072187,9
47.304407634470,6.941449542910,9
47.304463849045,6.954672290584,9
47.304518548403,6.967895064853,9
47.304571732543,6.981117864992,9
47.304623401465,6.994340690274,9
47.304582187545,7.893512016384,9
47.304529306448,7.906734821609,9
47.304474910134,7.919957601111,9
47.304418998602,7.933180354162,9
47.313401912810,6.941365788296,9
47.313458136599,6.954590763486,9
47.313512844921,6.967815765272,9
47.313566037778,6.981040792927,9
47.313617715168,6.994265845725,9
47.313627868791,7.880363585207,9
47.313576494493,7.893588642946,9
47.313523604730,7.906813675688,9
47.313469199500,7.920038682706,9
47.313413278805,7.933263663273,9
47.322452400681,6.954509209833,9
47.322507117969,6.967736439861,9
47.322560319542,6.980963695758,9
47.322612005401,6.994190976798,9
47.322622160687,7.880438008486,9
47.322570777971,7.893665294467,9
47.322517879541,7.906892555451,9
47.322463465396,7.920119790710,9
47.331446641060,6.954427629624,9
47.331501367312,6.967657088620,9
47.331554577601,6.980886573484,9
47.331606271928,6.994116083492,9
47.331656450293,7.007345617915,9
47.331666304050,7.867282916779,9
47.331616428878,7.880512455998,9
47.331565037744,7.893741970947,9
47.331512130647,7.906971460898,9
47.340495592717,6.967577711549,9
47.340548811723,6.980809426107,9
47.340600514518,6.994041165807,9
47.340650701102,7.007272929923,9
47.340755774525,7.840891551102,9
47.340708923605,7.854123366376,9
47.340660556474,7.867355158832,9
47.340610673132,7.880586927744,9
47.340559273579,7.893818672386,9
47.340506357815,7.907050392030,9
47.349489793951,6.967498308648,9
47.349543021674,6.980732253624,9
47.349594732937,6.993966223743,9
47.349644927741,7.007200218278,9
47.349693606086,7.020434236502,9
47.349839186182,7.814491198897,9
47.349795360507,7.827725288044,9
47.349750018373,7.840959355826,9
47.349703159779,7.854193401519,9
47.349654784727,7.867427424393,9
47.349604893215,7.880661423724,9
47.349553485243,7.893895398784,9
47.358537207220,6.980655056038,9
47.358588926951,6.993891257301,9
47.358639129975,7.007127482980,9
47.358687816291,7.020363732348,9
47.358734985900,7.033600004679,9
47.358833420227,7.814554563390,9
47.358789587376,7.827790883681,9
47.358744237816,7.841027182607,9
47.358697371550,7.854263459444,9
47.358648988575,7.867499713463,9
47.358599088893,7.880735943938,9
47.367531368128,6.980577833348,9
47.367583096328,6.993816266480,9
47.367633307572,7.007054724029,9
47.367682001859,7.020293205267,9
47.367729179191,7.033531709467,9
47.367869952708,7.801379375690,9
47.367827629635,7.814617948488,9
47.367783789607,7.827856500649,9
47.367738432622,7.841095031445,9
47.367691558682,7.854333540151,9
47.376577240833,6.993741251281,9
47.376627460297,7.006981941425,9
47.376676162556,7.020222655258,9
47.376723347611,7.033463392054,9
47.376769015461,7.046704151085,9
47.376864144173,7.801440548799,9
47.376821814172,7.814681354192,9
47.376777966967,7.827922138948,9
47.376732602557,7.841162902340,9
47.385621587918,7.006909135167,9
47.385670298148,7.020152082321,9
47.385717490926,7.033395052438,9
47.385763166252,7.046638044790,9
47.385807324124,7.059881058652,9
47.385938432035,7.775015605356,9
47.385899130010,7.788258683164,9
47.385858310534,7.801501741789,9
47.385815973604,7.814744780503,9
47.385772119222,7.827987798579,9
47.385726747388,7.841230795292,9
47.394664408403,7.020081486457,9
47.394711608904,7.033326690620,9
47.394757291704,7.046571917019,9
47.394801456803,7.059817164927,9
47.394844104201,7.073062433618,9
47.394970376924,7.761827019820,9
47.394932586170,7.775072350132,9
47.394893277714,7.788317661987,9
47.394852451557,7.801562954658,9
47.394810107699,7.814808227418,9
47.394766246140,7.828053479541,9
47.403658493086,7.020010867665,9
47.403705701311,7.033258306600,9
47.403751391586,7.046505767771,9
47.403795563911,7.059753250451,9
47.403838218287,7.073000753914,9
47.404000790661,7.748633965439,9
47.403964511672,7.761881548254,9
47.403926714734,7.775129113338,9
47.403887399846,7.788376659965,9
47.403846567009,7.801624187408,9
47.403804216222,7.814871694940,9
47.412699767913,7.033189900378,9
47.412745465663,7.046439597047,9
47.412789645215,7.059689315224,9
47.412832306569,7.072939054184,9
47.412873449726,7.086188813201,9
47.412994905539,7.748686276080,9
47.412958620615,7.761936094392,9
47.412920817493,7.775185894973,9
47.412881496174,7.788435677098,9
47.412840656656,7.801685440038,9
47.421739513702,7.046373404846,9
47.421783700480,7.059625359246,9
47.421826368813,7.072877334430,9
47.421867518700,7.086129329669,9
47.421907150140,7.099381344238,9
47.421945263135,7.112633377409,9
47.422057020760,7.722234444342,9
47.422023766793,7.735486532159,9
47.421988994380,7.748738603698,9
47.421952703520,7.761990658233,9
47.421914894215,7.775242695038,9
47.421875566463,7.788494713385,9
47.430777729475,7.059561382518,9
47.430820404786,7.072815594650,9
47.430861561402,7.086069826837,9
47.430901199324,7.099324078354,9
47.430939318552,7.112578348474,9
47.430975919086,7.125832636470,9
47.431082835167,7.709027974725,9
47.431051094455,7.722282315041,9
47.431017835049,7.735536639806,9
47.430983056949,7.748790948294,9
47.430946760154,7.762045239778,9
47.430908944665,7.775299513531,9
47.439814414254,7.072753834844,9
47.439855577600,7.086010304706,9
47.439895222004,7.099266793897,9
47.439933347465,7.112523301691,9
47.439969953983,7.125779827361,9
47.440005041559,7.139036370180,9
47.440107114506,7.695817030463,9
47.440076887547,7.709073623277,9
47.440045141645,7.722330201267,9
47.440011876801,7.735586763706,9
47.439977093014,7.748843309868,9
47.439940790284,7.762099839026,9
47.448849567061,7.085950763275,9
47.448889217946,7.099209490866,9
47.448927349640,7.112468237059,9
47.448963962143,7.125727001129,9
47.448999055455,7.138985782348,9
47.449032629576,7.152244579989,9
47.449064684506,7.165503393327,9
47.449095220246,7.178762221634,9
47.449157051319,7.669342751424,9
47.449129857800,7.682601610106,9
47.449101145090,7.695860455417,9
47.449070913190,7.709119286630,9
47.449039162098,7.722378103020,9
47.449005891815,7.735636903859,9
47.448971102341,7.748895688420,9
47.457883186917,7.099152169260,9
47.457921324844,7.112413154579,9
47.457957943332,7.125674157774,9
47.457993042381,7.138935178118,9
47.458026621990,7.152196214885,9
47.458058682160,7.165457267347,9
47.458089222890,7.178718334780,9
47.458118244182,7.191979416454,9
47.458176742596,7.656120601752,9
47.458151064071,7.669381712203,9
47.458123866107,7.682642810010,9
47.458095148704,7.695903894446,9
47.458064911861,7.709164964785,9
47.458033155579,7.722426020300,9
47.457999879858,7.735687060264,9
47.466951897316,7.125621297295,9
47.466987002101,7.138884557490,9
47.467020587199,7.152147834108,9
47.467052652609,7.165411126421,9
47.467083198331,7.178674433704,9
47.467112224365,7.191937755230,9
47.467139730712,7.205201090271,9
47.467165717371,7.218464438102,9
47.467190184342,7.231727797996,9
47.467238662379,7.616367215803,9
47.467217538720,7.629630599677,9
47.467194895374,7.642893973086,9
47.467170732340,7.656157335305,9
47.467145049619,7.669420685607,9
47.467117847210,7.682684023264,9
47.467089125113,7.695947347551,9
47.467058883328,7.709210657741,9
47.467027121856,7.722473953106,9
47.475980934384,7.138833920465,9
47.476014524970,7.152099437659,9
47.476046595620,7.165364970549,9
47.476077146333,7.178630518408,9
47.476106177111,7.191896080510,9
47.476133687952,7.205161656128,9
47.476159678858,7.218427244535,9
47.476184149828,7.231692845005,9
47.476207100861,7.244958456811,9
47.476228531959,7.258224079226,9
47.476270330199,7.589865962141,9
47.476252242960,7.603131605339,9
47.476232635786,7.616397239526,9
47.476211508676,7.629662863976,9
47.476188861629,7.642928477962,9
47.476164694647,7.656194080757,9
47.476139007728,7.669459671635,9
47.476111800874,7.682725249869,9
47.476083074084,7.695990814732,9
47.485040510960,7.165318799730,9
47.485071066665,7.178586588891,9
47.485100102186,7.191854392295,9
47.485127617522,7.205122209215,9
47.485153612674,7.218390038924,9
47.485178087642,7.231657880696,9
47.485201042425,7.244925733803,9
47.485222477024,7.258193597521,9
47.485242391439,7.271461471120,9
47.485260785670,7.284729353876,9
47.485321441024,7.536819899410,9
47.485309431568,7.550087812686,9
47.485295901928,7.563355719857,9
47.485280852103,7.576623620198,9
47.485264282094,7.589891512982,9
47.485246191900,7.603159397482,9
47.485226581522,7.616427272971,9
47.485205450960,7.629695138723,9
47.485182800213,7.642962994011,9
47.485158629282,7.656230838108,9
47.485132938167,7.669498670288,9
47.485105726868,7.682766489824,9
47.494121519187,7.205082749532,9
47.494147518586,7.218352821268,9
47.494171997552,7.231622905068,9
47.494194956085,7.244893000203,9
47.494216394185,7.258163105947,9
47.494236311853,7.271433221575,9
47.494254709089,7.284703346358,9
47.494271585891,7.297973479570,9
47.494286942261,7.311243620486,9
47.494300778198,7.324513768377,9
47.494313093703,7.337783922518,9
47.494323888775,7.351054082181,9
47.494333163414,7.364324246640,9
47.494348215698,7.483755822693,9
47.494342286010,7.497025995146,9
47.494334835890,7.510296164401,9
47.494325865337,7.523566329732,9
47.494315374352,7.536836490413,9
47.494303362934,7.550106645716,9
47.494289831083,7.563376794915,9
47.494274778800,7.576646937284,9
47.494258206084,7.589917072095,9
47.494240112935,7.603187198622,9
47.494220499354,7.616457316139,9
47.494199365340,7.629727423918,9
47.494176710893,7.642997521233,9
47.494152536013,7.656267607358,9
47.503165879323,7.231587918121,9
47.503188841607,7.244860256009,9
47.503210283209,7.258132604507,9
47.503230204130,7.271404962887,9
47.503248604370,7.284677330423,9
47.503265483929,7.297949706389,9
47.503280842807,7.311222090057,9
47.503294681004,7.324494480701,9
47.503306998520,7.337766877595,9
47.503317795355,7.351039280011,9
47.503327071509,7.364311687223,9
47.503334826983,7.377584098505,9
47.503341061775,7.390856513129,9
47.503345775886,7.404128930369,9
47.503348969316,7.417401349499,9
47.503350642065,7.430673769791,9
47.503350794133,7.443946190519,9
47.503349425520,7.457218610957,9
47.503346536226,7.470491030377,9
47.503342126251,7.483763448053,9
47.503336195595,7.497035863259,9
47.503328744259,7.510308275267,9
47.503319772241,7.523580683351,9
47.503309279542,7.536853086785,9
47.503297266162,7.550125484841,9
47.503283732101,7.563397876794,9
47.503268677359,7.576670261915,9
47.503252101936,7.589942639479,9
47.503234005832,7.603215008760,9
47.503214389047,7.616487369029,9
47.512204143861,7.258102093198,9
47.512224068035,7.271376695057,9
47.512242471280,7.284651306072,9
47.512259353596,7.297925925516,9
47.512274714982,7.311200552663,9
47.512288555439,7.324475186786,9
47.512300874966,7.337749827158,9
47.512311673565,7.351024473052,9
47.512320951234,7.364299123743,9
47.512328707973,7.377573778503,9
47.512334943783,7.390848436606,9
47.512339658664,7.404123097325,9
47.512342852616,7.417397759933,9
47.512344525638,7.430672423704,9
47.512344677731,7.443947087911,9
47.512343308895,7.457221751827,9
47.512340419129,7.470496414726,9
47.512336008434,7.483771075880,9
47.512330076810,7.497045734565,9
47.512322624256,7.510320390051,9
47.512313650773,7.523595041614,9
47.512303156360,7.536869688526,9
47.512291141019,7.550144330061,9
47.512277604748,7.563418965492,9
47.512262547547,7.576693594092,9
47.512245969417,7.589968215135,9
47.512227870358,7.603242827894,9
47.521236309586,7.284625273304,9
47.521253194658,7.297902136952,9
47.521268558552,7.311179008303,9
47.521282401269,7.324455886630,9
47.521294722808,7.337732771206,9
47.521305523169,7.351009661305,9
47.521314802353,7.364286556200,9
47.521322560359,7.377563455165,9
47.521328797188,7.390840357471,9
47.521333512839,7.404117262394,9
47.521336707312,7.417394169207,9
47.521338380607,7.430671077181,9
47.521338532725,7.443947985592,9
47.521337163665,7.457224893713,9
47.521334273427,7.470501800816,9
47.521329862012,7.483778706174,9
47.521323929419,7.497055609063,9
47.521316475649,7.510332508754,9
47.521307500700,7.523609404521,9
47.521297004575,7.536886295637,9
47.530308624635,7.364273984594,9
47.530316383908,7.377553128488,9
47.530322621754,7.390832275725,9
47.530327338175,7.404111425577,9
47.530330533170,7.417390577319,9
47.530332206738,7.430669730224,9
47.530332358881,7.443948883564,9
47.530330989597,7.457228036614,9
47.530328098888,7.470507188647,9
47.530323686753,7.483786338935,9
47.530317753191,7.497065486753,9
