46.58393778,9.56815426,9
46.59317346,9.55546426,9
46.59293004,9.56850855,9
46.59268513,9.58155273,9
46.59243872,9.59459678,9
46.60264817,9.52972323,9
46.60240771,9.54276993,9
46.60216575,9.55581651,9
46.60192229,9.56886297,9
46.60167734,9.58190931,9
46.60143089,9.59495553,9
46.60118295,9.60800164,9
46.61328215,9.43872594,9
46.61305213,9.45177561,9
46.61235307,9.49092394,9
46.61187954,9.51702226,9
46.61164054,9.53007124,9
46.61140004,9.54312011,9
46.61115804,9.55616886,9
46.61091454,9.56921750,9
46.61066955,9.58226601,9
46.61042306,9.59531441,9
46.61017508,9.60836269,9
46.60992559,9.62141084,9
46.62340266,9.37379800,9
46.62318008,9.38685039,9
46.62295600,9.39990267,9
46.62273042,9.41295484,9
46.62250335,9.42600691,9
46.62227479,9.43905886,9
46.62204472,9.45211070,9
46.62181316,9.46516243,9
46.62158010,9.47821405,9
46.62134555,9.49126555,9
46.62110950,9.50431694,9
46.62087195,9.51736822,9
46.62063290,9.53041937,9
46.62039236,9.54347042,9
46.61966175,9.58262284,9
46.61941522,9.59567341,9
46.61916719,9.60872386,9
46.61891767,9.62177418,9
46.63239547,9.37412016,9
46.63217286,9.38717472,9
46.63194874,9.40022918,9
46.63172313,9.41328353,9
46.63149602,9.42633776,9
46.63126742,9.43939189,9
46.63103731,9.45244591,9
46.63080571,9.46549981,9
46.63057262,9.47855360,9
46.63033802,9.49160728,9
46.63010193,9.50466084,9
46.62986434,9.51771429,9
46.62962526,9.53076762,9
46.62840738,9.59603252,9
46.62815931,9.60908515,9
46.62790974,9.62213765,9
46.62765868,9.63519003,9
46.62740612,9.64824229,9
46.64204726,9.33527157,9
46.64138828,9.37444243,9
46.64116563,9.38749917,9
46.64094148,9.40055580,9
46.64071583,9.41361232,9
46.64048868,9.42666873,9
46.64026004,9.43972503,9
46.64002990,9.45278122,9
46.63979826,9.46583730,9
46.63956512,9.47889327,9
46.63933049,9.49194912,9
46.63909436,9.50500486,9
46.63715142,9.60944656,9
46.63690181,9.62250123,9
46.63665071,9.63555579,9
46.63639811,9.64861022,9
46.63614401,9.66166453,9
46.63588841,9.67471872,9
46.63563132,9.68777278,9
46.65189799,9.28334943,9
46.65168578,9.29640908,9
46.65147208,9.30946863,9
46.65104017,9.33558742,9
46.65082198,9.34864665,9
46.65038109,9.37476480,9
46.65015839,9.38782372,9
46.64993421,9.40088252,9
46.64948134,9.42699981,9
46.64902248,9.45311665,9
46.64855763,9.47923304,9
46.64564272,9.63592167,9
46.64539008,9.64897828,9
46.64513594,9.66203476,9
46.64488030,9.67509112,9
46.64462317,9.68814736,9
46.64436453,9.70120347,9
46.66110178,9.27059474,9
46.66089104,9.28365668,9
46.66067880,9.29671851,9
46.66046505,9.30978023,9
46.66024982,9.32284185,9
46.66003308,9.33590337,9
46.65981485,9.34896478,9
46.65959511,9.36202609,9
46.65937388,9.37508729,9
46.65438205,9.64934646,9
46.65412787,9.66240512,9
46.65387219,9.67546366,9
46.65361501,9.68852207,9
46.65335633,9.70158036,9
46.65309616,9.71463852,9
46.67009486,9.27089992,9
46.66988408,9.28396403,9
46.66967180,9.29702804,9
46.66945803,9.31009194,9
46.66924275,9.32315574,9
46.66286407,9.67583631,9
46.66260684,9.68889690,9
46.66234813,9.70195737,9
46.66208791,9.71501771,9
46.66182619,9.72807792,9
46.66156298,9.74113800,9
46.67908793,9.27120520,9
46.67887711,9.28427149,9
46.67866480,9.29733767,9
46.67845099,9.31040375,9
46.67823568,9.32346973,9
46.67159867,9.68927186,9
46.67133991,9.70233450,9
46.67107965,9.71539702,9
46.67081789,9.72845941,9
46.67055464,9.74152167,9
46.67028988,9.75458380,9
46.68829034,9.25844202,9
46.68808099,9.27151058,9
46.68787014,9.28457905,9
46.68059049,9.68964694,9
46.68033169,9.70271176,9
46.68007139,9.71577646,9
46.67980958,9.72884102,9
46.67954628,9.74190547,9
46.67928148,9.75496978,9
46.67901519,9.76803396,9
46.67874739,9.78109802,9
46.67847810,9.79416194,9
46.69728343,9.25874532,9
46.69707405,9.27181606,9
46.69686316,9.28488671,9
46.68906311,9.71615602,9
46.68880127,9.72922277,9
46.68853792,9.74228939,9
46.68827308,9.75535588,9
46.68800674,9.76842224,9
46.68773890,9.78148848,9
46.68746956,9.79455458,9
46.68719872,9.80762055,9
46.70689578,9.21982935,9
46.70669086,9.23290257,9
46.70648444,9.24597570,9
46.70627651,9.25904872,9
46.70606709,9.27212165,9
46.70585617,9.28519447,9
46.69752955,9.74267344,9
46.69726467,9.75574211,9
46.69699828,9.76881065,9
46.69673040,9.78187907,9
46.69646101,9.79494735,9
46.69619013,9.80801550,9
46.69591775,9.82108352,9
46.71629437,9.19397520,9
46.71609242,9.20705080,9
46.71588896,9.22012631,9
46.71568400,9.23320172,9
46.71547754,9.24627702,9
46.71526959,9.25935223,9
46.71506013,9.27242733,9
46.71484918,9.28550234,9
46.70572189,9.78226979,9
46.70545246,9.79534025,9
46.70518153,9.80841058,9
46.70490911,9.82148078,9
46.72548810,9.18119002,9
46.72528761,9.19426790,9
46.72508562,9.20734569,9
46.72488212,9.22042337,9
46.72467713,9.23350096,9
46.72447064,9.24657845,9
46.72426265,9.25965583,9
46.72405316,9.27273312,9
46.72384217,9.28581031,9
46.71444390,9.79573328,9
46.71417293,9.80880579,9
46.71390045,9.82187817,9
46.71362648,9.83495042,9
46.73448136,9.18148064,9
46.73428084,9.19456070,9
46.73407881,9.20764067,9
46.73387528,9.22072053,9
46.73367026,9.23380030,9
46.73346373,9.24687997,9
46.73325571,9.25995954,9
46.72343533,9.79612644,9
46.72316431,9.80920114,9
46.72289179,9.82227570,9
46.72261778,9.83535013,9
46.72234226,9.84842443,9
46.74347461,9.18177135,9
46.74327405,9.19485360,9
46.74307199,9.20793574,9
46.73215569,9.80959661,9
46.73188313,9.82267336,9
46.73160906,9.83574997,9
46.73133350,9.84882645,9
46.73105644,9.86190280,9
46.75266695,9.16897763,9
46.75246785,9.18206216,9
46.75226726,9.19514659,9
46.74087445,9.82307115,9
46.74060034,9.83614994,9
46.74032473,9.84922861,9
46.74004762,9.86230714,9
46.73976901,9.87538553,9
46.76185783,9.15617955,9
46.76166021,9.16926636,9
46.76146109,9.18235307,9
46.76126046,9.19543968,9
46.74986576,9.82346907,9
46.74959161,9.83655005,9
46.74931595,9.84963090,9
46.74903880,9.86271161,9
46.74876014,9.87579219,9
46.74847999,9.88887263,9
46.77104728,9.14337710,9
46.77085112,9.15646618,9
46.77065347,9.16955517,9
46.77045431,9.18264407,9
46.75858287,9.83695029,9
46.75830717,9.85003332,9
46.75802997,9.86311622,9
46.75775127,9.87619898,9
46.75747106,9.88928161,9
46.78023528,9.13057027,9
46.78004059,9.14366164,9
46.77984440,9.15675291,9
46.77964671,9.16984409,9
46.76729837,9.85043588,9
46.76702112,9.86352096,9
46.76674238,9.87660591,9
46.76646213,9.88969072,9
46.76618038,9.90277540,9
46.78922861,9.13085272,9
46.78903389,9.14394628,9
46.78883767,9.15703974,9
46.78863995,9.17013310,9
46.78844072,9.18322637,9
46.77628956,9.85083857,9
46.77601227,9.86392584,9
46.77573348,9.87701297,9
46.77545318,9.89009997,9
46.77517139,9.90318684,9
46.79802718,9.14423101,9
46.79783093,9.15732665,9
46.79763317,9.17042220,9
46.79743392,9.18351766,9
46.78472457,9.87742017,9
46.78444423,9.89050936,9
46.78416238,9.90359841,9
46.78387904,9.91668732,9
46.80682418,9.15761367,9
46.80662639,9.17071141,9
46.80642710,9.18380905,9
46.80622631,9.19690659,9
46.79371565,9.87782750,9
46.79343526,9.89091888,9
46.79315337,9.90401012,9
46.79286998,9.91710122,9
46.81581741,9.15790078,9
46.81561959,9.17100070,9
46.81542027,9.18410053,9
46.80270672,9.87823497,9
46.80242629,9.89132853,9
46.80214435,9.90442196,9
46.80186091,9.91751525,9
46.82481064,9.15818798,9
46.82461279,9.17129010,9
46.82441343,9.18439212,9
46.81169778,9.87864257,9
46.81141730,9.89173833,9
46.81113532,9.90483394,9
46.81085183,9.91792942,9
46.81056684,9.93102476,9
46.83380386,9.15847528,9
46.83360597,9.17157959,9
46.83340658,9.18468380,9
46.83320569,9.19778791,9
46.82040830,9.89214826,9
46.82012627,9.90524606,9
46.81984274,9.91834373,9
46.81955770,9.93144126,9
46.84279706,9.15876268,9
46.84259914,9.17186917,9
46.84239972,9.18497557,9
46.84219880,9.19808188,9
46.82911721,9.90565832,9
46.82883364,9.91875817,9
46.82854855,9.93185790,9
46.82826197,9.94495748,9
46.85198670,9.14594139,9
46.85179025,9.15905017,9
46.85159230,9.17215886,9
46.85139285,9.18526745,9
46.83810815,9.90607071,9
46.83782452,9.91917276,9
46.83753939,9.93227467,9
46.83725276,9.94537645,9
46.86078343,9.15933776,9
46.86058545,9.17244863,9
46.86038596,9.18555942,9
46.84681539,9.91958748,9
46.84653022,9.93269158,9
46.84624354,9.94579555,9
46.84595536,9.95889938,9
46.84566567,9.97200307,9
46.86977660,9.15962544,9
46.86957859,9.17273851,9
46.86937907,9.18585148,9
46.85552103,9.93310863,9
46.85523431,9.94621479,9
46.85494608,9.95932081,9
46.85465634,9.97242669,9
46.87857171,9.17302848,9
46.87837216,9.18614365,9
46.87817110,9.19925872,9
46.86422506,9.94663417,9
46.86393678,9.95974239,9
46.86364700,9.97285046,9
46.88776290,9.16020108,9
46.88756482,9.17331854,9
46.88736523,9.18643590,9
46.88716414,9.19955317,9
46.87350262,9.93394314,9
46.87321580,9.94705369,9
46.87292748,9.96016410,9
46.89675603,9.16048905,9
46.89655792,9.17360870,9
46.89635830,9.18672826,9
46.89615718,9.19984772,9
46.89595455,9.21296708,9
46.88249340,9.93436061,9
46.88220653,9.94747335,9
46.90555101,9.17389896,9
46.90535135,9.18702071,9
46.90515020,9.20014237,9
46.90494753,9.21326393,9
46.89148416,9.93477821,9
46.89119725,9.94789315,9
46.89090883,9.96100795,9
46.89061890,9.97412261,9
46.91454408,9.17418931,9
46.91434439,9.18731326,9
46.91414320,9.20043712,9
46.91394051,9.21356087,9
46.90018795,9.94831308,9
46.89989948,9.96143008,9
46.89960951,9.97454693,9
46.92353714,9.17447976,9
46.92333742,9.18760591,9
46.92313620,9.20073196,9
46.92293347,9.21385791,9
46.90917864,9.94873316,9
46.90889013,9.96185235,9
46.90860011,9.97497140,9
46.93272843,9.16164187,9
46.93253018,9.17477031,9
46.93233043,9.18789865,9
46.93212917,9.20102690,9
46.91816932,9.94915337,9
46.91788075,9.96227476,9
46.91759069,9.97539601,9
46.94191826,9.14879958,9
46.94172149,9.16193031,9
46.94152321,9.17506095,9
46.94132343,9.18819149,9
46.92715998,9.94957372,9
46.92687137,9.96269731,9
46.92658125,9.97582076,9
46.92628963,9.98894407,9
46.95091135,9.14908592,9
46.95071454,9.16221885,9
46.95051623,9.17535169,9
46.95031641,9.18848443,9
46.93643778,9.93686829,9
46.93615063,9.94999421,9
46.93586197,9.96312000,9
46.93557181,9.97624565,9
46.95970758,9.16250748,9
46.95950923,9.17564252,9
46.95930938,9.18877746,9
46.95910803,9.20191231,9
46.94542846,9.93728672,9
46.94514126,9.95041484,9
46.94485256,9.96354283,9
46.94456234,9.97667068,9
46.96889747,9.14965888,9
46.96870060,9.16279621,9
46.96850222,9.17593345,9
46.96830234,9.18907059,9
46.96810095,9.20220764,9
46.95441913,9.93770529,9
46.95413188,9.95083561,9
46.95384313,9.96396580,9
46.95355287,9.97709585,9
46.97789051,9.14994550,9
46.97769360,9.16308503,9
46.97749519,9.17622447,9
46.97729528,9.18936382,9
46.97709386,9.20250306,9
46.96340978,9.93812399,9
46.96312248,9.95125652,9
46.96283368,9.96438891,9
46.98668660,9.16337395,9
46.98648815,9.17651559,9
46.98628820,9.18965714,9
46.98608675,9.20279859,9
46.97268625,9.92540797,9
46.97240042,9.93854283,9
46.97211307,9.95167757,9
46.97182423,9.96481216,9
46.99567957,9.16366296,9
46.99548110,9.17680681,9
46.99528111,9.18995056,9
46.99507963,9.20309421,9
46.98167692,9.92582474,9
46.98139104,9.93896182,9
46.98110365,9.95209875,9
46.98081475,9.96523554,9
47.00467253,9.16395207,9
47.00447402,9.17709812,9
47.00427401,9.19024407,9
47.00407249,9.20338993,9
46.99066757,9.92624166,9
46.99038164,9.93938094,9
46.99009421,9.95252007,9
46.98980526,9.96565907,9
47.01366548,9.16424128,9
47.01346694,9.17738953,9
47.01326689,9.19053769,9
47.01306533,9.20368575,9
46.99965821,9.92665871,9
46.99937223,9.93980019,9
46.99908475,9.95294153,9
46.99879576,9.96608274,9
47.02245983,9.17768103,9
47.02225975,9.19083140,9
47.02205816,9.20398166,9
47.00864883,9.92707590,9
47.00836281,9.94021959,9
47.00807528,9.95336314,9
47.00778624,9.96650654,9
47.03145271,9.17797263,9
47.03125260,9.19112520,9
47.03105098,9.20427767,9
47.03084785,9.21743004,9
47.01792400,9.91434720,9
47.01763943,9.92749323,9
47.01735336,9.94063912,9
47.01706579,9.95378487,9
47.01677670,9.96693049,9
47.04064421,9.16510946,9
47.04044557,9.17826433,9
47.04024543,9.19141910,9
47.04004377,9.20457378,9
47.03984061,9.21772836,9
47.02691463,9.91476246,9
47.02663002,9.92791070,9
47.02634391,9.94105879,9
47.02605628,9.95420675,9
47.04943842,9.17855612,9
47.04923824,9.19171310,9
47.04903655,9.20486999,9
47.04883336,9.21802677,9
47.03618840,9.90202728,9
47.03590525,9.91517786,9
47.03562059,9.92832830,9
47.03533443,9.94147860,9
47.05843125,9.17884801,9
47.05823104,9.19200720,9
47.05802932,9.20516629,9
47.05782609,9.21832529,9
47.05762135,9.23148418,9
47.04489585,9.91559339,9
47.04461115,9.92874604,9
47.04432494,9.94189855,9
47.04403722,9.95505092,9
47.06722382,9.19230139,9
47.06702206,9.20546269,9
47.06681880,9.21862390,9
47.06661403,9.23178500,9
47.05416968,9.90285406,9
47.05388644,9.91600906,9
47.05360169,9.92916392,9
47.07621658,9.19259568,9
47.07601479,9.20575919,9
47.07581149,9.21892260,9
47.07560669,9.23208592,9
47.06316029,9.90326766,9
47.06287700,9.91642486,9
47.06259221,9.92958193,9
47.06230590,9.94273886,9
47.08520932,9.19289007,9
47.08500750,9.20605579,9
47.08480417,9.21922141,9
47.08459933,9.23238693,9
47.07271303,9.87736215,9
47.07243271,9.89052184,9
47.07215089,9.90368139,9
47.07186755,9.91684080,9
47.07158271,9.93000008,9
47.09420205,9.19318455,9
47.09400019,9.20635248,9
47.09379683,9.21952031,9
47.09359196,9.23268805,9
47.08142334,9.89093350,9
47.08114147,9.90409526,9
47.08085808,9.91725688,9
47.08057319,9.93041837,9
47.10319476,9.19347913,9
47.10299287,9.20664927,9
47.10278947,9.21981932,9
47.10258456,9.23298926,9
47.09041394,9.89134529,9
47.09013203,9.90450926,9
47.08984860,9.91767310,9
47.11238786,9.18060135,9
47.11218745,9.19377380,9
47.11198553,9.20694616,9
47.11178210,9.22011842,9
47.09996393,9.86542444,9
47.09968498,9.87859089,9
47.09940453,9.89175721,9
47.09912257,9.90492340,9
47.09883909,9.91808945,9
47.12118012,9.19406858,9
47.12097816,9.20724314,9
47.12077470,9.22041761,9
47.12056972,9.23359199,9
47.10923207,9.85266327,9
47.10895459,9.86583207,9
47.10867560,9.87900074,9
47.10839510,9.89216927,9
47.10811309,9.90533767,9
47.10782957,9.91850593,9
47.13017277,9.19436344,9
47.12997078,9.20754023,9
47.12976729,9.22071691,9
47.12956228,9.23389350,9
47.11849877,9.83989768,9
47.11822276,9.85306883,9
47.11794523,9.86623984,9
47.11766620,9.87941072,9
47.11738565,9.89258147,9
47.13875985,9.22101630,9
47.13855481,9.23419511,9
47.13834826,9.24737381,9
47.13814019,9.26055241,9
47.12857861,9.78760638,9
47.12830860,9.80078027,9
47.12803707,9.81395403,9
47.12776403,9.82712766,9
47.12748948,9.84030115,9
47.12721343,9.85347452,9
47.12693586,9.86664775,9
47.12665677,9.87982084,9
47.12637618,9.89299380,9
47.14754732,9.23449681,9
47.14734074,9.24767773,9
47.14713264,9.26085855,9
47.13783803,9.77482489,9
47.13756948,9.78800113,9
47.13729943,9.80117723,9
47.13702785,9.81435320,9
47.13675477,9.82752905,9
47.13648018,9.84070476,9
47.13620408,9.85388034,9
47.13592646,9.86705578,9
47.13564733,9.88023109,9
47.15633320,9.24798175,9
47.15612506,9.26116478,9
47.15591542,9.27434772,9
47.15570427,9.28753055,9
47.15527742,9.31389590,9
47.14736158,9.74886027,9
47.14709601,9.76203898,9
47.14682893,9.77521755,9
47.14656034,9.78839600,9
47.14629024,9.80157432,9
47.14601862,9.81475251,9
47.14574549,9.82793057,9
47.14547086,9.84110850,9
47.14519471,9.85428629,9
47.14491704,9.86746395,9
47.16490779,9.27465627,9
47.16469660,9.28784132,9
47.16448390,9.30102627,9
47.16426969,9.31421111,9
47.16383672,9.34058049,9
47.16361798,9.35376502,9
47.15635255,9.74924862,9
47.15608694,9.76242955,9
47.15581981,9.77561034,9
47.15555117,9.78879101,9
47.15528103,9.80197154,9
47.15500937,9.81515195,9
47.17390014,9.27496493,9
47.17368892,9.28815219,9
47.17347618,9.30133936,9
47.17326193,9.31452642,9
47.17304617,9.32771338,9
47.17282890,9.34090023,9
47.17261012,9.35408698,9
47.17238982,9.36727362,9
47.16534349,9.74963711,9
47.16507784,9.76282025,9
47.16481067,9.77600326,9
47.16454199,9.78918614,9
47.16427180,9.80236889,9
47.18246845,9.30165255,9
47.18225416,9.31484183,9
47.18203836,9.32803101,9
47.18182106,9.34122008,9
47.18160224,9.35440904,9
47.18138190,9.36759790,9
47.18116006,9.38078666,9
47.17512245,9.71046888,9
47.17486128,9.72365462,9
47.17459861,9.73684023,9
47.17433442,9.75002571,9
47.17406872,9.76321107,9
47.17380151,9.77639630,9
47.17353278,9.78958140,9
47.19146069,9.30196585,9
47.19124637,9.31515734,9
47.19103054,9.32834874,9
47.19081319,9.34154003,9
47.19059434,9.35473121,9
47.19037397,9.36792229,9
47.19015208,9.38111327,9
47.18992869,9.39430413,9
47.18514318,9.65809789,9
47.18488803,9.67128634,9
47.18463136,9.68447467,9
47.18437318,9.69766288,9
47.18411348,9.71085096,9
47.18385228,9.72403891,9
47.18358956,9.73722675,9
47.18332533,9.75041445,9
47.18305958,9.76360203,9
47.19980531,9.34186009,9
47.19958641,9.35505349,9
47.19936601,9.36824679,9
47.19914409,9.38143998,9
47.19892066,9.39463307,9
47.19489089,9.61889847,9
47.19464023,9.63208950,9
47.19438805,9.64528042,9
47.19413437,9.65847121,9
47.19387917,9.67166189,9
47.19362246,9.68485244,9
47.19336424,9.69804286,9
47.19310450,9.71123316,9
47.19284325,9.72442334,9
47.19258049,9.73761339,9
47.19231621,9.75080331,9
47.19205043,9.76399311,9
47.20835803,9.36857139,9
47.20813608,9.38176681,9
47.20791261,9.39496211,9
47.20437904,9.59287838,9
47.20413136,9.60607188,9
47.20388217,9.61926525,9
47.20363147,9.63245851,9
47.20337926,9.64565165,9
47.20312553,9.65884466,9
47.20287029,9.67203755,9
47.20261354,9.68523032,9
47.20235527,9.69842297,9
47.20209549,9.71161549,9
47.20183420,9.72480789,9
47.20130708,9.75119230,9
47.21735003,9.36889610,9
47.21712804,9.38209374,9
47.21690454,9.39529126,9
47.21667952,9.40848868,9
47.21337038,9.59324085,9
47.21312267,9.60643656,9
47.21287344,9.61963216,9
47.21262270,9.63282764,9
47.21237044,9.64602300,9
47.21211667,9.65921823,9
47.21186139,9.67241335,9
47.21160460,9.68560834,9
47.21134629,9.69880320,9
47.21108647,9.71199794,9
47.21082513,9.72519256,9
47.22589644,9.39562052,9
47.22567139,9.40882016,9
47.22544482,9.42201970,9
47.22285268,9.56720720,9
47.22260795,9.58040537,9
47.22236171,9.59360343,9
47.22211395,9.60680137,9
47.22186468,9.61999919,9
47.22161390,9.63319689,9
47.22136160,9.64639447,9
47.22110779,9.65959192,9
47.23466324,9.40915175,9
47.23443663,9.42235351,9
47.23420851,9.43555515,9
47.23397888,9.44875669,9
47.23328090,9.48836063,9
47.23304521,9.50156172,9
47.23280801,9.51476270,9
47.23232907,9.54116431,9
47.23208732,9.55436494,9
47.23184407,9.56756545,9
47.23159930,9.58076585,9
47.23135302,9.59396613,9
47.23110522,9.60716629,9
47.23085591,9.62036633,9
47.24320026,9.43589129,9
47.24297059,9.44909505,9
47.24273941,9.46229870,9
47.24250671,9.47550224,9
47.24227250,9.48870567,9
47.24203677,9.50190898,9
47.24179953,9.51511218,9
47.24156078,9.52831526,9
47.24132051,9.54151823,9
47.24107873,9.55472109,9
47.24083543,9.56792383,9
47.24059062,9.58112645,9
47.24034430,9.59432895,9
47.24009646,9.60753134,9
47.23984711,9.62073360,9
47.25196228,9.44943353,9
47.25173106,9.46263940,9
47.25149833,9.47584516,9
47.25126407,9.48905081,9
47.25102831,9.50225635,9
47.25079103,9.51546177,9
47.25055224,9.52866708,9
47.25031193,9.54187228,9
47.25007011,9.55507736,9
47.24982677,9.56828232,9
47.24958192,9.58148716,9
47.24933556,9.59469189,9
47.26072269,9.46298021,9
47.26048992,9.47618820,9
47.26025563,9.48939607,9
47.26001983,9.50260384,9
47.25978251,9.51581148,9
47.25954368,9.52901902,9
47.25930333,9.54222644,9
47.25906147,9.55543374,9
47.25881809,9.56864093,9
47.26877396,9.51616131,9
47.26853509,9.52937107,9
