45.82838940,6.01286816,10
45.82855205,6.02573318,10
45.82871324,6.03859828,10
45.82887295,6.05146345,10
45.82903118,6.06432871,10
45.82918794,6.07719404,10
45.82934323,6.09005945,10
45.82949704,6.10292494,10
45.82964937,6.11579050,10
45.82980023,6.12865614,10
45.82994962,6.14152185,10
45.83009753,6.15438763,10
45.83024397,6.16725349,10
45.83038893,6.18011941,10
45.83053242,6.19298541,10
45.83671754,5.96116678,10
45.83688612,5.97403358,10
45.83705323,5.98690046,10
45.83721887,5.99976743,10
45.83738303,6.01263447,10
45.83754572,6.02550160,10
45.83770693,6.03836881,10
45.83786666,6.05123609,10
45.83802492,6.06410346,10
45.83818171,6.07697090,10
45.83833702,6.08983842,10
45.83849086,6.10270601,10
45.83864322,6.11557368,10
45.83879410,6.12844143,10
45.83894351,6.14130925,10
45.83909145,6.15417714,10
45.83923791,6.16704511,10
45.83938290,6.17991314,10
45.83952641,6.19278125,10
45.83966845,6.20564943,10
45.83980901,6.21851768,10
45.83994809,6.23138600,10
45.84008571,6.24425438,10
45.84022184,6.25712283,10
45.84502187,5.90944977,10
45.84519638,5.92231834,10
45.84536942,5.93518700,10
45.84554099,5.94805574,10
45.84571107,5.96092457,10
45.84587969,5.97379348,10
45.84604683,5.98666247,10
45.84621249,5.99953155,10
45.84637668,6.01240070,10
45.84653939,6.02526994,10
45.84670063,6.03813926,10
45.84686039,6.05100865,10
45.84701868,6.06387813,10
45.84717549,6.07674768,10
45.84733083,6.08961731,10
45.84748469,6.10248701,10
45.84763708,6.11535679,10
45.84778799,6.12822665,10
45.84793743,6.14109658,10
45.84808539,6.15396658,10
45.84823187,6.16683666,10
45.84837688,6.17970680,10
45.84852042,6.19257702,10
45.84866248,6.20544731,10
45.84880307,6.21831767,10
45.84894218,6.23118809,10
45.84907981,6.24405859,10
45.84921597,6.25692915,10
45.84935065,6.26979978,10
45.84948386,6.28267047,10
45.85383928,5.89632843,10
45.85401530,5.90919903,10
45.85418985,5.92206971,10
45.85436291,5.93494048,10
45.85453451,5.94781134,10
45.85470463,5.96068227,10
45.85487327,5.97355330,10
45.85504043,5.98642440,10
45.85520613,5.99929559,10
45.85537034,6.01216685,10
45.85553308,6.02503820,10
45.85569435,6.03790963,10
45.85585414,6.05078114,10
45.85601245,6.06365272,10
45.85616929,6.07652438,10
45.85632465,6.08939612,10
45.85647854,6.10226794,10
45.85663095,6.11513983,10
45.85678189,6.12801179,10
45.85693135,6.14088383,10
45.85707934,6.15375595,10
45.85722585,6.16662813,10
45.85737088,6.17950039,10
45.85751444,6.19237272,10
45.85765653,6.20524512,10
45.85779714,6.21811759,10
45.85793627,6.23099012,10
45.85807393,6.24386273,10
45.85821011,6.25673540,10
45.85834482,6.26960814,10
45.85847805,6.28248095,10
45.85860981,6.29535382,10
45.85874009,6.30822675,10
45.86283270,5.89607550,10
45.86300875,5.90894821,10
45.86318332,5.92182101,10
45.86335642,5.93469389,10
45.86352804,5.94756685,10
45.86369819,5.96043990,10
45.86386686,5.97331303,10
45.86403406,5.98618625,10
45.86419977,5.99905954,10
45.86436402,6.01193292,10
45.86636490,6.17929391,10
45.86650848,6.19216835,10
45.86665059,6.20504286,10
45.86679122,6.21791744,10
45.86693038,6.23079208,10
45.86706806,6.24366680,10
45.86720427,6.25654159,10
45.86733899,6.26941644,10
45.86747225,6.28229135,10
45.86760403,6.29516633,10
45.86773433,6.30804138,10
45.86786316,6.32091649,10
45.86799051,6.33379166,10
45.87182613,5.89582248,10
45.87200221,5.90869730,10
45.87217682,5.92157221,10
45.87234994,5.93444720,10
45.87252159,5.94732228,10
45.87269177,5.96019744,10
45.87606221,6.24347081,10
45.87619843,6.25634770,10
45.87633319,6.26922467,10
45.87646646,6.28210169,10
45.87659826,6.29497879,10
45.87672859,6.30785595,10
45.87685744,6.32073317,10
45.87698481,6.33361045,10
45.87711071,6.34648780,10
45.88081958,5.89556938,10
45.88099569,5.90844631,10
45.88117032,5.92132333,10
45.88546069,6.28191197,10
45.88559251,6.29479118,10
45.88572286,6.30767045,10
45.88585173,6.32054978,10
45.88597912,6.33342918,10
45.88610504,6.34630864,10
45.89471714,6.30748489,10
45.89484604,6.32036634,10
45.89497345,6.33324785,10
45.89509939,6.34612942,10
45.90396779,6.33306645,10
45.90409375,6.34595014,10
45.90421824,6.35883389,10
45.90434125,6.37171770,10
45.91296215,6.33288499,10
45.91308813,6.34577079,10
45.91321263,6.35865666,10
45.91333566,6.37154258,10
45.91345721,6.38442857,10
45.91357729,6.39731462,10
45.92195652,6.33270347,10
45.92208252,6.34559139,10
45.92220704,6.35847937,10
45.92233009,6.37136741,10
45.92245166,6.38425551,10
45.92257176,6.39714367,10
45.92269037,6.41003189,10
45.92280751,6.42292017,10
45.93107692,6.34541192,10
45.93120147,6.35830202,10
45.93132453,6.37119217,10
45.93144613,6.38408239,10
45.93156624,6.39697267,10
45.93168488,6.40986301,10
45.93180204,6.42275340,10
45.93191772,6.43564385,10
45.94031899,6.37101688,10
45.94044060,6.38390921,10
45.94056074,6.39680161,10
45.94067939,6.40969406,10
45.94079657,6.42258657,10
45.94091227,6.43547914,10
45.94102650,6.44837177,10
45.94113924,6.46126445,10
45.94955524,6.39663049,10
45.94967392,6.40952506,10
45.94979112,6.42241969,10
45.94990684,6.43531438,10
45.95002108,6.44820912,10
45.95013385,6.46110392,10
45.95024514,6.47399877,10
45.95035494,6.48689368,10
45.95866846,6.40935600,10
45.95878568,6.42225275,10
45.95890142,6.43514955,10
45.95901568,6.44804641,10
45.95912846,6.46094333,10
45.95923977,6.47384030,10
45.95934960,6.48673733,10
45.95945795,6.49963441,10
45.95956482,6.51253154,10
45.96789601,6.43498467,10
45.96801029,6.44788365,10
45.96812309,6.46078269,10
45.96823442,6.47368178,10
45.96834426,6.48658093,10
45.96845263,6.49948013,10
45.96855952,6.51237938,10
45.96866493,6.52527868,10
45.97711773,6.46062200,10
45.97722907,6.47352321,10
45.97733894,6.48642447,10
45.97744733,6.49932579,10
45.97755423,6.51222716,10
45.97765966,6.52512859,10
45.98633363,6.48626796,10
45.98644203,6.49917140,10
45.98654896,6.51207490,10
45.98665440,6.52497844,10
45.98675837,6.53788204,10
45.98686086,6.55078569,10
45.99543675,6.49901696,10
45.99554369,6.51192258,10
45.99564916,6.52482824,10
45.99575314,6.53773396,10
45.99585565,6.55063973,10
45.99595667,6.56354555,10
46.00453844,6.51177021,10
46.00464392,6.52467799,10
46.00474792,6.53758583,10
46.00485044,6.55049373,10
46.00495149,6.56340167,10
46.00505105,6.57630966,10
46.01363869,6.52452769,10
46.01374271,6.53743766,10
46.01384525,6.55034767,10
46.01394631,6.56325773,10
46.01404589,6.57616785,10
46.01414399,6.58907801,10
46.02273751,6.53728943,10
46.02284007,6.55020157,10
46.02294115,6.56311375,10
46.02304074,6.57602599,10
46.02313886,6.58893827,10
46.02323550,6.60185061,10
46.03183490,6.55005541,10
46.03193599,6.56296972,10
46.03203561,6.57588408,10
46.03213374,6.58879849,10
46.03223039,6.60171295,10
46.04093085,6.56282564,10
46.04103048,6.57574213,10
46.04112863,6.58865866,10
46.04122530,6.60157525,10
46.04992571,6.56268151,10
46.05002536,6.57560013,10
46.05012353,6.58851879,10
46.05022021,6.60143749,10
46.05031542,6.61435625,10
46.05892058,6.56253734,10
46.05902025,6.57545807,10
46.05911843,6.58837886,10
46.05921513,6.60129970,10
46.05931036,6.61422058,10
46.06801515,6.57531597,10
46.06811335,6.58823889,10
46.06821007,6.60116185,10
46.06830530,6.61408486,10
46.06839906,6.62700791,10
46.07710827,6.58809887,10
46.07720501,6.60102396,10
46.07730026,6.61394909,10
46.07739403,6.62687428,10
46.08610321,6.58795880,10
46.08619996,6.60088602,10
46.08629523,6.61381328,10
46.08638901,6.62674060,10
46.09509815,6.58781868,10
46.09519491,6.60074803,10
46.09529020,6.61367743,10
46.09538400,6.62660687,10
46.10409310,6.58767852,10
46.10418988,6.60061000,10
46.10428518,6.61354152,10
46.11308805,6.58753831,10
46.11318485,6.60047192,10
46.11328017,6.61340557,10
46.12198472,6.57446236,10
46.12208302,6.58739805,10
46.12217983,6.60033379,10
46.12227517,6.61326958,10
46.13097967,6.57431992,10
46.13107799,6.58725774,10
46.13117482,6.60019562,10
46.13997464,6.57417743,10
46.14007297,6.58711739,10
46.14016982,6.60005739,10
46.14896961,6.57403489,10
46.14906796,6.58697699,10
46.14916482,6.59991913,10
46.14926020,6.61286131,10
46.15796458,6.57389231,10
46.15806295,6.58683654,10
46.15815983,6.59978081,10
46.15825523,6.61272513,10
46.16695957,6.57374968,10
46.16705795,6.58669604,10
46.16715484,6.59964245,10
46.16725026,6.61258890,10
46.17585467,6.56065855,10
46.17595456,6.57360699,10
46.17605295,6.58655549,10
46.17614987,6.59950404,10
46.17624530,6.61245263,10
46.18494955,6.57346426,10
46.18504796,6.58641490,10
46.18514489,6.59936558,10
46.18524034,6.61231631,10
46.19404298,6.58627426,10
46.19413993,6.59922708,10
46.19423539,6.61217994,10
46.20303800,6.58613357,10
46.20313497,6.59908853,10
46.20323044,6.61204353,10
46.21203303,6.58599283,10
46.21213001,6.59894993,10
46.21222550,6.61190707,10
46.21231951,6.62486426,10
46.22102807,6.58585205,10
46.22112506,6.59881128,10
46.22122057,6.61177057,10
46.22131459,6.62472990,10
46.23002310,6.58571122,10
46.23012011,6.59867259,10
46.23021564,6.61163402,10
46.23030968,6.62459549,10
46.23901815,6.58557034,10
46.23911517,6.59853385,10
46.23921071,6.61149742,10
46.23930477,6.62446103,10
46.23939734,6.63742469,10
46.24811024,6.59839507,10
46.24820579,6.61136077,10
46.24829986,6.62432653,10
46.24839245,6.63729233,10
46.25700824,6.58528843,10
46.25710530,6.59825624,10
46.25720088,6.61122408,10
46.25729496,6.62419198,10
46.26600330,6.58514741,10
46.26610037,6.59811736,10
46.26619596,6.61108735,10
46.26629007,6.62405739,10
46.27499836,6.58500634,10
46.27509545,6.59797843,10
46.27519105,6.61095056,10
46.27528517,6.62392275,10
46.28399342,6.58486522,10
46.28409053,6.59783945,10
46.28418615,6.61081374,10
46.28428028,6.62378806,10
46.29298848,6.58472406,10
46.29308561,6.59770043,10
46.29318124,6.61067686,10
46.30198355,6.58458284,10
46.30208069,6.59756137,10
46.30217635,6.61053994,10
46.30227051,6.62351856,10
46.31107578,6.59742225,10
46.31117145,6.61040297,10
46.31126563,6.62338374,10
46.32007087,6.59728309,10
46.32016655,6.61026596,10
46.32026075,6.62324887,10
46.32896877,6.58415891,10
46.32906596,6.59714388,10
46.32916166,6.61012890,10
46.32925587,6.62311396,10
46.32934860,6.63609906,10
46.33796385,6.58401751,10
46.33806105,6.59700462,10
46.33815677,6.60999179,10
46.33825100,6.62297900,10
46.34705615,6.59686532,10
46.34715188,6.60985463,10
46.34724613,6.62284399,10
46.35605125,6.59672597,10
46.35614699,6.60971744,10
46.35624125,6.62270895,10
46.35633402,6.63570050,10
46.36504634,6.59658657,10
46.36514211,6.60958019,10
46.36523638,6.62257385,10
46.36532917,6.63556756,10
46.37404144,6.59644713,10
46.37413722,6.60944290,10
46.37423152,6.62243871,10
46.37432432,6.63543457,10
46.38293926,6.58330977,10
46.38303654,6.59630764,10
46.38313234,6.60930556,10
46.38322665,6.62230353,10
46.38331946,6.63530154,10
46.39193434,6.58316808,10
46.39203164,6.59616810,10
46.39212746,6.60916817,10
46.39222178,6.62216829,10
46.40092943,6.58302634,10
46.40102675,6.59602852,10
46.40112257,6.60903074,10
46.40121691,6.62203302,10
46.40992451,6.58288455,10
46.41002185,6.59588888,10
46.41011769,6.60889327,10
46.41021205,6.62189769,10
46.41891960,6.58274272,10
46.41901695,6.59574921,10
46.41911281,6.60875574,10
46.41920718,6.62176233,10
46.42781582,6.56959223,10
46.42791468,6.58260083,10
46.42801205,6.59560948,10
46.42810793,6.60861817,10
46.42820231,6.62162691,10
46.43681089,6.56944815,10
46.43690977,6.58245890,10
46.43700715,6.59546971,10
46.43710304,6.60848056,10
46.43719744,6.62149145,10
46.44570557,6.55629115,10
46.44580596,6.56930401,10
46.44590485,6.58231692,10
46.44600225,6.59532989,10
46.44609816,6.60834289,10
46.45459873,6.54312983,10
46.45470062,6.55614480,10
46.45480102,6.56915983,10
46.45489993,6.58217490,10
46.45499735,6.59519002,10
46.46359376,6.54298128,10
46.46369567,6.55599841,10
46.46379609,6.56901559,10
46.46389501,6.58203283,10
46.46399244,6.59505010,10
46.47248537,6.52981343,10
46.47258879,6.54283268,10
46.47269072,6.55585197,10
46.47279115,6.56887131,10
46.47289009,6.58189070,10
46.48137546,6.51664127,10
46.48148038,6.52966262,10
46.48158382,6.54268403,10
46.48168576,6.55570548,10
46.48178621,6.56872698,10
46.49026401,6.50346478,10
46.49037045,6.51648825,10
46.49047539,6.52951176,10
46.49057885,6.54253533,10
46.49068080,6.55555894,10
46.49915103,6.49028397,10
46.49925898,6.50330955,10
46.49936544,6.51633517,10
46.49947040,6.52936085,10
46.49957387,6.54238658,10
46.49967585,6.55541235,10
46.50803652,6.47709884,10
46.50814598,6.49012652,10
46.50825395,6.50315426,10
46.50836042,6.51618205,10
46.50846540,6.52920989,10
46.50856889,6.54223778,10
46.51692048,6.46390938,10
46.51703145,6.47693917,10
46.51714093,6.48996902,10
46.51724892,6.50299892,10
46.51735541,6.51602887,10
46.51746040,6.52905887,10
46.52580291,6.45071559,10
46.52591539,6.46374749,10
46.52602638,6.47677945,10
46.52613588,6.48981146,10
46.52624388,6.50284352,10
46.52635039,6.51587564,10
46.53445132,6.41144962,10
46.53456831,6.42448352,10
46.53468380,6.43751747,10
46.53479779,6.45055149,10
46.53491030,6.46358555,10
46.53502130,6.47661968,10
46.53513082,6.48965385,10
46.53523884,6.50268808,10
46.54332765,6.39824295,10
46.54344615,6.41127896,10
46.54356315,6.42431503,10
46.54367866,6.43735115,10
46.54379268,6.45038733,10
46.54390520,6.46342356,10
46.54401622,6.47645985,10
46.54412576,6.48949619,10
46.54635618,5.87659837,10
46.54653448,5.88963366,10
46.55195793,6.35895590,10
46.55208093,6.37199390,10
46.55220244,6.38503195,10
46.55232245,6.39807007,10
46.55244097,6.41110825,10
46.55255799,6.42414648,10
46.55267352,6.43718477,10
46.55278756,6.45022311,10
46.55290010,6.46326151,10
46.55301114,6.47629996,10
46.55534999,5.87633874,10
46.55552832,5.88937620,10
46.55570515,5.90241374,10
46.56004965,6.26749702,10
46.56018314,6.28053675,10
46.56031513,6.29357654,10
46.56044563,6.30661640,10
46.56057463,6.31965632,10
46.56082815,6.34573635,10
46.56095267,6.35877646,10
46.56107569,6.37181662,10
46.56119722,6.38485685,10
46.56131725,6.39789713,10
46.56143579,6.41093747,10
46.56155283,6.42397787,10
46.56166838,6.43701833,10
46.56178243,6.45005884,10
46.56434379,5.87607903,10
46.56452215,5.88911865,10
46.56469902,5.90215836,10
46.56487439,5.91519816,10
46.56504826,5.92823804,10
46.56522064,5.94127801,10
46.56539152,5.95431805,10
46.56877274,6.24121875,10
46.56890923,6.25426051,10
46.56904424,6.26730234,10
46.56917775,6.28034424,10
46.56930976,6.29338620,10
46.56944028,6.30642823,10
46.56956930,6.31947032,10
46.56969683,6.33251247,10
46.56982286,6.34555468,10
46.56994740,6.35859696,10
46.57007044,6.37163929,10
46.57019199,6.38468168,10
46.57031204,6.39772414,10
46.57043060,6.41076665,10
46.57054766,6.42380921,10
46.57333759,5.87581923,10
46.57351598,5.88886102,10
46.57369287,5.90190290,10
46.57386827,5.91494487,10
46.57404218,5.92798692,10
46.57421458,5.94102905,10
46.57438550,5.95407127,10
46.57455492,5.96711357,10
46.57472284,5.98015595,10
46.57488926,5.99319841,10
46.57505420,6.00624095,10
46.57521763,6.01928358,10
46.57537957,6.03232628,10
46.57616685,6.09754095,10
46.57631982,6.11058411,10
46.57647129,6.12362734,10
46.57662127,6.13667065,10
46.57676976,6.14971403,10
46.57691674,6.16275749,10
46.57706224,6.17580101,10
46.57720623,6.18884460,10
46.57734874,6.20188827,10
46.57748974,6.21493200,10
46.57762925,6.22797580,10
46.57776727,6.24101967,10
46.57790379,6.25406360,10
46.57803882,6.26710760,10
46.57817235,6.28015167,10
46.57830438,6.29319580,10
46.57843492,6.30623999,10
46.57856397,6.31928425,10
46.57869152,6.33232857,10
46.57881757,6.34537295,10
46.57894213,6.35841740,10
46.57906519,6.37146190,10
46.57918676,6.38450646,10
46.57930683,6.39755108,10
46.58250980,5.88860331,10
46.58268673,5.90164736,10
46.58286216,5.91469149,10
46.58303609,5.92773571,10
46.58320852,5.94078001,10
46.58337947,5.95382440,10
46.58354891,5.96686887,10
46.58371686,5.97991342,10
46.58388332,5.99295805,10
46.58404828,6.00600276,10
46.58421174,6.01904755,10
46.58437371,6.03209242,10
46.58453418,6.04513737,10
46.58469316,6.05818240,10
46.58485064,6.07122751,10
46.58500662,6.08427269,10
46.58516111,6.09731794,10
46.58531411,6.11036327,10
46.58546561,6.12340868,10
46.58561561,6.13645415,10
46.58576412,6.14949970,10
46.58591113,6.16254533,10
46.58605665,6.17559102,10
46.58620067,6.18863678,10
46.58634320,6.20168261,10
46.58648423,6.21472852,10
46.58662376,6.22777449,10
46.58676180,6.24082052,10
46.58689835,6.25386663,10
46.58703339,6.26691280,10
46.58716695,6.27995903,10
46.59185603,5.91443803,10
46.59202999,5.92748442,10
46.59220246,5.94053089,10
46.59237343,5.95357744,10
46.59254290,5.96662408,10
46.59271088,5.97967080,10
46.59287736,5.99271761,10
46.59304235,6.00576449,10
46.59320584,6.01881145,10
46.59336784,6.03185849,10
46.59352834,6.04490561,10
46.59368734,6.05795281,10
46.59384485,6.07100008,10
46.59400086,6.08404743,10
46.59415537,6.09709486,10
46.59430839,6.11014236,10
46.59445992,6.12318993,10
46.59460995,6.13623758,10
46.59475848,6.14928530,10
46.59490552,6.16233309,10
46.59505106,6.17538096,10
46.59519510,6.18842889,10
46.59533765,6.20147689,10
46.59547871,6.21452497,10
46.59561826,6.22757311,10
46.59575633,6.24062131,10
46.59589289,6.25366959,10
46.59602796,6.26671793,10
46.60136739,5.95333041,10
46.60153689,5.96637922,10
46.60170490,5.97942811,10
46.60187141,5.99247708,10
46.60203642,6.00552614,10
46.60219994,6.01857527,10
46.60236196,6.03162448,10
46.60252249,6.04467377,10
46.60268152,6.05772314,10
46.60283905,6.07077259,10
46.60299509,6.08382211,10
46.60314963,6.09687170,10
46.60330267,6.10992137,10
46.60345422,6.12297112,10
46.60360428,6.13602094,10
46.60375283,6.14907083,10
46.60389990,6.16212079,10
46.60404546,6.17517083,10
46.60418953,6.18822093,10
46.60433210,6.20127110,10
46.60447318,6.21432135,10
46.60461276,6.22737166,10
46.60475085,6.24042204,10
46.61103049,6.00528771,10
46.61135608,6.03139039,10
46.61151663,6.04444186,10
46.61167569,6.05749340,10
46.61183325,6.07054501,10
46.61198931,6.08359671,10
46.61274718,6.14885629,10
