45.909362742320,7.343278415902,10
45.909372931387,7.356164730384,10
45.918120514372,7.188602240121,10
45.918148428248,7.201490557025,10
45.918174865199,7.214378887300,10
45.918199825226,7.227267230218,10
45.918265843759,7.265932327572,10
45.918284896087,7.278820713800,10
45.918346336153,7.330374341552,10
45.918358003858,7.343262765567,10
45.918368194638,7.356151194959,10
45.918376908494,7.369039629002,10
45.918384145425,7.381928066968,10
45.918389905431,7.394816508132,10
45.926878957888,7.098328604430,10
45.926917216669,7.111218923028,10
45.927023129973,7.149889986660,10
45.927086352977,7.175670778347,10
45.927115748720,7.188561196789,10
45.927143667290,7.201451629329,10
45.927170108687,7.214342075239,10
45.927195072910,7.227232533793,10
45.927218559961,7.240123004265,10
45.927240569839,7.253013485928,10
45.927261102543,7.265903978054,10
45.927280158075,7.278794479918,10
45.927313837619,7.304575509950,10
45.927328461632,7.317466036666,10
45.927341608472,7.330356570212,10
45.927353278138,7.343247109863,10
45.927363470632,7.356137654891,10
45.927372185953,7.369028204569,10
45.927379424101,7.381918758171,10
45.927385185075,7.394809314971,10
45.927389468877,7.407699874241,10
45.935834422304,7.085380316718,10
45.935874164938,7.098272732493,10
45.935912430150,7.111165167453,10
45.935949217941,7.124057620870,10
45.936018361260,7.149842580169,10
45.936050716787,7.162735084598,10
45.936081594893,7.175627604578,10
45.936110995577,7.188520139381,10
45.936138918841,7.201412688282,10
45.936165364682,7.214305250554,10
45.936190333103,7.227197825469,10
45.936213824102,7.240090412302,10
45.936235837680,7.252983010326,10
45.936256373837,7.265875618814,10
45.936275432572,7.278768237038,10
45.936293013886,7.291660864274,10
45.936309117778,7.304553499794,10
45.936323744249,7.317446142871,10
45.936336893299,7.330338792778,10
45.936348564928,7.343231448790,10
45.936358759135,7.356124110179,10
45.936367475921,7.369016776218,10
45.936374715285,7.381909446182,10
45.936380477229,7.394802119343,10
45.936384761750,7.407694794974,10
45.936387568851,7.420587472350,10
45.936388898530,7.433480150743,10
45.944788407965,7.072427795588,10
45.944829634949,7.085322308540,10
45.944869384263,7.098216841402,10
45.944907655907,7.111111393449,10
45.944944449882,7.124005963953,10
45.944979766187,7.136900552187,10
45.945013604822,7.149795157425,10
45.945045965788,7.162689778941,10
45.945076849084,7.175584416007,10
45.945106254710,7.188479067898,10
45.945134182667,7.201373733885,10
45.945160632954,7.214268413244,10
45.945185605571,7.227163105246,10
45.945209100519,7.240057809166,10
45.945231117797,7.252952524276,10
45.945251657405,7.265847249851,10
45.945270719344,7.278741985162,10
45.945288303613,7.291636729485,10
45.945304410213,7.304531482091,10
45.945319039142,7.317426242255,10
45.945362778164,7.369005343950,10
45.945370018746,7.381900131000,10
45.945375781657,7.394794921248,10
45.945380066899,7.407689713966,10
45.945382874472,7.420584508429,10
45.945384204375,7.433479303908,10
45.953783625724,7.072367649718,10
45.953824859636,7.085264280482,10
45.953864615630,7.098160931157,10
45.953902893706,7.111057601016,10
45.953939693864,7.123954289332,10
45.953975016105,7.136850995378,10
45.954008860427,7.149747718429,10
45.954072115317,7.175541212636,10
45.954226409956,7.252922027779,10
45.954246953017,7.265818871165,10
45.954375384091,7.407684631217,10
45.954378192135,7.420581543491,10
45.954379522261,7.433478456783,10
45.954379374469,7.446375370366,10
45.954377748760,7.459272283513,10
45.954374645132,7.472169195497,10
45.954370063586,7.485066105592,10
45.962736136284,7.059408754577,10
45.962778855291,7.072307483242,10
45.962820096132,7.085206232544,10
45.963373521607,7.420578577538,10
45.963374851957,7.433477609368,10
45.963374704140,7.446376641489,10
45.963373078157,7.459275673173,10
45.963369974008,7.472174703695,10
45.963365391692,7.485073732328,10
45.963359331210,7.497972758345,10
45.963351792562,7.510871781018,10
45.963342775747,7.523770799623,10
45.963332280766,7.536669813432,10
45.971687165652,7.046445621668,10
45.971731370250,7.059346448232,10
45.971774096434,7.072247296160,10
45.972366053667,7.407674460493,10
45.972368862654,7.420575610569,10
45.972370193228,7.433476761663,10
45.972370045386,7.446377913047,10
45.972368419130,7.459279063995,10
45.972365314459,7.472180213780,10
45.972360731374,7.485081361676,10
45.972354669874,7.497982506956,10
45.972347129959,7.510883648894,10
45.972338111629,7.523784786762,10
45.972327614885,7.536685919834,10
45.980682403535,7.046381174003,10
45.980726615559,7.059284120556,10
45.981364215044,7.420572642585,10
45.981365545841,7.433475913667,10
45.981365397975,7.446379185040,10
45.981363771445,7.459282455977,10
45.981360666253,7.472185725752,10
45.981350019879,7.497992258906,10
45.981342478698,7.510895520832,10
45.981333458854,7.523798778689,10
45.981322960346,7.536702031750,10
45.989584776895,7.020506636744,10
45.989631954167,7.033411659103,10
45.989677652527,7.046316704280,10
45.989721871976,7.059221771548,10
45.990359134869,7.459285849121,10
45.990318316917,7.536718149181,10
45.990306337735,7.549623517434,10
45.990292879642,7.562528879437,10
45.998481213302,6.994623685843,10
45.998531356815,7.007530781828,10
45.998580021168,7.020437902084,10
45.998627206361,7.033345045884,10
45.998672912395,7.046252212501,10
45.999324186396,7.523826776910,10
45.999313684362,7.536734272126,10
45.999301703169,7.549641761819,10
45.999288242816,7.562549245262,10
45.999273303303,7.575456721730,10
45.999256884631,7.588364190495,10
46.007203500852,6.930004982084,10
46.007261049823,6.942914067981,10
46.007317119386,6.955823181783,10
46.007371709541,6.968732322761,10
46.007424820289,6.981641490191,10
46.007476451628,6.994550683344,10
46.007526603559,7.007459901495,10
46.007575276082,7.020369143916,10
46.008309062450,7.536750400585,10
46.008297079245,7.549660012443,10
46.008283616633,7.562569618053,10
46.008268674612,7.575479216686,10
46.008252253183,7.588388807617,10
46.008234352346,7.601298390118,10
46.008214972101,7.614207963464,10
46.016079147537,6.904099009211,10
46.016139665481,6.917010160012,10
46.016198703769,6.929921340170,10
46.016256262400,6.942832548958,10
46.016312341376,6.955743785651,10
46.016366940694,6.968655049521,10
46.016420060357,6.981566339842,10
46.016471700363,6.994477655886,10
46.016521860712,7.007388996928,10
46.017247632144,7.588413433155,10
46.017229728302,7.601325138548,10
46.017210344804,7.614236834784,10
46.017189481650,7.627148521138,10
46.025074340565,6.904011091477,10
46.025134868666,6.916924365894,10
46.025193916862,6.929837669669,10
46.025251485153,6.942751002074,10
46.025307573540,6.955664362384,10
46.025362182023,6.968577749870,10
46.025415310600,6.981491163808,10
46.025466959273,6.994404603469,10
46.026225114434,7.601351896119,10
46.026205727683,7.614265715972,10
46.026184861027,7.627179525943,10
46.026162514466,7.640093325305,10
46.034069543535,6.903923143704,10
46.034130081792,6.916838542464,10
46.034189139897,6.929753970581,10
46.034246717849,6.942669427329,10
46.035220510507,7.601378662833,10
46.035180250346,7.627210541341,10
46.035157900036,7.640126465045,10
46.035134069572,7.653042377413,10
46.035108758956,7.665958277718,10
46.043064756213,6.903835165894,10
46.043125304628,6.916752689721,10
46.043184372641,6.929670242906,10
46.044196523033,7.614323507952,10
46.044175649374,7.627241567332,10
46.044153295314,7.640159616104,10
46.044129460852,7.653077653540,10
46.044104145989,7.665995678913,10
46.052059978367,6.903747158045,10
46.052120536939,6.916666807666,10
46.053191935038,7.614352418742,10
46.053171057877,7.627272603917,10
46.053148700067,7.640192778482,10
46.053124861608,7.653112941711,10
46.053099542498,7.666033092877,10
46.053072742739,7.678953231254,10
46.060993160138,6.890737374102,10
46.061055209764,6.903659120158,10
46.061115778492,6.916580896298,10
46.062144114063,7.640225952178,10
46.062120271605,7.653148241926,10
46.062094948250,7.666070519612,10
46.062068143996,7.678992784508,10
46.069988390138,6.890647178933,10
46.070050450169,6.903571052234,10
46.070111029054,6.916494955618,10
46.071090363010,7.666107959116,10
46.071063554261,7.679032351256,10
46.071035264366,7.691956729881,10
46.078983628913,6.890556953000,10
46.079045699350,6.903482954271,10
46.079106288392,6.916408985626,10
46.079165396039,6.929335046338,10
46.080085786545,7.666145411390,10
46.080058973302,7.679071931500,10
46.080030678664,7.691998438095,10
46.080000902631,7.704924930447,10
46.087915313747,6.877538597148,10
46.087978876231,6.890466696304,10
46.088040957073,6.903394826271,10
46.088101556272,6.916322986321,10
46.088160673828,6.929251175729,10
46.089026101504,7.692040160530,10
46.088996320480,7.704968781578,10
46.088965057812,7.717897387656,10
46.096974131858,6.890376408844,10
46.097036223105,6.903306668232,10
46.097096832461,6.916236957704,10
46.097155959925,6.929167276532,10
46.097991746637,7.705012647655,10
46.105905811769,6.877353731897,10
46.105969395561,6.890286090621,10
46.106031497213,6.903218480155,10
46.106092116725,6.916150899774,10
46.106987180870,7.705056528679,10
46.114964667105,6.890195741634,10
46.115026779162,6.903130262041,10
46.115087408832,6.916064812531,10
46.115982622945,7.705100424649,10
46.115951344558,7.718035421168,10
46.123959946259,6.890105361884,10
46.124022068721,6.903042013888,10
46.124082708547,6.915978695977,10
46.124141865737,6.928915407423,10
46.124978072629,7.705144335565,10
46.124946789002,7.718081463682,10
46.124914022739,7.731018576103,10
46.124879773840,7.743955672100,10
46.132891617035,6.877076197852,10
46.132955232788,6.890014951369,10
46.133017365655,6.902953735698,10
46.133078015638,6.915892550110,10
46.133942240822,7.718127521868,10
46.133909469071,7.731066766612,10
46.133875214435,7.744005994934,10
46.133839476914,7.756945206106,10
46.141821790514,6.864042768496,10
46.141886900053,6.876983623525,10
46.141950526459,6.889924510092,10
46.142012669732,6.902865427469,10
46.142073329871,6.915806374930,10
46.142904922544,7.731114973520,10
46.142870662172,7.744056334890,10
46.142834918667,7.756997679111,10
46.142797692028,7.769939005456,10
46.150882189980,6.876891017710,10
46.150945827039,6.889834038051,10
46.151007980717,6.902777089202,10
46.151866116818,7.744106691970,10
46.151830367328,7.757050169965,10
46.159812355240,6.863853257101,10
46.159877486582,6.876798380405,10
46.159941134295,6.889743535246,10
46.160003298378,6.902688720898,10
46.160063978831,6.915633936633,10
46.160895849985,7.731211436527,10
46.160861578140,7.744157066172,10
46.160825822665,7.757102678668,10
46.160788583560,7.770048273288,10
46.160749860826,7.782993849305,10
46.168741021260,6.850811226816,10
46.168807647382,6.863758453082,10
46.168872789626,6.876705711611,10
46.168936447993,6.889653001678,10
46.168998622481,6.902600322555,10
46.169059313091,6.915547673516,10
46.169857045904,7.744207457498,10
46.169821284444,7.757155205219,10
46.169784039106,7.770102935065,10
46.169745309890,7.783050646307,10
46.177802945734,6.863663616847,10
46.177868098880,6.876613011328,10
46.177931767899,6.889562437346,10
46.177993952793,6.902511894175,10
46.178852519877,7.744257865947,10
46.178816752432,7.757207749619,10
46.178779500861,7.770157615416,10
46.178740765164,7.783107462610,10
46.186731601638,6.850617249505,10
46.186798250061,6.863568748398,10
46.186863414109,6.876520279556,10
46.186927093782,6.889471842251,10
46.187847999825,7.744308291519,10
46.187812226395,7.757260311868,10
46.187774968591,7.770212314342,10
46.187736226413,7.783164298212,10
46.187695999859,7.796116262754,10
46.195726900557,6.850520211439,10
46.195793560130,6.863473847735,10
46.195858735080,6.876427516295,10
46.195922425406,6.889381216392,10
46.196807706101,7.757312891966,10
46.196770442064,7.770267031841,10
46.196731693404,7.783221153114,10
46.196691460120,7.796175255058,10
46.204654049391,6.837467399000,10
46.204722204985,6.850423140433,10
46.204788875708,6.863378914857,10
46.204854061560,6.876334721544,10
46.204917762540,6.889290559769,10
46.205803191316,7.757365489912,10
46.205765921045,7.770321767915,10
46.205727165904,7.783278027316,10
46.205686925890,7.796234267388,10
46.213717514689,6.850326036487,10
46.213784196562,6.863283949764,10
46.213849393315,6.876241895305,10
46.213913104949,6.889199872383,10
46.214798681806,7.757418105706,10
46.214761405302,7.770376522563,10
46.214722643679,7.783334920818,10
46.214682396936,7.796293299743,10
46.222644651043,6.837268879735,10
46.222712829434,6.850228899600,10
46.222779522458,6.863188952456,10
46.222844730113,6.876149037576,10
46.223756894602,7.770431295786,10
46.223718126497,7.783391833619,10
46.223677873024,7.796352352123,10
46.231708148989,6.850131729773,10
46.231774853162,6.863093922934,10
46.231840071720,6.876056148358,10
46.232789677680,7.757523390842,10
46.232752388710,7.770486087582,10
46.232713614124,7.783448765720,10
46.232673353921,7.796411424529,10
46.232631608102,7.809374063282,10
46.240635271931,6.837070225806,10
46.240703473119,6.850034527006,10
46.240770188443,6.862998861197,10
46.240835417902,6.875963227652,10
46.241785182597,7.757576060183,10
46.241747887393,7.770540897953,10
46.241709106326,7.783505717121,10
46.241668839393,7.796470516960,10
46.249698801592,6.849937291299,10
46.249765528065,6.862903767245,10
46.249830768426,6.875870275456,10
46.249894522674,6.888836815203,10
46.249956790809,6.901803385762,10
46.250780691856,7.757628747372,10
46.250743390419,7.770595726898,10
46.250704602870,7.783562687822,10
46.250664329208,7.796529629416,10
46.258760871797,6.862808641079,10
46.258826123059,6.875777291771,10
46.258889887961,6.888745974000,10
46.258952166500,6.901714687039,10
46.259776205224,7.757681452410,10
46.259738897554,7.770650574418,10
46.259700103523,7.783619677823,10
46.259659823131,7.796588761898,10
46.267756219404,6.862713482698,10
46.267821481568,6.875684276596,10
46.267885257123,6.888655102032,10
46.267947546068,6.901625958279,10
46.268734408565,7.770705440511,10
46.268695608052,7.783676687123,10
46.268655320930,7.796647914405,10
46.276751570653,6.862618292102,10
46.276816843719,6.875591229933,10
46.276880629928,6.888564199301,10
46.276942929278,6.901537199480,10
46.277729923217,7.770760325179,10
46.277691116223,7.783733715723,10
46.277650822372,7.796707086938,10
46.277609041662,7.809680438096,10
46.285746925311,6.862523069292,10
46.285812209279,6.875498151781,10
46.285876006141,6.888473265807,10
46.285938315896,6.901448410643,10
46.286725441279,7.770815228421,10
46.286686627803,7.783790763623,10
46.286646327222,7.796766279495,10
46.286604539534,7.809741775312,10
46.286561264739,7.822717250346,10
46.294742283145,6.862427814267,10
46.294807578015,6.875405042139,10
46.294871385530,6.888382301549,10
46.294933705691,6.901359591769,10
46.295682142559,7.783847830822,10
46.295641835247,7.796825492078,10
46.295600040581,7.809803133278,10
46.295556758560,7.822780753696,10
46.295511989185,7.835758352604,10
46.303737643921,6.862332527028,10
46.303802949693,6.875311901009,10
46.303866767861,6.888291306527,10
46.303929098427,6.901270742856,10
46.303989941390,6.914250209269,10
46.304595544571,7.809864511996,10
46.304552255324,7.822844278522,10
46.304507478473,7.835824023539,10
46.304461214020,7.848803746320,10
46.312798324079,6.875218728389,10
46.312862152901,6.888200280742,10
46.312924493872,6.901181863906,10
46.312985346992,6.914163477153,10
46.313591051270,7.809925911464,10
46.313547754796,7.822907824825,10
46.313502970471,7.835889716677,10
46.321793700941,6.875125524280,10
46.321857540417,6.888109224193,10
46.321919891793,6.901092954917,10
46.321980755069,6.914076715725,10
46.322668703545,7.784019148220,10
46.322628376044,7.797003249980,10
46.322586560444,7.809987331683,10
46.322543256743,7.822971392604,10
46.330852930175,6.888018136881,10
46.330915291956,6.901004015890,10
46.330976165389,6.913989924984,10
46.331623894439,7.797062542664,10
46.331582071860,7.810048772653,10
46.331538760933,7.823034981860,10
46.339848321942,6.887927018805,10
46.339910694128,6.900915046826,10
46.339971577718,6.913903104930,10
46.340030972712,6.926891192392,10
46.340659755803,7.784133456317,10
46.340619414842,7.797121855374,10
46.340577585285,7.810110234374,10
46.340534267132,7.823098592592,10
46.348843715484,6.887835869966,10
46.348906098076,6.900826047723,10
46.348966991823,6.913816255564,10
46.349026396725,6.926806492763,10
46.349084312782,6.939796758593,10
46.349694143558,7.771200071193,10
46.349655284712,7.784190639315,10
46.357839110569,6.887744690363,10
46.357901503565,6.900737018583,10
46.357962407469,6.913729376886,10
46.358021822280,6.926721764547,10
46.358079747998,6.939714180839,10
46.358797341914,7.732276858564,10
46.358762943866,7.745269630777,10
46.358727056725,7.758262385841,10
46.358689680490,7.771255123028,10
46.358650815163,7.784247841614,10
46.366896910364,6.900647959404,10
46.366957824425,6.913642468896,10
46.367017249144,6.926637007744,10
46.367075184522,6.939631575224,10
46.367825812554,7.719330535587,10
46.367792898110,7.732325475410,10
46.367758494325,7.745320398811,10
46.367722601199,7.758315305063,10
46.367685218732,7.771310193438,10
46.367646346923,7.784305063211,10
46.375953242456,6.913555531592,10
46.376012677083,6.926552222355,10
46.376070622121,6.939548941748,10
46.376821375313,7.719377016917,10
46.376788455382,7.732374108654,10
46.376754045860,7.745371183969,10
46.376718146749,7.758368242134,10
46.376680758049,7.771365282423,10
46.384887726955,6.900469750933,10
46.384948661329,6.913468564977,10
46.385008105865,6.926467408378,10
46.385066060563,6.939466280410,10
46.385878320241,7.693424978806,10
46.385848374497,7.706424253847,10
46.385816938915,7.719423513920,10
46.385784013495,7.732422758296,10
46.385749598238,7.745421986249,10
46.385713693142,7.758421197053,10
46.393883136280,6.900380601640,10
46.393944080811,6.913381569049,10
46.394003535256,6.926382565815,10
46.394061499614,6.939383591211,10
46.394117973886,6.952384644512,10
46.394172958072,6.965385724990,10
46.394873894683,7.693467184751,10
46.394843943948,7.706468613157,10
46.394812503126,7.719470026594,10
46.394779572218,7.732471424335,10
46.394745151224,7.745472805652,10
46.402878545981,6.900291422310,10
46.402939500669,6.913294543808,10
46.402998965022,6.926297694664,10
46.403056939040,6.939300874151,10
46.403113422724,6.952304081542,10
46.403168416073,6.965307316110,10
46.403839513774,7.706512987414,10
46.403808067712,7.719516554940,10
46.411994394930,6.926212794927,10
46.412052378609,6.939218129229,10
46.412108871705,6.952223491436,10
46.412163874217,6.965228880819,10
46.412217386147,6.978234296654,10
46.412945983118,7.654534344820,10
46.412920494148,7.667540122680,10
46.412893514596,7.680545887750,10
46.412865044461,7.693551639305,10
46.412835083742,7.706557376616,10
46.421047818086,6.939135356446,10
46.421104320594,6.952142874194,10
46.421159332270,6.965150419119,10
46.421212853115,6.978157990495,10
46.421264883129,6.991165587594,10
46.421315422311,7.004173209691,10
46.421965573855,7.641562181341,10
46.421941571471,7.654570126804,10
46.421916078255,7.667578060205,10
46.421889094208,7.680585980817,10
46.421860619329,7.693593887913,10
46.430043257239,6.939052555802,10
46.430099769159,6.952062229817,10
46.430154789999,6.965071931008,10
46.430208319759,6.978081658651,10
46.430260358439,6.991091412017,10
46.430310906040,7.004101190381,10
46.430359962561,7.017110993015,10
46.430407528002,7.030120819193,10
46.430983681185,7.628585706036,10
46.430961165882,7.641595819103,10
46.430937159500,7.654605920833,10
46.430911662037,7.667616010501,10
46.439095217166,6.951981558303,10
46.439150247169,6.964993416487,10
46.439203785844,6.978005301122,10
46.439255833192,6.991017211481,10
46.439306389211,7.004029146837,10
46.439355453902,7.017041106464,10
46.439403027265,7.030053089634,10
46.439449109300,7.043065095622,10
46.439493700008,7.056077123701,10
46.439536799387,7.069089173144,10
46.440000304129,7.615604917456,10
46.439979276404,7.628617198124,10
46.439956757352,7.641629468183,10
46.439932746971,7.654641726906,10
46.439907245262,7.667653973566,10
46.448199251139,6.977928917909,10
46.448251307153,6.990942985985,10
46.448301871591,7.003957079059,10
46.448350944452,7.016971196404,10
46.448398525737,7.029985337293,10
46.448444615446,7.042999500998,10
46.448489213578,7.056013686795,10
46.448532320134,7.069027893956,10
46.449033489782,7.589605356726,10
46.449015441709,7.602619814151,10
46.448995902059,7.615634262420,10
46.448974870832,7.628648700805,10
46.448952348030,7.641663128582,10
46.448928333651,7.654677545023,10
46.448902827695,7.667691949401,10
46.457297352946,7.003884987048,10
46.457346433978,7.016901262836,10
46.457394023185,7.029917562168,10
46.457440120567,7.042933884318,10
46.457484726124,7.055950228558,10
46.457527839857,7.068966594162,10
46.457569461765,7.081982980403,10
46.457609591849,7.094999386555,10
46.458029092945,7.589630394670,10
46.458011041867,7.602647010538,10
46.457991498964,7.615663617250,10
46.457970464236,7.628680214080,10
46.457947937683,7.641696800300,10
46.466435624430,7.042868245580,10
46.466480237413,7.055886748989,10
46.466523358322,7.068905273762,10
46.466564987159,7.081923819173,10
46.466605123923,7.094942384494,10
46.466643768614,7.107960968999,10
46.467041256861,7.576636657564,10
46.467024694850,7.589655441031,10
46.467006640767,7.602674216068,10
46.466987094611,7.615692981949,10
46.466966056382,7.628711737947,10
46.466943526079,7.641730483336,10
46.475475747210,7.055823248089,10
46.475518875297,7.068843932757,10
46.475560511062,7.081864638062,10
46.475600654506,7.094885363277,10
46.475639305628,7.107906107677,10
46.476065512601,7.550617643343,10
46.476051932477,7.563638601383,10
46.476036860031,7.576659552447,10
46.476020295265,7.589680495808,10
46.476002238176,7.602701430739,10
46.475982688767,7.615722356515,10
46.484514390546,7.068782571146,10
46.484556033240,7.081805437071,10
46.484596183364,7.094828322906,10
46.484634840918,7.107851227926,10
46.484672005903,7.120874151403,10
46.484707678318,7.133897092611,10
46.484741858163,7.146920050823,10
46.485061118815,7.550636224676,10
46.485047536431,7.563659343336,10
46.485032461478,7.576682455020,10
46.485015893954,7.589705559001,10
46.484997833861,7.602728654553,10
46.493551553460,7.081746216199,10
46.493591710265,7.094771263381,10
46.493630374251,7.107796329746,10
46.493667545419,7.120821414569,10
46.493703223769,7.133846517122,10
46.493737409301,7.146871636680,10
46.493770102016,7.159896772514,10
46.493801301912,7.172921923900,10
46.494068814897,7.537629525994,10
46.494056723072,7.550654812249,10
46.494043138428,7.563680092254,10
46.494028060966,7.576705365284,10
46.494011490686,7.589730630611,10
46.493993427588,7.602755887508,10
46.502547071490,7.081686975448,10
46.502587234974,7.094714184701,10
46.502625905392,7.107741413137,10
46.502663082744,7.120768660031,10
46.502698767029,7.133795924656,10
46.502732958248,7.146823206284,10
46.502765656401,7.159850504190,10
46.502796861487,7.172877817647,10
46.502826573507,7.185905145927,10
46.503098908806,7.394343821521,10
46.503103238699,7.407371290630,10
46.503106075525,7.420398761482,10
46.503107419285,7.433426233352,10
46.503097863660,7.485536116472,10
46.503091742088,7.498563582529,10
46.503084127450,7.511591045242,10
46.503075019745,7.524618503887,10
46.503064418974,7.537645957736,10
46.503052325137,7.550673406062,10
46.503038738233,7.563700848138,10
46.503023658263,7.576728283239,10
46.503007085227,7.589755710637,10
46.511658617644,7.120715887790,10
46.511694307865,7.133745315211,10
46.511728504771,7.146774759636,10
46.511761208362,7.159804220339,10
46.511792418638,7.172833696593,10
46.511822135600,7.185863187670,10
46.511850359247,7.198892692845,10
46.512062260599,7.342217972364,10
46.512081375026,7.368277212340,10
46.512094516195,7.394336468012,10
46.512098846808,7.407366099917,10
46.512101684106,7.420395733567,10
46.512103028089,7.433425368233,10
46.512102878757,7.446455003191,10
46.512101236111,7.459484637712,10
46.512098100151,7.472514271071,10
46.512093470875,7.485543902540,10
46.512087348285,7.498573531394,10
46.512079732380,7.511603156904,10
46.512070623161,7.524632778346,10
46.512060020627,7.537662394991,10
46.512047924778,7.550692006114,10
46.512034335614,7.563721610987,10
46.520724048635,7.146726296736,10
46.520756757665,7.159757920961,10
46.520787973132,7.172789560737,10
46.520817695035,7.185821215337,10
46.520845923376,7.198852884034,10
46.520872658154,7.211884566101,10
46.520897899368,7.224916260813,10
46.521032768107,7.316138416787,10
46.521046060818,7.329170186491,10
46.521057859966,7.342201962299,10
46.521068165550,7.355233743484,10
46.521076977572,7.368265529319,10
46.521084296031,7.381297319079,10
46.521090120926,7.394329112036,10
46.521094452259,7.407360907464,10
46.521097290029,7.420392704635,10
46.521098634236,7.433424502825,10
46.521098484879,7.446456301304,10
46.521096841960,7.459488099348,10
46.521093705478,7.472519896229,10
46.521089075432,7.485551691221,10
46.521082951824,7.498583483596,10
46.521075334653,7.511615272629,10
46.521066223918,7.524647057593,10
46.521055619621,7.537678837761,10
46.521043521761,7.550710612406,10
46.529783524734,7.172745410080,10
46.529813251579,7.185779228928,10
46.529841484613,7.198813061873,10
46.529868223836,7.211846908188,10
46.529893469248,7.224880767148,10
46.529917220848,7.237914638025,10
46.529939478637,7.250948520092,10
46.529960242614,7.263982412624,10
46.529979512781,7.277016314893,10
46.529997289135,7.290050226172,10
46.530013571679,7.303084145736,10
46.530028360411,7.316118072857,10
46.530041655332,7.329152006809,10
46.530053456442,7.342185946864,10
46.530063763740,7.355219892297,10
46.530072577227,7.368253842381,10
46.530079896902,7.381287796388,10
46.530085722766,7.394321753593,10
46.530090054819,7.407355713269,10
46.530092893061,7.420389674688,10
46.530094237491,7.433423637125,10
46.530094088110,7.446457599853,10
46.530092444917,7.459491562145,10
46.530089307914,7.472525523274,10
46.530084677098,7.485559482513,10
46.530078552472,7.498593439137,10
46.530070934034,7.511627392418,10
46.538808804999,7.185737228443,10
46.538837042726,7.198773226361,10
46.538863786394,7.211809237650,10
46.538889036003,7.224845261583,10
46.538912791552,7.237881297434,10
46.538935053041,7.250917344475,10
46.538955820470,7.263953401980,10
46.538975093840,7.276989469222,10
46.538992873150,7.290025545475,10
46.539009158400,7.303061630012,10
46.539023949591,7.316097722107,10
46.539037246722,7.329133821032,10
46.539049049793,7.342169926061,10
46.539059358805,7.355206036467,10
46.539068173757,7.368242151524,10
46.539075494649,7.381278270505,10
46.539081321482,7.394314392684,10
46.539088044750,7.459495026102,10
46.539084907225,7.472531152204,10
46.539080275640,7.485567276418,10
46.547832597482,7.198733377500,10
46.547859345595,7.211771554488,10
46.547884599400,7.224809744120,10
46.547908358897,7.237847945669,10
46.547930624086,7.250886158409,10
46.547951394968,7.263924381613,10
46.547970671541,7.276962614555,10
46.547988453806,7.290000856507,10
46.548004741763,7.303039106743,10
46.548019535412,7.316077364536,10
46.548032834754,7.329115629160,10
46.548044639787,7.342153899888,10
46.548054950512,7.355192175993,10
46.548071089038,7.381268741430,10
46.556854901204,7.211733858700,10
46.556880159206,7.224774214757,10
46.556903922652,7.237814582731,10
46.556926191541,7.250854961896,10
46.556946965874,7.263895351524,10
46.556966245651,7.276935750890,10
46.556984030871,7.289976159267,10
46.557000321535,7.303016575927,10
46.565875715188,7.224738673495,10
46.565899482582,7.237781208619,10
