46.36558274,7.86225982,10
46.36553345,7.87525411,10
46.36548266,7.88824838,10
46.37488165,7.77135426,10
46.37484277,7.78435085,10
46.37480241,7.79734743,10
46.37476055,7.81034398,10
46.37471720,7.82334051,10
46.37467237,7.83633702,10
46.37462605,7.84933351,10
46.37457823,7.86232997,10
46.37452893,7.87532641,10
46.37447813,7.88832283,10
46.37442585,7.90131922,10
46.37437208,7.91431558,10
46.37431682,7.92731192,10
46.37426007,7.94030823,10
46.37420182,7.95330452,10
46.38401783,7.71941421,10
46.38398490,7.73241303,10
46.38395049,7.74541182,10
46.38391458,7.75841060,10
46.38387719,7.77140937,10
46.38383831,7.78440811,10
46.38379793,7.79740684,10
46.38375607,7.81040554,10
46.38371272,7.82340422,10
46.38366787,7.83640289,10
46.38362154,7.84940152,10
46.38357372,7.86240014,10
46.38352441,7.87539873,10
46.38347361,7.88839730,10
46.38342131,7.90139585,10
46.38336753,7.91439437,10
46.38331226,7.92739286,10
46.38325550,7.94039132,10
46.38319725,7.95338976,10
46.38313751,7.96638816,10
46.38307628,7.97938654,10
46.38301356,7.99238489,10
46.39326074,7.58945031,10
46.39307478,7.69345874,10
46.39304483,7.70645974,10
46.39301339,7.71946072,10
46.39298046,7.73246169,10
46.39294604,7.74546264,10
46.39291013,7.75846357,10
46.39287273,7.77146449,10
46.39283384,7.78446539,10
46.39279346,7.79746626,10
46.39275159,7.81046712,10
46.39270823,7.82346796,10
46.39266338,7.83646877,10
46.39261704,7.84946957,10
46.39256921,7.86247034,10
46.39251989,7.87547108,10
46.39246908,7.88847181,10
46.39241678,7.90147250,10
46.39236299,7.91447317,10
46.39230771,7.92747382,10
46.39225094,7.94047443,10
46.39219268,7.95347502,10
46.39213293,7.96647558,10
46.39207169,7.97947611,10
46.39200896,7.99247661,10
46.39194474,8.00547708,10
46.40225634,7.58947530,10
46.40223831,7.60247854,10
46.40221879,7.61548178,10
46.40219777,7.62848500,10
46.40217527,7.64148822,10
46.40209882,7.68049779,10
46.40207035,7.69350096,10
46.40204040,7.70650411,10
46.40200895,7.71950725,10
46.40197602,7.73251037,10
46.40194159,7.74551347,10
46.40190568,7.75851656,10
46.40186827,7.77151963,10
46.40182938,7.78452268,10
46.40178899,7.79752571,10
46.40174711,7.81052872,10
46.40170374,7.82353172,10
46.40165889,7.83653468,10
46.40161254,7.84953763,10
46.40146455,7.88854633,10
46.40141224,7.90154918,10
46.40135845,7.91455201,10
46.40130316,7.92755481,10
46.40124638,7.94055758,10
46.40118811,7.95356032,10
46.40112835,7.96656303,10
46.40106709,7.97956572,10
46.40100435,7.99256837,10
46.40094012,8.00557100,10
46.40087440,8.01857359,10
46.40080719,8.03157615,10
46.41125195,7.58950029,10
46.41123391,7.60250569,10
46.41121439,7.61551108,10
46.41119337,7.62851646,10
46.41117086,7.64152183,10
46.41114687,7.65452719,10
46.41112138,7.66753254,10
46.41109440,7.68053787,10
46.41106593,7.69354319,10
46.41103597,7.70654850,10
46.41100452,7.71955379,10
46.41097158,7.73255906,10
46.41093715,7.74556432,10
46.41090123,7.75856957,10
46.41086381,7.77157479,10
46.41029860,7.92763582,10
46.41012376,7.96665051,10
46.41006250,7.97965535,10
46.40999975,7.99266016,10
46.40993551,8.00566494,10
46.40986978,8.01866969,10
46.40980255,8.03167440,10
46.40973384,8.04467908,10
46.40966364,8.05768373,10
46.42027916,7.56351016,10
46.42026410,7.57651773,10
46.42024755,7.58952529,10
46.42022952,7.60253285,10
46.42020999,7.61554039,10
46.42018897,7.62854793,10
46.42016646,7.64155546,10
46.42014245,7.65456297,10
46.42011696,7.66757047,10
46.42008998,7.68057796,10
46.42006150,7.69358544,10
46.42003154,7.70659290,10
46.42000008,7.71960035,10
46.41996714,7.73260778,10
46.41899515,7.99275198,10
46.41893090,8.00575892,10
46.41886515,8.01876582,10
46.41879792,8.03177269,10
46.41872919,8.04477952,10
46.41865898,8.05778633,10
46.41858727,8.07079309,10
46.41851407,8.08379983,10
46.41843938,8.09680652,10
46.42932770,7.49848213,10
46.42932010,7.51149188,10
46.42931100,7.52450163,10
46.42930042,7.53751138,10
46.42928834,7.55052112,10
46.42927477,7.56353086,10
46.42925971,7.57654058,10
46.42924316,7.58955030,10
46.42911255,7.66760842,10
46.42908556,7.68061806,10
46.42905708,7.69362770,10
46.42792628,8.00585292,10
46.42786053,8.01886198,10
46.42779328,8.03187101,10
46.42772455,8.04488000,10
46.42765432,8.05788896,10
46.42758260,8.07089788,10
46.42750939,8.08390677,10
46.42743469,8.09691562,10
46.42735850,8.10992444,10
46.42728081,8.12293322,10
46.43832332,7.49849205,10
46.43831571,7.51150396,10
46.43830662,7.52451587,10
46.43829603,7.53752777,10
46.43828395,7.55053967,10
46.43827038,7.56355156,10
46.43825532,7.57656345,10
46.43823876,7.58957532,10
46.43685590,8.01895818,10
46.43678865,8.03196936,10
46.43671990,8.04498051,10
46.43664966,8.05799162,10
46.43657793,8.07100270,10
46.43650471,8.08401375,10
46.43642999,8.09702476,10
46.43635379,8.11003573,10
46.43627609,8.12304667,10
46.43619691,8.13605756,10
46.43611623,8.14906842,10
46.44732505,7.48548790,10
46.44731894,7.49850197,10
46.44731133,7.51151604,10
46.44730223,7.52453011,10
46.44729164,7.53754417,10
46.44727956,7.55055823,10
46.44557326,8.07110756,10
46.44550002,8.08412076,10
46.44542530,8.09713393,10
46.44534908,8.11014706,10
46.44527137,8.12316015,10
46.44519217,8.13617321,10
46.44511148,8.14918622,10
46.45632067,7.48549567,10
46.45631456,7.49851190,10
46.45630695,7.51152813,10
46.45629785,7.52454435,10
46.45442060,8.09724314,10
46.45434437,8.11025843,10
46.45426665,8.12327368,10
46.45418743,8.13628889,10
46.45410673,8.14930407,10
46.45402453,8.16231920,10
46.46532091,7.47248505,10
46.46531629,7.48550344,10
46.46531017,7.49852183,10
46.46530256,7.51154022,10
46.46326192,8.12338725,10
46.46318270,8.13640462,10
46.46310198,8.14942195,10
46.46301977,8.16243924,10
46.47431191,7.48551122,10
46.47430579,7.49853177,10
46.47217796,8.13652038,10
46.47209723,8.14953987,10
46.47201500,8.16255933,10
46.47193128,8.17557874,10
46.48330752,7.48551900,10
46.48330140,7.49854171,10
46.48117322,8.13663618,10
46.48109247,8.14965783,10
46.48101023,8.16267945,10
46.48092650,8.17570102,10
46.48084128,8.18872255,10
46.49231089,7.45947703,10
46.49230313,7.48552678,10
46.49229701,7.49855165,10
46.49016847,8.13675202,10
46.49008771,8.14977584,10
46.49000546,8.16279961,10
46.48992172,8.17582335,10
46.48983648,8.18884704,10
46.48974975,8.20187069,10
46.48966153,8.21489430,10
46.50130815,7.44645345,10
46.50130651,7.45948049,10
46.50130337,7.47250752,10
46.50129874,7.48553456,10
46.50129262,7.49856159,10
46.50128501,7.51158862,10
46.49908296,8.14989388,10
46.49900069,8.16291981,10
46.49891693,8.17594571,10
46.49883168,8.18897157,10
46.49874494,8.20199738,10
46.49865670,8.21502315,10
46.51030211,7.45948395,10
46.51029898,7.47251315,10
46.51029435,7.48554235,10
46.51028823,7.49857154,10
46.51028061,7.51160073,10
46.50799592,8.16304006,10
46.50791214,8.17606812,10
46.50782688,8.18909613,10
46.50774012,8.20212411,10
46.50765187,8.21515204,10
46.50756212,8.22817993,10
46.51929951,7.43342468,10
46.51929936,7.44645604,10
46.51929772,7.45948741,10
46.51929458,7.47251877,10
46.51928995,7.48555013,10
46.51682207,8.18922074,10
46.51673530,8.20225088,10
46.51664703,8.21528098,10
46.51655727,8.22831103,10
46.52829512,7.43342381,10
46.52829497,7.44645734,10
46.52829332,7.45949087,10
46.52829019,7.47252440,10
46.52828556,7.48555792,10
46.52827943,7.49859145,10
46.52581727,8.18934540,10
46.52573048,8.20237770,10
46.52564220,8.21540996,10
46.52555242,8.22844218,10
46.52546115,8.24147435,10
46.52536839,8.25450648,10
46.53728937,7.42038725,10
46.53729072,7.43342294,10
46.53729057,7.44645864,10
46.53728893,7.45949433,10
46.53728579,7.47253003,10
46.53472565,8.20250456,10
46.53463736,8.21553899,10
46.53454757,8.22857337,10
46.53445628,8.24160771,10
46.53436350,8.25464200,10
46.54628213,7.40734636,10
46.54628497,7.42038422,10
46.54628632,7.43342208,10
46.54628617,7.44645994,10
46.54628452,7.45949780,10
46.54628138,7.47253566,10
46.54372082,8.20263146,10
46.54363251,8.21566805,10
46.54354271,8.22870460,10
46.54345141,8.24174110,10
46.54335861,8.25477756,10
46.55527772,7.40734116,10
46.55528056,7.42038119,10
46.55528191,7.43342121,10
46.55528176,7.44646124,10
46.55528012,7.45950126,10
46.55253785,8.22883588,10
46.55244653,8.24187455,10
46.55235372,8.25491317,10
46.55225942,8.26795175,10
46.56426898,7.39429377,10
46.56427331,7.40733596,10
46.56427615,7.42037815,10
46.56427750,7.43342034,10
46.56427735,7.44646254,10
46.56153298,8.22896720,10
46.56144165,8.24200803,10
46.56134883,8.25504883,10
46.56125451,8.26808957,10
46.57326456,7.39428640,10
46.57326890,7.40733076,10
46.57327174,7.42037512,10
46.57327309,7.43341948,10
46.57052811,8.22909856,10
46.57043677,8.24214157,10
46.57034393,8.25518453,10
46.57024959,8.26822744,10
46.57015376,8.28127031,10
46.58225431,7.38123250,10
46.58226014,7.39427903,10
46.58226448,7.40732555,10
46.58226732,7.42037208,10
46.58226867,7.43341861,10
46.57943188,8.24227514,10
46.57933902,8.25532027,10
46.57924467,8.26836535,10
46.57914882,8.28141039,10
46.59124256,7.36817427,10
46.59124989,7.38122296,10
46.59125572,7.39427165,10
46.59126006,7.40732035,10
46.59126290,7.42036904,10
46.58842698,8.24240876,10
46.58833411,8.25545606,10
46.58823975,8.26850331,10
46.58814388,8.28155052,10
46.60023813,7.36816255,10
46.60024546,7.38121341,10
46.60025129,7.39426427,10
46.60025563,7.40731514,10
46.60025847,7.42036601,10
46.59742208,8.24254243,10
46.59732920,8.25559190,10
46.59723482,8.26864132,10
46.59713894,8.28169070,10
46.59704157,8.29474003,10
46.60922487,7.35509780,10
46.60923369,7.36815083,10
46.60924102,7.38120386,10
46.60924686,7.39425689,10
46.60925120,7.40730993,10
46.60641718,8.24267614,10
46.60632428,8.25572778,10
46.60622988,8.26877937,10
46.60613399,8.28183092,10
46.60603660,8.29488242,10
46.60593771,8.30793387,10
46.61822042,7.35508390,10
46.61822925,7.36813910,10
46.61824242,7.39424951,10
46.61824676,7.40730472,10
46.61531935,8.25586371,10
46.61522494,8.26891747,10
46.61512903,8.28197119,10
46.61503163,8.29502486,10
46.61493273,8.30807848,10
46.61483233,8.32113206,10
46.62721598,7.35507000,10
46.62722481,7.36812737,10
46.62422000,8.26905562,10
46.62412407,8.28211151,10
46.62402665,8.29516735,10
46.62392773,8.30822314,10
46.62382732,8.32127889,10
46.63620120,7.34199656,10
46.63621152,7.35505610,10
46.63622035,7.36811564,10
46.63622769,7.38117519,10
46.63321505,8.26919381,10
46.63311911,8.28225187,10
46.63302167,8.29530989,10
46.63292273,8.30836785,10
46.63282230,8.32142577,10
46.64520706,7.35504219,10
46.64521590,7.36810390,10
46.64522323,7.38116562,10
46.64201668,8.29545247,10
46.64191773,8.30851261,10
46.64181728,8.32157270,10
46.65420260,7.35502827,10
46.65421143,7.36809216,10
46.65091272,8.30865742,10
46.65081225,8.32171968,10
46.66318779,7.34194829,10
46.66319813,7.35501435,10
46.66320696,7.36808042,10
46.66321430,7.38114649,10
46.65990770,8.30880227,10
46.65980722,8.32186671,10
46.65970524,8.33493111,10
46.67219365,7.35500043,10
46.67220248,7.36806867,10
46.67220982,7.38113691,10
46.67221566,7.39420516,10
46.66890267,8.30894717,10
46.66880218,8.32201379,10
46.68118916,7.35498650,10
46.68119800,7.36805692,10
46.68120534,7.38112734,10
46.68121118,7.39419776,10
46.67789764,8.30909212,10
46.67779713,8.32216092,10
46.67769512,8.33522966,10
46.67759161,8.34829836,10
46.69017433,7.34189997,10
46.69018467,7.35497256,10
46.69019351,7.36804516,10
46.69020085,7.38111776,10
46.69020669,7.39419036,10
46.68689261,8.30923712,10
46.68679207,8.32230809,10
46.68669004,8.33537902,10
46.68658652,8.34844989,10
46.69918017,7.35495863,10
46.69918901,7.36803340,10
46.69919635,7.38110818,10
46.69920220,7.39418296,10
46.69588756,8.30938217,10
46.69578701,8.32245532,10
46.69568497,8.33552842,10
46.69558142,8.34860147,10
46.69547638,8.36167447,10
46.70818451,7.36802163,10
46.70819185,7.38109859,10
46.70819769,7.39417555,10
46.70478194,8.32260259,10
46.70467988,8.33567787,10
46.70457632,8.34875310,10
46.70447126,8.36182828,10
46.71717115,7.35493073,10
46.71717999,7.36800987,10
46.71718734,7.38108900,10
46.71719318,7.39416814,10
46.71357121,8.34890478,10
46.71346613,8.36198214,10
46.72616663,7.35491678,10
46.72617547,7.36799809,10
46.72618282,7.38107941,10
46.72256609,8.34905652,10
46.72246099,8.36213606,10
46.73515175,7.34181934,10
46.73516209,7.35490283,10
46.73517094,7.36798632,10
46.73517829,7.38106981,10
46.73166457,8.33612653,10
46.73156096,8.34920830,10
46.73145585,8.36229002,10
46.73134923,8.37537169,10
46.74414721,7.34180319,10
46.74415756,7.35488886,10
46.74416640,7.36797454,10
46.74417375,7.38106021,10
46.74076159,8.32319218,10
46.74065945,8.33627618,10
46.74055582,8.34936013,10
46.74045069,8.36244403,10
46.74034406,8.37552788,10
46.75314266,7.34178705,10
46.75315301,7.35487490,10
46.75316186,7.36796275,10
46.75316921,7.38105061,10
46.74975647,8.32333970,10
46.74965433,8.33642588,10
46.74955068,8.34951202,10
46.74944553,8.36259810,10
46.76213810,7.34177089,10
46.76214845,7.35486093,10
46.76215730,7.36795096,10
46.76216465,7.38104101,10
46.76217050,7.39413105,10
46.75875136,8.32348727,10
46.75864919,8.33657564,10
46.75854553,8.34966395,10
46.77113353,7.34175473,10
46.77114388,7.35484695,10
46.77115274,7.36793917,10
46.77116009,7.38103140,10
46.76774623,8.32363489,10
46.76764405,8.33672544,10
46.76754036,8.34981594,10
46.76743518,8.36290639,10
46.78012895,7.34173857,10
46.78013931,7.35483297,10
46.78014816,7.36792738,10
46.78015552,7.38102179,10
46.77684179,8.31068977,10
46.77674109,8.32378255,10
46.77663889,8.33687529,10
46.77653519,8.34996797,10
46.78912437,7.34172240,10
46.78913472,7.35481899,10
46.78914358,7.36791558,10
46.78915093,7.38101217,10
46.78915679,7.39410877,10
46.78573594,8.32393027,10
46.78563373,8.33702519,10
46.78553001,8.35012006,10
46.79813013,7.35480500,10
46.79813899,7.36790377,10
46.79814634,7.38100256,10
46.79815220,7.39410134,10
46.79815655,7.40720013,10
46.79483152,8.31098088,10
46.79473078,8.32407803,10
46.79462855,8.33717514,10
46.79452482,8.35027220,10
46.80713438,7.36789197,10
46.80714174,7.38099293,10
46.80714759,7.39409391,10
46.80715195,7.40719488,10
46.80382636,8.31112651,10
46.80372562,8.32422585,10
46.80362337,8.33732514,10
46.81612977,7.36788015,10
46.81613713,7.38098331,10
46.81614298,7.39408647,10
46.81614734,7.40718963,10
46.81615019,7.42029279,10
46.81282120,8.31127218,10
46.81272044,8.32437371,10
46.82513250,7.38097368,10
46.82513836,7.39407903,10
46.82514272,7.40718438,10
46.82514557,7.42028973,10
46.82514692,7.43339508,10
46.82181603,8.31141791,10
46.82171525,8.32452162,10
46.82161297,8.33762529,10
46.83413373,7.39407159,10
46.83413808,7.40717913,10
46.83414094,7.42028667,10
46.83414229,7.43339421,10
46.83414214,7.44650175,10
46.83091015,8.29845773,10
46.83081085,8.31156368,10
46.83071005,8.32466958,10
46.83060775,8.33777544,10
46.84312908,7.39406414,10
46.84313344,7.40717387,10
46.84313629,7.42028360,10
46.84313765,7.43339333,10
46.84313750,7.44650306,10
46.83990497,8.29860136,10
46.83980566,8.31170950,10
46.83970484,8.32481759,10
46.83960252,8.33792564,10
46.85212879,7.40716861,10
46.85213164,7.42028053,10
46.85213299,7.43339245,10
46.85213284,7.44650437,10
46.85213119,7.45961629,10
46.84899761,8.28563465,10
46.84889978,8.29874504,10
46.84880045,8.31185537,10
46.84869962,8.32496565,10
46.84859729,8.33807589,10
46.86112697,7.42027747,10
46.86112833,7.43339158,10
46.86112818,7.44650569,10
46.86112652,7.45961980,10
46.85799242,8.28577619,10
46.85789458,8.29888876,10
46.85779524,8.31200129,10
46.85769439,8.32511376,10
46.87012230,7.42027440,10
46.87012365,7.43339070,10
46.87012350,7.44650700,10
46.87012185,7.45962331,10
46.86708358,8.27280296,10
46.86698723,8.28591777,10
46.86688937,8.29903254,10
46.86679001,8.31214725,10
46.86668914,8.32526192,10
46.87911761,7.42027133,10
46.87911896,7.43338982,10
46.87911881,7.44650832,10
46.87911716,7.45962681,10
46.87911400,7.47274531,10
46.87626662,8.24670825,10
46.87617326,8.25982535,10
46.87607839,8.27294240,10
46.87598202,8.28605940,10
46.87588415,8.29917636,10
46.87578477,8.31229326,10
46.88811426,7.43338895,10
46.88811411,7.44650964,10
46.88811246,7.45963032,10
46.88810930,7.47275101,10
46.88810464,7.48587170,10
46.88535333,8.23372402,10
46.88526145,8.24684335,10
46.88516807,8.25996264,10
46.88507319,8.27308188,10
46.88497680,8.28620108,10
46.88487891,8.29932023,10
46.88477952,8.31243933,10
46.89710955,7.43338807,10
46.89710940,7.44651095,10
46.89710774,7.45963383,10
46.89710458,7.47275672,10
46.89709992,7.48587959,10
46.89709375,7.49900247,10
46.89708608,7.51212534,10
46.89707691,7.52524821,10
46.89434816,8.23385697,10
46.89425627,8.24697849,10
46.89416287,8.26009997,10
46.89406797,8.27322141,10
46.89397157,8.28634280,10
46.89387366,8.29946414,10
46.90610467,7.44651227,10
46.90610302,7.45963735,10
46.90609986,7.47276242,10
46.90609519,7.48588750,10
46.90608903,7.49901257,10
46.90608135,7.51213763,10
46.90607218,7.52526270,10
46.90606150,7.53838776,10
46.90352227,8.20774238,10
46.90343338,8.22086619,10
46.90334297,8.23398996,10
46.90325107,8.24711368,10
46.90315766,8.26023735,10
46.90306274,8.27336098,10
46.90296632,8.28648457,10
46.91509512,7.47276813,10
46.91509045,7.48589540,10
46.91508428,7.49902266,10
46.91507661,7.51214993,10
46.91506743,7.52527719,10
46.91505675,7.53840444,10
46.91504457,7.55153169,10
46.91260452,8.19474498,10
46.91251711,8.20787103,10
46.91242820,8.22099703,10
46.91233778,8.23412299,10
46.91224586,8.24724891,10
46.91215243,8.26037478,10
46.92407953,7.49903277,10
46.92407186,7.51216223,10
46.92406268,7.52529168,10
46.92405199,7.53842113,10
46.92403981,7.55155058,10
46.92402611,7.56468001,10
46.92159935,8.19487147,10
46.92151193,8.20799972,10
46.92142300,8.22112792,10
46.92133257,8.23425607,10
46.92124063,8.24738418,10
46.92114719,8.26051225,10
46.93306709,7.51217453,10
46.93305791,7.52530618,10
46.93304722,7.53843783,10
46.93303503,7.55156947,10
46.93302134,7.56470110,10
46.93300614,7.57783273,10
46.93076453,8.16873700,10
46.93068011,8.18186753,10
46.93059417,8.19499801,10
46.93050674,8.20812845,10
46.93041780,8.22125884,10
46.93032735,8.23438919,10
46.94205312,7.52532068,10
46.94204243,7.53845453,10
46.94203024,7.55158837,10
46.94201655,7.56472220,10
46.94200134,7.57785602,10
46.94198464,7.59098984,10
46.93984231,8.15572642,10
46.93975937,8.16885918,10
46.93967493,8.18199190,10
46.93958898,8.19512458,10
46.93950153,8.20825722,10
46.93941258,8.22138981,10
46.95103763,7.53847123,10
46.95102544,7.55160727,10
46.95101174,7.56474330,10
46.95099654,7.57787933,10
46.95097983,7.59101534,10
46.95096161,7.60415135,10
46.94891859,8.14271145,10
46.94883714,8.15584645,10
46.94875419,8.16898140,10
46.94866974,8.18211632,10
46.94858378,8.19525120,10
46.94849631,8.20838603,10
46.94840734,8.22152082,10
46.96002062,7.55162618,10
46.96000692,7.56476441,10
46.95999171,7.57790263,10
46.95997500,7.59104085,10
46.95995678,7.60417906,10
46.95993706,7.61731725,10
46.95991583,7.63045544,10
46.95989309,7.64359362,10
46.95799337,8.12969207,10
46.95791342,8.14282931,10
46.95783197,8.15596651,10
46.95774900,8.16910366,10
46.95766453,8.18224078,10
46.95757856,8.19537786,10
46.96900209,7.56478553,10
46.96898688,7.57792595,10
46.96897016,7.59106637,10
46.96895194,7.60420677,10
46.96893221,7.61734717,10
46.96891098,7.63048756,10
46.96888824,7.64362793,10
46.96886400,7.65676830,10
46.96883824,7.66990865,10
46.96721907,8.09038924,10
46.96714362,8.10352879,10
46.96706667,8.11666830,10
46.96698821,8.12980778,10
46.96690824,8.14294721,10
46.96682677,8.15608661,10
46.96674380,8.16922596,10
46.96665931,8.18236528,10
46.97798203,7.57794927,10
46.97796531,7.59109189,10
46.97794709,7.60423450,10
46.97792736,7.61737709,10
46.97790612,7.63051968,10
46.97788338,7.64366226,10
46.97785913,7.65680483,10
46.97783337,7.66994738,10
46.97780611,7.68308992,10
46.97777734,7.69623245,10
46.97774707,7.70937496,10
46.97628788,8.07735660,10
46.97621393,8.09049838,10
46.97613847,8.10364013,10
46.97606150,8.11678184,10
46.97598303,8.12992352,10
46.97590305,8.14306515,10
46.97582157,8.15620675,10
46.97573858,8.16934831,10
46.98692248,7.61740703,10
46.98690124,7.63055182,10
46.98687849,7.64369660,10
46.98685424,7.65684136,10
46.98682848,7.66998612,10
46.98680121,7.68313086,10
46.98677244,7.69627559,10
46.98674216,7.70942030,10
46.98671038,7.72256500,10
46.98667709,7.73570969,10
46.98549559,8.03803141,10
46.98542615,8.05117550,10
46.98535520,8.06431955,10
46.98528274,8.07746357,10
46.98520877,8.09060756,10
46.98513330,8.10375151,10
46.98505632,8.11689542,10
46.98497784,8.13003929,10
46.98489784,8.14318313,10
46.98481635,8.15632693,10
46.99587360,7.64373095,10
46.99584934,7.65687791,10
46.99582358,7.67002487,10
46.99579631,7.68317181,10
46.99576753,7.69631875,10
46.99573724,7.70946566,10
46.99570545,7.72261256,10
46.99567216,7.73575945,10
46.99563735,7.74890632,10
46.99560104,7.76205317,10
46.99544073,7.81464039,10
46.99510218,7.90666720,10
46.99504779,7.91981379,10
46.99499189,7.93296035,10
46.99493449,7.94610689,10
46.99487558,7.95925340,10
46.99462487,8.01183913,10
46.99455842,8.02498549,10
46.99449047,8.03813181,10
46.99442101,8.05127810,10
46.99435005,8.06442436,10
46.99427758,8.07757058,10
46.99420360,8.09071677,10
46.99412812,8.10386292,10
46.99405112,8.11700903,10
47.00481866,7.67006364,10
47.00479138,7.68321278,10
47.00476260,7.69636192,10
47.00473231,7.70951103,10
47.00470051,7.72266014,10
47.00466721,7.73580923,10
47.00463240,7.74895830,10
47.00459609,7.76210735,10
47.00455826,7.77525639,10
47.00451893,7.78840541,10
47.00447809,7.80155441,10
47.00443575,7.81470338,10
47.00439190,7.82785234,10
47.00434654,7.84100128,10
47.00425130,7.86729908,10
47.00420142,7.88044795,10
47.00415004,7.89359679,10
47.00409714,7.90674561,10
47.00404274,7.91989440,10
47.00398684,7.93304317,10
47.00392942,7.94619191,10
47.00387050,7.95934062,10
47.00381007,7.97248930,10
47.00374814,7.98563795,10
47.00368470,7.99878657,10
47.00361975,8.01193516,10
47.00355329,8.02508372,10
47.00348533,8.03823225,10
47.00341586,8.05138074,10
47.00334489,8.06452920,10
47.00327240,8.07767763,10
47.00319841,8.09082602,10
47.01375766,7.69640510,10
47.01372736,7.70955642,10
47.01369556,7.72270773,10
47.01366225,7.73585902,10
47.01362744,7.74901030,10
47.01359111,7.76216155,10
47.01355328,7.77531279,10
47.01351395,7.78846401,10
47.01347310,7.80161522,10
47.01343075,7.81476640,10
47.01338689,7.82791756,10
47.01334153,7.84106870,10
47.01329465,7.85421982,10
47.01324627,7.86737091,10
47.01319639,7.88052198,10
47.01314499,7.89367303,10
47.01309209,7.90682405,10
47.01303768,7.91997504,10
47.01298176,7.93312601,10
47.01292434,7.94627695,10
47.01286541,7.95942787,10
47.01280497,7.97257875,10
47.01274303,7.98572961,10
47.01267958,7.99888043,10
47.01261462,8.01203123,10
47.01254815,8.02518199,10
47.01248018,8.03833272,10
47.01241070,8.05148342,10
47.01233971,8.06463408,10
47.01226721,8.07778471,10
47.01219321,8.09093530,10
47.02265728,7.73590883,10
47.02262246,7.74906231,10
47.02258613,7.76221577,10
47.02254829,7.77536922,10
47.02250895,7.78852264,10
47.02246810,7.80167605,10
47.02242574,7.81482943,10
47.02238187,7.82798280,10
47.02233650,7.84113614,10
47.02228962,7.85428946,10
47.02224123,7.86744276,10
47.02219133,7.88059604,10
47.02213993,7.89374929,10
47.02208702,7.90690251,10
47.02203260,7.92005571,10
47.02197668,7.93320888,10
47.02191924,7.94636203,10
47.02186030,7.95951515,10
47.02179986,7.97266824,10
47.02173790,7.98582129,10
47.02167444,7.99897432,10
47.02160947,8.01212732,10
47.02154299,8.02528029,10
47.02147501,8.03843322,10
47.03158112,7.76227001,10
47.03154328,7.77542566,10
47.03150393,7.78858129,10
47.03146307,7.80173690,10
47.03142071,7.81489249,10
47.03137683,7.82804806,10
47.03133145,7.84120361,10
47.03128457,7.85435913,10
47.03123617,7.86751464,10
47.03118627,7.88067012,10
47.03113485,7.89382557,10
47.03108193,7.90698100,10
47.03079472,7.97275775,10
47.03073276,7.98591301,10
47.03066929,7.99906824,10
47.03060431,8.01222345,10
47.03053782,8.02537862,10
47.04027950,7.85442883,10
