46.792720277231,7.339096437177,10
46.792730934776,7.352193897543,10
46.792747746678,7.378388831936,10
46.792753901035,7.391486304510,10
46.792758554329,7.404583779700,10
46.792761706561,7.417681256779,10
46.792749097634,7.496266118238,10
46.792741742427,7.509363588195,10
46.792732886158,7.522461054229,10
46.801620192716,7.260482084620,10
46.801639859890,7.273581687109,10
46.801658025753,7.286681298755,10
46.801674690305,7.299780918830,10
46.801689853546,7.312880546607,10
46.801703515476,7.325980181361,10
46.801715676095,7.339079822364,10
46.801726335403,7.352179468889,10
46.801735493400,7.365279120211,10
46.801743150086,7.378378775602,10
46.801749305462,7.391478434335,10
46.801753959526,7.404578095685,10
46.801757112279,7.417677758924,10
46.801758763721,7.430777423325,10
46.801758913852,7.443877088163,10
46.801757562672,7.456976752710,10
46.801754710181,7.470076416240,10
46.801750356379,7.483176078025,10
46.801744501266,7.496275737340,10
46.801737144842,7.509375393458,10
46.801728287108,7.522475045651,10
46.801717928062,7.535574693194,10
46.801706067705,7.548674335360,10
46.801692706037,7.561773971421,10
46.801677843058,7.574873600652,10
46.810547544977,7.221147037059,10
46.810571720082,7.234248794606,10
46.810594393628,7.247350563488,10
46.810615565614,7.260452342981,10
46.810635236042,7.273554132355,10
46.810653404910,7.286655930886,10
46.810670072218,7.299757737846,10
46.810685237967,7.312859552509,10
46.810698902157,7.325961374148,10
46.810711064788,7.339063202036,10
46.810721725859,7.352165035447,10
46.810730885371,7.365266873654,10
46.810738543324,7.378368715930,10
46.810744699717,7.391470561549,10
46.810749354551,7.404572409783,10
46.810752507826,7.417674259908,10
46.810754159541,7.430776111194,10
46.810754309697,7.443877962917,10
46.810752958293,7.456979814349,10
46.810750105331,7.470081664764,10
46.810745750809,7.483183513435,10
46.810739894727,7.496285359635,10
46.810732537086,7.509387202638,10
46.810723677886,7.522489041717,10
46.810713317127,7.535590876145,10
46.810701454808,7.548692705196,10
46.810688090930,7.561794528142,10
46.810673225493,7.574896344258,10
46.810656858496,7.587998152817,10
46.810638989940,7.601099953092,10
46.819490032592,7.194902869319,10
46.819517215310,7.208006789625,10
46.819542896221,7.221110722720,10
46.819567075325,7.234214667878,10
46.819589752621,7.247318624371,10
46.819610928109,7.260422591474,10
46.819630601789,7.273526568460,10
46.819648773662,7.286630554601,10
46.819665443727,7.299734549172,10
46.819680611984,7.312838551446,10
46.819694278434,7.325942560695,10
46.819706443076,7.339046576194,10
46.819717105911,7.352150597216,10
46.819726266938,7.365254623033,10
46.819733926157,7.378358652920,10
46.819740083568,7.391462686150,10
46.819744739172,7.404566721995,10
46.819747892968,7.417670759730,10
46.819749544956,7.430774798628,10
46.819749695137,7.443878837961,10
46.819748343510,7.456982877004,10
46.819745490076,7.470086915030,10
46.819741134833,7.483190951312,10
46.819735277784,7.496294985122,10
46.819727918926,7.509399015736,10
46.819719058261,7.522503042426,10
46.819708695788,7.535607064465,10
46.819696831507,7.548711081126,10
46.819683465419,7.561815091684,10
46.819668597523,7.574919095411,10
46.819652227820,7.588023091580,10
46.819634356308,7.601127079466,10
46.819614982989,7.614231058341,10
46.819594107863,7.627335027478,10
46.828361595043,7.142437874123,10
46.828394790480,7.155543924341,10
46.828426483862,7.168649990255,10
46.828456675188,7.181756071138,10
46.828485364457,7.194862166264,10
46.828512551671,7.207968274906,10
46.828538236829,7.221074396337,10
46.828562419930,7.234180529831,10
46.828585100976,7.247286674661,10
46.828606279965,7.260392830100,10
46.828625956899,7.273498995422,10
46.828644131776,7.286605169900,10
46.828660804598,7.299711352807,10
46.828675975364,7.312817543417,10
46.828689644073,7.325923741003,10
46.828712475325,7.352136154196,10
46.828744919734,7.430773485626,10
46.828745069940,7.443879713296,10
46.828743718089,7.456985940675,10
46.828740864183,7.470092167037,10
46.828736508220,7.483198391655,10
46.828714427997,7.522517047778,10
46.828704063811,7.535623258153,10
46.828692197569,7.548729463151,10
46.828678829270,7.561835662045,10
46.828663958916,7.574941854108,10
46.828647586505,7.588048038614,10
46.828629712039,7.601154214836,10
46.828610335517,7.614260382048,10
46.828589456938,7.627366539521,10
46.828567076304,7.640472686531,10
46.828543193613,7.653578822351,10
46.837322192345,7.129280178467,10
46.837356895575,7.142388401324,10
46.837390096501,7.155496640604,10
46.837421795122,7.168604895580,10
46.837451991439,7.181713165525,10
46.837480685452,7.194821449713,10
46.837507877160,7.207929747416,10
46.837533566564,7.221038057909,10
46.837557753664,7.234146380465,10
46.837580438460,7.247254714357,10
46.837601620951,7.260363058858,10
46.837674182250,7.561856239227,10
46.837659309437,7.574964620352,10
46.837642934320,7.588072993920,10
46.837625056898,7.601181359204,10
46.837605677172,7.614289715477,10
46.837584795142,7.627398062013,10
46.837562410808,7.640506398084,10
46.837538524169,7.653614722966,10
46.837513135226,7.666723035929,10
46.846243550445,7.103007726369,10
46.846281264517,7.116118103988,10
46.846317476036,7.129228499483,10
46.846352185002,7.142338912128,10
46.846385391416,7.155449341195,10
46.846417095278,7.168559785958,10
46.846447296586,7.181670245691,10
46.846475995342,7.194780719666,10
46.846503191545,7.207891207157,10
46.846528885196,7.221001707438,10
46.846620390653,7.601208512568,10
46.846601007724,7.614319058629,10
46.846580122242,7.627429594952,10
46.846557734207,7.640540120811,10
46.846533843620,7.653650635480,10
46.846508450480,7.666761138231,10
46.846481554787,7.679871628338,10
46.846453156542,7.692982105075,10
46.855158861567,7.076726569506,10
46.855199587474,7.089839099706,10
46.855238810580,7.102951649236,10
46.855276530885,7.116064217368,10
46.855312748389,7.129176803376,10
46.855347463092,7.142289406534,10
46.855380674994,7.155402026114,10
46.855412384095,7.168514661390,10
46.855442590395,7.181627311636,10
46.855471293895,7.194739976124,10
46.855575438004,7.627461138339,10
46.855553046269,7.640573854711,10
46.855529151733,7.653686559893,10
46.855503754396,7.666799253157,10
46.855476854258,7.679911933777,10
46.855448451319,7.693024601027,10
46.855418545579,7.706137254179,10
46.864111861233,7.063551389939,10
46.864154096919,7.076666091322,10
46.864194829556,7.089780812761,10
46.864234059144,7.102895553529,10
46.864271785682,7.116010312900,10
46.864308009171,7.129125090146,10
46.864342729611,7.142239884543,10
46.864375947001,7.155354695361,10
46.864524448275,7.653722496205,10
46.864499046741,7.666837380708,10
46.864472142158,7.679952252567,10
46.864443734526,7.693067111055,10
46.864413823844,7.706181955446,10
46.864382410113,7.719296785012,10
46.864349493333,7.732411599029,10
46.864315073503,7.745526396767,10
46.873018082581,7.037254976146,10
46.873063331841,7.050371827201,10
46.873107077803,7.063488699766,10
46.873149320468,7.076605593112,10
46.873190059835,7.089722506515,10
46.873229295904,7.102839439248,10
46.873267028675,7.115956390583,10
46.873303258149,7.129073359793,10
46.873467418254,7.679992584706,10
46.873439005928,7.693109635159,10
46.873409090305,7.706226671514,10
46.873377671383,7.719343693044,10
46.873344749164,7.732460699025,10
46.873310323648,7.745577688728,10
46.873274394834,7.758694661427,10
46.881966512132,7.024068858334,10
46.882013272413,7.037187879843,10
46.882058529147,7.050306923587,10
46.882102282336,7.063425988841,10
46.882144531978,7.076545074878,10
46.882185278075,7.089664180970,10
46.882224520626,7.102783306392,10
46.882434265293,7.693152173338,10
46.882404344727,7.706271402383,10
46.882372920616,7.719390616603,10
46.882339992958,7.732509815273,10
46.882305561755,7.745628997666,10
46.882269627006,7.758748163054,10
46.882232188710,7.771867310712,10
46.882193246869,7.784986439913,10
46.890913410171,7.010878354452,10
46.890961681969,7.023999546413,10
46.891008449973,7.037120761337,10
46.891053714182,7.050241998497,10
46.891097474597,7.063363257166,10
46.891139731218,7.076484536618,10
46.891368157577,7.719437555689,10
46.891335224481,7.732558947774,10
46.891300787591,7.745680323582,10
46.891264846906,7.758801682386,10
46.891227402427,7.771923023459,10
46.891188454154,7.785044346075,10
46.891148002087,7.798165649507,10
46.899858775719,6.997683463050,10
46.899908559531,7.010806825463,10
46.899956839301,7.023930211564,10
46.900003615028,7.037053620629,10
46.900048886712,7.050177051930,10
46.900330443500,7.732608096528,10
46.900296000922,7.745731666476,10
46.900260054303,7.758855219421,10
46.900222603640,7.771978754635,10
46.900183648935,7.785102271391,10
46.900143190188,7.798225768964,10
46.908802607799,6.984484182678,10
46.908853904122,6.997609715541,10
46.908903696155,7.010735272820,10
46.908951983896,7.023860853788,10
46.908998767346,7.036986457719,10
46.909255248961,7.758908774159,10
46.909217792115,7.772034504240,10
46.909178830978,7.785160215862,10
46.909138365551,7.798285908301,10
46.909096395832,7.811411580830,10
46.909052921822,7.824537232721,10
46.917744905433,6.971280511887,10
46.917797714763,6.984408215199,10
46.917849019555,6.997535943654,10
46.917898819807,7.010663696524,10
46.917947115519,7.023791473085,10
46.917993906692,7.036919272607,10
46.918212967619,7.772090272274,10
46.918174000051,7.785218179488,10
46.918133527943,7.798346067519,10
46.918091551295,7.811473935639,10
46.918048070108,7.824601783122,10
46.918003084382,7.837729609241,10
46.926685667641,6.958072449225,10
46.926739990476,6.971202322986,10
46.926792808523,6.984332222615,10
46.926844121782,6.997462147388,10
46.926893930254,7.010592096576,10
46.926942233938,7.023722069453,10
46.927169155918,7.785276162269,10
46.927128677130,7.798406246617,10
46.927086693554,7.811536311055,10
46.927043205191,7.824666354855,10
46.926998212039,7.837796377291,10
46.926951714100,7.850926377637,10
46.935680730281,6.957992037452,10
46.935735062081,6.971124108255,10
46.935787888845,6.984256204928,10
46.935839210572,6.997388326743,10
46.935889027264,7.010520472974,10
46.936123812880,7.798466445595,10
46.936081822375,7.811598707076,10
46.936038326835,7.824730947919,10
46.935993326259,7.837863167398,10
46.935946820646,7.850995364787,10
46.944619933202,6.944777357147,10
46.944675779251,6.957911599123,10
46.944730120015,6.971045867694,10
46.944782955495,6.984180162135,10
46.944834285691,6.997314481719,10
46.945076937526,7.811661123703,10
46.945033434808,7.824795562315,10
46.944988426807,7.837929979562,10
46.944941913521,7.851064374720,10
46.944893894951,7.864198747059,10
46.953557598259,6.931558280621,10
46.953614959054,6.944694693768,10
46.953670814316,6.957831134238,10
46.953725164045,6.970967601304,10
46.953778008241,6.984104094239,10
46.954028528877,7.824860198042,10
46.953983513450,7.837996813783,10
46.953936992491,7.851133407435,10
46.953888965999,7.864269978269,10
46.953839433974,7.877406525559,10
46.962493724474,6.918334806424,10
46.962552600511,6.931473390742,10
46.962609970768,6.944612003109,10
46.962665835243,6.957750642798,10
46.962720193937,6.970889309084,10
46.962773046850,6.984028001239,10
46.962978585956,7.838063670061,10
46.962932057323,7.851202462932,10
46.962884022910,7.864341232986,10
46.962834482715,7.877479979495,10
46.971428310870,6.905106933107,10
46.971488702646,6.918247688593,10
46.971547588393,6.931388472856,10
46.971604968110,6.944529285168,10
46.971660841799,6.957670124803,10
46.971715209458,6.970810991034,10
46.971973644091,7.838130548396,10
46.971927107785,7.851271541212,10
46.971879065449,7.864412511211,10
46.971829517084,7.877553457666,10
46.980423264478,6.905017585873,10
46.980483666213,6.918160542031,10
46.980542561670,6.931303526964,10
46.980599950849,6.944446539947,10
46.980655833750,6.957589580253,10
46.980968687622,7.838197448788,10
46.980922143642,7.851340642275,10
46.980874093384,7.864483812944,10
46.980824536849,7.877626960070,10
46.980773474036,7.890770082925,10
46.989418203250,6.904928209182,10
46.989478614942,6.918073366736,10
46.989537520109,6.931218553066,10
46.989594918749,6.944363767445,10
46.989917164661,7.851409766120,10
46.989869106481,7.864555138185,10
46.989819541776,7.877700486707,10
46.989768470544,7.890845810959,10
46.998413126949,6.904838803033,10
46.998473548600,6.917986162709,10
46.998532463477,6.931133551161,10
46.998912170609,7.851478912747,10
46.998864104507,7.864626486935,10
46.998814531632,7.877774037578,10
46.998763451982,7.890921563952,10
46.998710865558,7.904069065327,10
47.007468466954,6.917898929950,10
47.007527391540,6.931048521249,10
47.007584809104,6.944198140598,10
47.007859087229,7.864697859192,10
47.007809506183,7.877847612683,10
47.007758418115,7.890997341904,10
47.007705823024,7.904147046127,10
47.016463369770,6.917811668459,10
47.016522304066,6.930963463332,10
47.016579731091,6.944115286253,10
47.016804465197,7.877921212021,10
47.016753368710,7.891073144815,10
47.016700764952,7.904225052611,10
47.016646653923,7.917376934683,10
47.025397805289,6.904570407842,10
47.025458256815,6.917724378237,10
47.025517200821,6.930878377407,10
47.025574637307,6.944032404628,10
47.025799408440,7.877994835593,10
47.025748303534,7.891148972685,10
47.025695691110,7.904303084780,10
47.025641571166,7.917457171151,10
47.025585943702,7.930611231071,10
47.034392666372,6.904480883863,10
47.034453127855,6.917637059282,10
47.034512081571,6.930793263477,10
47.034569527519,6.943949495721,10
47.034743222354,7.891224825515,10
47.034690601262,7.904381142633,10
47.034636472403,7.917537434028,10
47.034580835776,7.930693698973,10
47.034523691382,7.943849936740,10
47.043325531758,6.891232978761,10
47.043387511216,6.904391330426,10
47.043447982658,6.917549711595,10
47.043506946083,6.930708121540,10
47.043564401493,6.943866559534,10
47.043738124936,7.891300703303,10
47.043685495178,7.904459226172,10
47.043631357403,7.917617723316,10
47.043575711613,7.930776194010,10
47.043518557806,7.943934637527,10
47.052320349925,6.891141189391,10
47.052382339589,6.904301747532,10
47.052442820989,6.917462335176,10
47.052501794124,6.930622951596,10
47.052680372622,7.904537335395,10
47.052626225932,7.917698039014,10
47.052570570978,7.930858716183,10
47.052513407760,7.944019366175,10
47.052454736277,7.957179988263,10
47.061315151388,6.891049369839,10
47.061377151258,6.904212135181,10
47.061437642616,6.917374930025,10
47.061496625461,6.930537753646,10
47.061621077756,7.917778381123,10
47.061565413639,7.930941265493,10
47.061508241009,7.944104122685,10
47.061449559866,7.957266951974,10
47.061389370211,7.970429752632,10
47.070309935912,6.890957520103,10
47.070371945989,6.904122493372,10
47.070432447305,6.917287496143,10
47.070491439860,6.930452527690,10
47.070560239362,7.931023841937,10
47.070503057320,7.944188907056,10
47.070444366517,7.957353944271,10
47.070384166953,7.970518952856,10
47.079304703266,6.890865640185,10
47.079366723549,6.904032822105,10
47.079427234823,6.917200033528,10
47.079555047914,7.931106445518,10
47.079497856460,7.944273719289,10
47.079439155997,7.957440965156,10
47.079378946525,7.970608182392,10
47.079317228043,7.983775370271,10
47.088299453215,6.890773730083,10
47.088361483705,6.903943121381,10
47.088422004937,6.917112542181,10
47.088481016912,6.930281991757,10
47.088549839061,7.931189076235,10
47.088492638196,7.944358559383,10
47.088433928073,7.957528014627,10
47.088373708692,7.970697441241,10
47.088311980053,7.983866838497,10
47.097294185526,6.890681789798,10
47.097356226222,6.903853391199,10
47.097416757413,6.917025022102,10
47.097475779098,6.930196681781,10
47.097487402294,7.944443427338,10
47.097428682510,7.957615092685,10
47.097368453221,7.970786729402,10
47.097306714426,7.983958336761,10
47.106288899966,6.890589819330,10
47.106350950869,6.903763631560,10
47.106411492018,6.916937473291,10
47.106470523412,6.930111343799,10
47.106482148521,7.944528323154,10
47.106423419077,7.957702199330,10
47.106363179879,7.970876046875,10
47.106301430927,7.984049865063,10
47.115220025189,6.877321825126,10
47.115283596302,6.890497818679,10
47.115345657411,6.903673842463,10
47.115406208518,6.916849895749,10
47.115465249622,6.930025977811,10
47.115476876643,7.944613246832,10
47.115418137539,7.957789334562,10
47.115357888433,7.970965393662,10
47.115296129324,7.984141423403,10
47.115232860212,7.997317423061,10
47.124214692732,6.877227582012,10
47.124278274300,6.890405787845,10
47.124340345616,6.903584023908,10
47.124400906681,6.916762289474,10
47.124412837664,7.957876498381,10
47.124352578649,7.971054769760,10
47.124290809383,7.984233011782,10
47.124227529866,7.997411223719,10
47.133144239183,6.863952920106,10
47.133209341704,6.877133307989,10
47.133272933726,6.890313726828,10
47.133335015249,6.903494175896,10
47.133395586272,6.916674654467,10
47.133407519217,7.957963690787,10
47.133347250294,7.971144175171,10
47.133285470871,7.984324630198,10
47.133222180949,7.997505055141,10
47.142138858648,6.863856401445,10
47.142203971872,6.877039003058,10
47.142267574349,6.890221635628,10
47.142329666078,6.903404298427,10
47.142402181966,7.958050911780,10
47.142341903134,7.971233609894,10
47.142280113554,7.984416278652,10
47.142216813227,7.997598917326,10
47.151133459074,6.863759851148,10
47.151198583002,6.876944667218,10
47.151262195933,6.890129514244,10
47.151324297869,6.903314391500,10
47.151396825677,7.958138161359,10
47.151336536936,7.971323073930,10
47.151274737200,7.984507957144,10
47.151211426468,7.997692810274,10
47.160128040230,6.863663269218,10
47.160193174860,6.876850300470,10
47.160256798247,6.890037362678,10
47.160318910389,6.903224455115,10
47.160391450117,7.958225439525,10
47.160331151468,7.971412567279,10
47.160269341575,7.984599665674,10
47.160206020437,7.997786733986,10
47.169055945054,6.850377440177,10
47.169122601881,6.863566655654,10
47.169187747215,6.876755902813,10
47.169251381056,6.889945180928,10
47.169313503404,6.903134489273,10
47.169386055052,7.958312746279,10
47.169325746495,7.971502089939,10
47.169263926445,7.984691404243,10
47.169200594902,7.997880688462,10
47.178050476016,6.850278578345,10
47.178117143794,6.863470010455,10
47.178182299831,6.876661474247,10
47.178245944127,6.889852968995,10
47.178308076682,6.903044493973,10
47.178380640250,7.958400081619,10
47.178320321784,7.971591641913,10
47.178258491577,7.984783172849,10
47.178195149629,7.997974673701,10
47.187111665736,6.863373333622,10
47.187176832476,6.876567014772,10
47.187240487227,6.889760726879,10
47.187302629989,6.902954469215,10
47.187375205477,7.958487445546,10
47.187314877102,7.971681223198,10
47.187253036739,7.984874971493,10
47.187189684386,7.998068689704,10
47.187124820043,8.011262377104,10
47.196039477793,6.850080757602,10
47.196106167474,6.863276625154,10
47.196171344917,6.876472524389,10
47.196235010123,6.889668454580,10
47.196297163091,6.902864415001,10
47.196369750499,7.958574838060,10
47.196309412216,7.971770833796,10
47.196247561695,7.984966800175,10
47.196184198937,7.998162736470,10
47.205100648774,6.863179885053,10
47.205165836920,6.876378003098,10
47.205229512581,6.889576152098,10
47.205291675755,6.902774331328,10
47.205364275083,7.958662259161,10
47.205303926892,7.971860473707,10
47.205242066215,7.985058658895,10
47.205178693051,7.998256814000,10
47.214095109402,6.863083113317,10
47.214160308252,6.876283450897,10
47.214223994368,6.889483819433,10
47.214286167749,6.902684218198,10
47.214358778997,7.958749708849,10
47.214298420897,7.971950142930,10
47.214236550063,7.985150547654,10
47.214173166494,7.998350922293,10
47.214108270191,8.011551266123,10
47.223022826591,6.849783783789,10
47.223089549127,6.862986309947,10
47.223154758680,6.876188867788,10
47.223218455250,6.889391456585,10
47.223280638838,6.902594075610,10
47.223353262006,7.958837187123,10
47.223292893997,7.972039841465,10
47.223231013006,7.985242466450,10
47.223167619032,7.998445061350,10
47.232083967713,6.862889474943,10
47.232149187969,6.876094253770,10
47.232212894994,6.889299063553,10
47.232275088789,6.902503903565,10
47.232347723877,7.958924693985,10
47.232287345960,7.972129569313,10
47.232225454812,7.985334415284,10
47.232162050433,7.998539231171,10
47.241078364929,6.862792608305,10
47.241143595888,6.875999608844,10
47.241207313368,6.889206640338,10
47.241269517369,6.902413702063,10
47.241342164377,7.959012229433,10
47.241281776551,7.972219326473,10
47.241219875246,7.985426394156,10
47.241156460462,7.998633431755,10
47.250072740540,6.862695710032,10
47.250137982202,6.875904933009,10
47.250201710137,6.889114186941,10
47.250263924344,6.902323471102,10
47.250336583272,7.959099793469,10
47.250276185538,7.972309112946,10
47.250214274077,7.985518403066,10
47.250150848887,7.998727663103,10
47.259067094313,6.862598780126,10
47.259132346679,6.875810226265,10
47.259196085068,6.889021703360,10
47.259258309482,6.902233210685,10
47.259319019919,6.915444747512,10
47.259330980330,7.959187386091,10
47.259270572687,7.972398928731,10
47.259208651069,7.985610442015,10
47.259145215475,7.998821925214,10
47.268126689084,6.875715488612,10
47.268190437928,6.888929189596,10
47.268252672548,6.902142920809,10
47.268313392944,6.915356681525,10
47.268325355316,7.959275007300,10
47.268264937766,7.972488773829,10
47.268203005990,7.985702511001,10
47.268139559991,7.998916218089,10
47.277121009185,6.875620720051,10
47.277184768484,6.888836645649,10
47.277247013311,6.902052601476,10
47.277307743665,6.915268586806,10
47.277319707999,7.959362657096,10
47.277259280539,7.972578648239,10
47.277197338607,7.985794610025,10
47.277133882202,7.999010541727,10
47.286115306748,6.875525920581,10
47.286179076502,6.888744071519,10
47.286241331535,6.901962252686,10
47.286302071847,6.915180463355,10
47.286314038143,7.959450335479,10
47.286253600775,7.972668551962,10
47.286191648686,7.985886739087,10
47.295109581540,6.875431090203,10
47.295173361749,6.888651467206,10
47.295235626988,6.901871874438,10
47.295296377259,6.915092311173,10
47.295355612560,6.928312776683,10
47.295367277823,7.946317571270,10
47.295308345516,7.959538042448,10
47.295247898240,7.972758484997,10
47.295185935994,7.985978898187,10
47.304167623991,6.888558832709,10
47.304229899437,6.901781466732,10
47.304290659666,6.915004130258,10
47.304349904676,6.928226822559,10
47.304361571852,7.946403080036,10
47.304302629885,7.959625778005,10
47.304242172700,7.972848447344,10
47.304180200298,7.986071087326,10
47.313161862996,6.888466168030,10
47.313224148648,6.901691029569,10
47.313284918835,6.914915920611,10
47.313344173555,6.928140840429,10
47.313355842644,7.946488616663,10
47.313296891016,7.959713542149,10
47.313236423923,7.972938439004,10
47.313174441363,7.986163306502,10
47.322156078529,6.888373473167,10
47.322218374388,6.901600562948,10
47.322279154533,6.914827682232,10
47.322338418963,6.928054830292,10
47.322396167680,6.941282006401,10
47.322407535537,7.933346999519,10
47.322350089964,7.946574181151,10
47.322291128676,7.959801334879,10
47.322230651674,7.973028459976,10
47.322168658958,7.986255555716,10
47.331212576424,6.901510066870,10
47.331273366527,6.914739415121,10
47.331332640667,6.927968792149,10
47.331390398845,6.941198197225,10
47.331457707587,7.920200925125,10
47.331401768565,7.933430362902,10
47.331344313580,7.946659773501,10
47.331285342632,7.959889156196,10
47.331224855721,7.973118510261,10
47.340206754522,6.901419541334,10
47.340267554583,6.914651119279,10
47.340326838433,6.927882725999,10
47.340384606072,6.941114360768,10
47.340440857500,6.954346022861,10
47.340451925840,7.920282085951,10
47.340395977654,7.933513753420,10
47.340338513257,7.946745393712,10
47.340279532650,7.959977006101,10
47.349200908448,6.901328986341,10
47.349261718467,6.914562794704,10
47.349321012027,6.927796631843,10
47.349378789128,6.941030497031,10
47.349435049769,6.954264389542,10
47.349500560812,7.907129348847,10
47.349446119922,7.920363273186,10
47.349390162573,7.933597171074,10
47.349332688764,7.946831041785,10
47.349273698496,7.960064884592,10
47.358255857948,6.914474441397,10
47.358315161218,6.927710509680,10
47.358372947780,6.940946606012,10
47.358429217634,6.954182729667,10
47.358483970781,6.967418879918,10
47.358547672503,7.893972150142,10
47.358494739405,7.907208331349,10
47.358440289600,7.920444486832,10
47.358384323087,7.933680615864,10
47.358326839867,7.946916717719,10
47.358267839938,7.960152791670,10
47.367249972790,6.914386059358,10
47.367309285770,6.927624359511,10
47.367367081794,6.940862687713,10
47.367423360861,6.954101043237,10
47.367478122973,6.967339425358,10
47.367643167786,7.867572026040,10
47.367593259933,7.880810488384,10
47.367541835125,7.894048926458,10
47.367488893360,7.907287339535,10
47.367434434640,7.920525726887,10
47.367378458964,7.933764087789,10
47.367320966331,7.947002421514,10
47.376303385451,6.927538181335,10
47.376361190936,6.940778742132,10
47.376417479217,6.954019330252,10
47.376472250294,6.967259944968,10
47.376525504166,6.980500585553,10
47.376685720943,7.854403643641,10
47.376637322125,7.867644362125,10
47.376587406102,7.880885057065,10
47.376535972876,7.894125727734,10
47.376483022444,7.907366373406,10
47.376428554809,7.920606993354,10
47.376372569969,7.933847586851,10
47.385355274975,6.940694769271,10
47.385411572469,6.953937590712,10
47.385466352510,6.967180438748,10
47.385519615099,6.980423312654,10
47.385571360234,6.993666211703,10
47.385679858100,7.854473769914,10
47.385631451360,7.867716721718,10
47.385581527167,7.880959649979,10
47.385530085522,7.894202553969,10
47.385477126424,7.907445432961,10
47.394349333675,6.940610769129,10
47.394405640382,6.953855824616,10
47.394460429388,6.967100906699,10
47.394513700694,6.980346014651,10
47.394565454298,6.993591147746,10
47.394615690201,7.006836305257,10
47.394720866880,7.841298710300,10
47.394673969919,7.854543918969,10
47.394625555257,7.867789104819,10
47.394575622894,7.881034267126,10
47.394524172830,7.894279405163,10
47.403399682725,6.953774031965,10
47.403454480696,6.967021348820,10
47.403507760718,6.980268691544,10
47.403559522790,6.993516059410,10
47.403609766913,7.006763451693,10
47.403760347487,7.828119181835,10
47.403714960802,7.841366647366,10
47.403668056167,7.854614090806,10
47.403619633583,7.867861511429,10
47.403569693050,7.881108908507,10
47.403518234568,7.894356281316,10
47.412448506199,6.966941765111,10
47.412501794937,6.980191343332,10
47.412553565478,6.993440946696,10
47.412603817820,7.006690574477,10
47.412652551965,7.019940225946,10
47.412798298941,7.814935183068,10
47.412754423029,7.828184905460,10
47.412709028919,7.841434606488,10
47.412662116611,7.854684285426,10
47.412613686105,7.867933941546,10
47.412563737402,7.881183574122,10
47.421442505664,6.966862155572,10
47.421495803119,6.980113970016,10
47.421547582127,6.993365809604,10
47.421597842690,7.006617673607,10
47.421646584807,7.019869561299,10
47.421693808477,7.033121471955,10
47.421834720266,7.801746712548,10
47.421792355623,7.814998691801,10
47.421748472533,7.828250650416,10
47.421703070998,7.841502587667,10
47.421656151016,7.854754502828,10
47.421607712589,7.868006395171,10
47.421557755716,7.881258263970,10
47.430489785029,6.980036571596,10
47.430541572506,6.993290648132,10
47.430591841289,7.006544749084,10
47.430640591377,7.019798873725,10
47.430687822771,7.033053021329,10
47.430733535470,7.046307191169,10
47.430869610482,7.788553768827,10
47.430828757605,7.801808004939,10
47.430786386033,7.815062221140,10
47.430742495767,7.828316416703,10
47.430697086806,7.841570590903,10
47.430650159151,7.854824743012,10
47.439535536381,6.993215462282,10
47.439585813383,7.006471800908,10
47.439634571442,7.019728163223,10
47.439681810559,7.032984548501,10
47.439727530734,7.046240956015,10
47.439771731965,7.059497385038,10
47.439902968612,7.775356350453,10
47.439863627997,7.788612843423,10
47.439822768439,7.801869317209,10
47.439780389938,7.815125771084,10
47.439736492495,7.828382204322,10
47.439691076110,7.841638616196,10
47.448579758739,7.006398829079,10
47.448628524770,7.019657429794,10
47.448675771610,7.032916053471,10
47.448721499260,7.046174699385,10
47.448765707718,7.059433366808,10
47.448808396985,7.072692055013,10
47.448934793676,7.762154455978,10
47.448896965820,7.775413205805,10
47.448857618773,7.788671937174,10
47.448816752535,7.801930649360,10
47.448774367106,7.815189341635,10
47.448730462486,7.828448013273,10
47.457622451127,7.019586673437,10
47.457669705690,7.032847536239,10
47.457715440814,7.046108421278,10
47.457759656499,7.059369327826,10
47.457802352744,7.072630255157,10
47.457843529550,7.085891202544,10
47.457965084697,7.748948083951,10
47.457928770097,7.762209090633,10
47.457890936057,7.775470079586,10
47.457851582579,7.788731050080,10
47.457810709661,7.801992001391,10
47.457768317303,7.815252932791,10
47.466663612566,7.032778996806,10
47.466709355165,7.046042121695,10
47.466753578076,7.059305268094,10
47.466796281299,7.072568435276,10
47.466837464835,7.085831622513,10
47.466877128683,7.099094829080,10
47.466915272844,7.112358054250,10
47.466993840696,7.735737232921,10
47.466959039848,7.749000496459,10
47.466922719313,7.762263742992,10
47.466884879090,7.775526971795,10
47.466845519180,7.788790182141,10
47.466804639581,7.802053373302,10
47.475703242077,7.045975800636,10
47.475747472215,7.059241187611,10
47.475790182416,7.072506595369,10
47.475831372682,7.085772023183,10
47.475871043012,7.099037470326,10
47.475909193405,7.112302936072,10
47.475945823863,7.125568419694,10
47.476052827357,7.709256365498,10
47.476021060695,7.722521901440,10
47.475987774096,7.735787421831,10
47.475952967562,7.749052925945,10
47.475916641092,7.762318413055,10
47.475878794685,7.775583882434,10
47.475839428343,7.788849333356,10
47.484741338683,7.059177086377,10
47.484784055863,7.072444735437,10
47.484825252858,7.085712404553,10
47.484864929669,7.098980092998,10
47.484903086296,7.112247800045,10
47.484939722738,7.125515524969,10
47.484974838996,7.138783267042,10
47.485008435070,7.152051025538,10
47.485076995384,7.696034295989,10
47.485046743715,7.709302088056,10
47.485014971863,7.722569865300,10
47.484981679826,7.735837626993,10
47.484946867605,7.749105372409,10
47.484910535199,7.762373100821,10
47.484872682609,7.775640811502,10
47.493819105130,7.085652766623,10
47.493858788422,7.098922697095,10
47.493896951282,7.112192646170,10
47.493933593709,7.125462613122,10
47.493968715704,7.138732597222,10
47.494002317266,7.152002597745,10
47.494034398395,7.165272613965,10
47.494064959092,7.178542645153,10
47.494093999356,7.191812690584,10
47.494126840701,7.669537681565,10
47.494099624957,7.682807743129,10
47.494070888779,7.696077791321,10
47.494040632169,7.709347825416,10
47.494008855126,7.722617844688,10
47.493975557651,7.735887848408,10
47.493940739743,7.749157835851,10
47.493904401402,7.762427806291,10
47.502852619037,7.098865282618,10
47.502890788131,7.112137474447,10
47.502927436543,7.125409684151,10
47.502962564274,7.138681911004,10
47.502996171324,7.151954154281,10
47.503028257693,7.165226413253,10
47.503058823381,7.178498687194,10
47.503087868388,7.191770975379,10
47.503115392714,7.205043277079,10
47.503141396359,7.218315591569,10
47.503193251581,7.629759719561,10
47.503170593435,7.643032059630,10
47.503146414607,7.656304388507,10
47.503120715098,7.669576705467,10
47.503093494908,7.682849009784,10
47.503064754037,7.696121300729,10
47.503034492485,7.709393577578,10
47.503002710252,7.722665839602,10
47.502969407338,7.735938086075,10
47.511921251005,7.125356738057,10
47.511956384472,7.138631208389,10
47.511989997011,7.151905695144,10
47.512022088620,7.165180197595,10
47.512052659299,7.178454715015,10
47.512081709049,7.191729246678,10
47.512109237870,7.205003791856,10
47.512135245762,7.218278349824,10
47.512159732724,7.231552919855,10
47.512182698757,7.244827501222,10
47.512208250370,7.616517431642,10
47.512187109452,7.629792025653,10
47.512164447605,7.643066609199,10
47.512140264829,7.656341181556,10
47.512114561123,7.669615741994,10
47.512087336488,7.682890289789,10
47.512058590924,7.696164824213,10
47.512028324430,7.709439344540,10
47.511996537007,7.722713850043,10
47.520983794093,7.151857220335,10
47.521015890942,7.165133966990,10
47.521046466613,7.178410728614,10
47.521075521106,7.191687504481,10
47.521103054422,7.204964293864,10
47.521129066560,7.218241096036,10
47.521153557521,7.231517910271,10
47.521176527303,7.244794735842,10
47.521197975908,7.258071572022,10
47.521217903336,7.271348418085,10
47.521284987271,7.550163181376,10
47.521271448790,7.563440061011,10
47.521256389131,7.576716933815,10
47.521239808294,7.589993799062,10
47.521221706280,7.603270656025,10
47.521202083088,7.616547503977,10
47.521180938719,7.629824342192,10
47.521158273171,7.643101169943,10
47.521134086446,7.656377986503,10
47.521108378544,7.669654791146,10
47.521081149464,7.682931583145,10
47.521052399206,7.696208361773,10
47.530040245089,7.178366727993,10
47.530069304325,7.191645748789,10
47.530096842136,7.204924783102,10
47.530122858521,7.218203830204,10
47.530147353479,7.231482889368,10
47.530170327012,7.244761959869,10
47.530191779118,7.258041040979,10
47.530211709799,7.271320131971,10
47.530230119054,7.284599232120,10
47.530247006882,7.297878340698,10
47.530262373285,7.311157456978,10
47.530276218261,7.324436580235,10
47.530288541812,7.337715709741,10
47.530299343937,7.350994844770,10
47.530310298204,7.510344631374,10
47.530301321790,7.523623772070,10
47.530290823951,7.536902908116,10
47.530278804686,7.550182038785,10
47.530265263994,7.563461163349,10
47.530250201877,7.576740281083,10
47.530233618333,7.590019391260,10
47.530215513364,7.603298493153,10
47.530195886969,7.616577586034,10
47.530174739147,7.629856669179,10
47.530152069900,7.643135741860,10
47.530127879226,7.656414803350,10
47.530102167127,7.669693852922,10
47.539116621410,7.218166552327,10
47.539141120367,7.231447857147,10
47.539164097649,7.244729173303,10
47.539185553257,7.258010500068,10
47.539205487191,7.271291836716,10
47.539223899450,7.284573182519,10
47.539240790035,7.297854536753,10
47.539256158946,7.311135898688,10
47.539270006183,7.324417267600,10
47.539282331745,7.337698642761,10
47.539293135633,7.350980023445,10
47.539302417846,7.364261408925,10
47.539310178385,7.377542798474,10
47.539316417250,7.390824191366,10
47.539321134440,7.404105586874,10
47.539324329956,7.417386984271,10
47.539326003798,7.430668382831,10
47.539326155966,7.443949781826,10
47.539324786459,7.457231180531,10
47.539321895277,7.470512578219,10
47.539317482422,7.483793974163,10
47.539311547892,7.497075367636,10
47.539304091688,7.510356757912,10
47.539295113809,7.523638144264,10
47.539284614256,7.536919525965,10
47.539272593029,7.550200902289,10
47.539259050127,7.563482272509,10
47.539243985552,7.576763635898,10
47.539227399301,7.590044991729,10
47.539209291377,7.603326339277,10
47.539189661778,7.616607677814,10
47.539168510505,7.629889006614,10
47.548157838982,7.244696376143,10
47.548179298092,7.257979949289,10
47.548199235278,7.271263532318,10
47.548217650543,7.284547124502,10
47.548234543884,7.297830725116,10
47.548249915303,7.311114333433,10
47.548263764800,7.324397948725,10
47.548276092373,7.337681570267,10
47.548286898024,7.350965197332,10
47.548296181752,7.364248829193,10
47.548303943558,7.377532465122,10
47.548310183441,7.390816104395,10
47.548314901401,7.404099746284,10
47.548318097439,7.417383390062,10
47.548319771554,7.430667035002,10
47.548319923746,7.443950680379,10
47.548318554016,7.457234325465,10
47.548315662362,7.470517969533,10
47.548311248787,7.483801611858,10
47.548305313288,7.497085251712,10
47.548297855867,7.510368888368,10
47.548288876524,7.523652521101,10
47.548278375257,7.536936149183,10
47.548266352068,7.550219771887,10
47.548252806956,7.563503388488,10
47.548237739922,7.576786998258,10
47.548221150965,7.590070600470,10
47.548203040085,7.603354194399,10
47.557192953828,7.271235218778,10
47.557211372097,7.284521058069,10
47.557228268195,7.297806905789,10
47.557243642123,7.311092761212,10
47.557257493879,7.324378623611,10
47.557269823464,7.337664492259,10
47.557280630878,7.350950366430,10
47.557289916121,7.364236245397,10
47.557297679193,7.377522128433,10
47.557303920094,7.390808014812,10
47.557308638824,7.404093903807,10
47.557311835383,7.417379794691,10
47.557313509771,7.430665686738,10
47.557313661989,7.443951579221,10
47.557312292035,7.457237471413,10
47.557309399910,7.470523362588,10
47.557304985614,7.483809252019,10
47.557299049147,7.497095138980,10
47.557291590509,7.510381022742,10
47.557282609700,7.523666902581,10
47.557272106720,7.536952777770,10
47.557260081569,7.550238647580,10
47.557246534247,7.563524511287,10
47.566263524783,7.337647408737,10
47.566274333960,7.350935530740,10
47.566283620718,7.364223657538,10
47.566291385057,7.377511788407,10
47.566297626976,7.390799922617,10
47.566302346476,7.404088059444,10
47.566305543557,7.417376198160,10
47.566307218218,7.430664338039,10
47.566307370460,7.443952478354,10
47.566306000283,7.457240618378,10
47.566303107686,7.470528757385,10
47.566298692670,7.483816894648,10
47.566292755234,7.497105029440,10
