45.962963330449,7.743052789153,11
45.962927706641,7.755951610250,11
45.962890604666,7.768850413470,11
45.962852024524,7.781749198088,11
45.971992753963,7.730201846261,11
45.971958602584,7.743102803771,11
45.971922972791,7.756003744131,11
45.971885864583,7.768904666615,11
45.971847277960,7.781805570496,11
45.971807212923,7.794706455048,11
45.971765669470,7.807607319544,11
45.971722647604,7.820508163257,11
45.980988043177,7.730249758013,11
45.980953886062,7.743152835511,11
45.980918250283,7.756055895860,11
45.980881135842,7.768958938333,11
45.980842542738,7.781861962203,11
45.980802470970,7.794764966744,11
45.980760920540,7.807667951229,11
45.980717891447,7.820570914932,11
45.980673383691,7.833473857125,11
45.980320426832,7.923793789175,11
45.980264089772,7.936696533133,11
45.980206274049,7.949599249042,11
45.980146979663,7.962501936175,11
45.980086206613,7.975404593806,11
45.980023954901,7.988307221207,11
45.979960224526,8.001209817652,11
45.979895015487,8.014112382414,11
45.990047232469,7.704487241194,11
45.990016027440,7.717392471526,11
45.989983343500,7.730297686162,11
45.989949180648,7.743202884374,11
45.989913538885,7.756108065438,11
45.989876418210,7.769013228626,11
45.989837818624,7.781918373211,11
45.989797740127,7.794823498466,11
45.989756182719,7.807728603666,11
45.989713146399,7.820633688083,11
45.989668631168,7.833538750990,11
45.989622637025,7.846443791662,11
45.989575163972,7.859348809371,11
45.989526212006,7.872253803390,11
45.989475781130,7.885158772994,11
45.989423871342,7.898063717455,11
45.989370482643,7.910968636047,11
45.989315615033,7.923873528042,11
45.989259268511,7.936778392715,11
45.989201443078,7.949683229339,11
45.989142138733,7.962588037186,11
45.989081355477,7.975492815531,11
45.989019093310,7.988397563647,11
45.988955352232,8.001302280806,11
45.988890132242,8.014206966283,11
45.988685598805,8.052920825352,11
45.999072285505,7.691623576120,11
45.999042554395,7.704530942861,11
45.999011344126,7.717438294632,11
45.998751455773,7.807789276853,11
45.998708412227,7.820696482710,11
45.998663889521,7.833603667058,11
45.998617887655,7.846510829169,11
45.998570406630,7.859417968318,11
45.998521446445,7.872325083778,11
45.998471007100,7.885232174822,11
45.998419088596,7.898139240723,11
45.998365690932,7.911046280755,11
45.998310814108,7.923953294190,11
45.998254458125,7.936860280303,11
45.998196622982,7.949767238367,11
45.998137308679,7.962674167655,11
45.998076515217,7.975581067440,11
45.998014242595,7.988487936996,11
45.997950490813,8.001394775595,11
45.997885259872,8.014301582512,11
45.997818549771,8.027208357020,11
45.997750360511,8.040115098392,11
45.997680692090,8.053021805901,11
46.008122657042,7.665846150752,11
46.008095879757,7.678755667417,11
46.008067623065,7.691665170567,11
46.008037886964,7.704574659473,11
46.007659158516,7.833668605327,11
46.007613148927,7.846577889604,11
46.007565659930,7.859487150919,11
46.007516691525,7.872396388545,11
46.007466243713,7.885305601754,11
46.007414316492,7.898214789821,11
46.007360909863,7.911123952018,11
46.007306023826,7.924033087619,11
46.007249658381,7.936942195898,11
46.007191813529,7.949851276128,11
46.006945640037,8.001487302018,11
46.006880398145,8.014396231101,11
46.006813676844,8.027305127774,11
46.006745476135,8.040213991312,11
46.006675796018,8.053122820987,11
46.006604636493,8.066031616072,11
46.006531997561,8.078940375841,11
46.017091232469,7.678795153194,11
46.017062971033,7.691706779235,11
46.017033229941,7.704618391033,11
46.017002009192,7.717529987861,11
46.016608420608,7.846644972967,11
46.016560923640,7.859556357173,11
46.016511947015,7.872467717690,11
46.016461490734,7.885379053790,11
46.016409554797,7.898290364748,11
46.016356139203,7.911201649837,11
46.015940799670,8.001579860076,11
46.015875546826,8.014490912050,11
46.015808814325,8.027401931614,11
46.015740602168,8.040312918043,11
46.015670910355,8.053223870609,11
46.015599738885,8.066134788585,11
46.015527087759,8.079045671246,11
46.015452956977,8.091956517864,11
46.026184861027,7.627179525943,11
46.026086595357,7.678834652466,11
46.026058329178,7.691748402123,11
46.026028583094,7.704662137538,11
46.025456747931,7.885452530931,11
46.024870705683,8.014585625358,11
46.024735738377,8.040411878585,11
46.024666034867,8.053324954767,11
46.024594851453,8.066237996361,11
46.024522188134,8.079151002638,11
46.024448044910,8.092063972873,11
46.024372421781,8.104976906338,11
46.024295318748,8.117889802308,11
46.024216735811,8.130802660054,11
46.035254850057,7.575546747700,11
46.035238420359,7.588462709481,11
46.035180250346,7.627210541341,11
46.035157900036,7.640126465045,11
46.035134069572,7.653042377413,11
46.035108758956,7.665958277718,11
46.035081968187,7.678874165233,11
46.035053697264,7.691790039233,11
46.035023946189,7.704705898990,11
46.033661169322,8.053426073462,11
46.033589973963,8.066341239398,11
46.033517298450,8.079256370018,11
46.033443142785,8.092171464595,11
46.033367506967,8.105086522403,11
46.033290390995,8.118001542714,11
46.033211794871,8.130916524803,11
46.033131718594,8.143831467943,11
46.044310217855,7.510978738168,11
46.044301187407,7.523896856264,11
46.044290676557,7.536814969563,11
46.044278685307,7.549733077340,11
46.044265213654,7.562651178868,11
46.044250261601,7.575569273419,11
46.044233829146,7.588487360268,11
46.044215916290,7.601405438688,11
46.044196523033,7.614323507952,11
46.044175649374,7.627241567332,11
46.044153295314,7.640159616104,11
46.044129460852,7.653077653540,11
46.044104145989,7.665995678913,11
46.044077350725,7.678913691496,11
46.044049075060,7.691831690564,11
46.044019318993,7.704749675389,11
46.042656313485,8.053527226694,11
46.042585106181,8.066444517698,11
46.042512418476,8.079361773385,11
46.042438250369,8.092278993030,11
46.042362601861,8.105196175906,11
46.042285472951,8.118113321285,11
46.042206863641,8.131030428442,11
46.042126773928,8.143947496650,11
46.053313200245,7.498070394653,11
46.053305648932,7.510990642611,11
46.053296616969,7.523910886500,11
46.053286104356,7.536831125593,11
46.053274111094,7.549751359164,11
46.053260637182,7.562671586485,11
46.053245682621,7.575591806830,11
46.053229247409,7.588512019472,11
46.053211331548,7.601432223685,11
46.053191935038,7.614352418742,11
46.053171057877,7.627272603917,11
46.053099542498,7.666033092877,11
46.053072742739,7.678953231254,11
46.053044462331,7.691873356115,11
46.051357706231,8.105305866847,11
46.051280564383,8.118225138020,11
46.051201941886,8.131144370971,11
46.051121838739,8.144063564972,11
46.062319304297,7.472235418384,11
46.062314713513,7.485157798820,11
46.062308641831,7.498080176640,11
46.062301089251,7.511002551118,11
46.062292055773,7.523924921526,11
46.062281541398,7.536847287138,11
46.062269546124,7.549769647227,11
46.062256069952,7.562692001067,11
46.062241112882,7.575614347931,11
46.062224674914,7.588536687093,11
46.062206756049,7.601459017825,11
46.062068143996,7.678992784508,11
46.062039858844,7.691915035888,11
46.060197029373,8.131258352389,11
46.060116912791,8.144179672909,11
46.059867677658,8.182943393507,11
46.071314756679,7.472240949220,11
46.071310165126,7.485165456901,11
46.071304092426,7.498089961965,11
46.071296538579,7.511014463687,11
46.071287503587,7.523938961340,11
46.071276987448,7.536863454196,11
46.071035264366,7.691956729881,11
46.069030384689,8.157219228551,11
46.068947292380,8.170142596237,11
46.068862718924,8.183065922793,11
46.068776664322,8.195989207494,11
46.068689128574,8.208912449612,11
46.068600111680,8.221835648420,11
46.080314958300,7.446393205700,11
46.080313328766,7.459319844402,11
46.080310217837,7.472246481942,11
46.080305625514,7.485173117593,11
46.080299551796,7.498099750628,11
46.080291996683,7.511026380320,11
46.080282960176,7.523953005943,11
46.078025462843,8.157337543689,11
46.077942356602,8.170263039345,11
46.077857768967,8.183188493872,11
46.077771699937,8.196113906542,11
46.077684149512,8.209039276630,11
46.077595117692,8.221964603409,11
46.077504604478,8.234889886152,11
46.077412609869,8.247815124132,11
46.089310428796,7.446394482917,11
46.089308798988,7.459323250315,11
46.089305687538,7.472252016551,11
46.089301094445,7.485180780898,11
46.089295019708,7.498109542628,11
46.087020549539,8.157455899168,11
46.086937429367,8.170383523520,11
46.086852827551,8.183311106742,11
46.086766744093,8.196238648108,11
46.086679178992,8.209166146892,11
46.086590132248,8.222093602366,11
46.086499603860,8.235021013805,11
46.086407593830,8.247948380480,11
46.086314102157,8.260875701667,11
46.086219128840,8.273802976637,11
46.086122673881,8.286730204665,11
46.098304722086,7.420533966349,11
46.098306055789,7.433464863314,11
46.098305907599,7.446395760570,11
46.098304277519,7.459326657389,11
46.098301165547,7.472257553046,11
46.095674216781,8.209293060397,11
46.095585155111,8.222222645292,11
46.095494611551,8.235152186152,11
46.095402586099,8.248081682249,11
46.095309078756,8.261011132857,11
46.095214089522,8.273940537248,11
46.095117618396,8.286869894697,11
46.107300208767,7.420530984144,11
46.107301542693,7.433464011255,11
46.107301394479,7.446397038658,11
46.107299764125,7.459330065624,11
46.107296651632,7.472263091428,11
46.104397586444,8.248215029437,11
46.104304063431,8.261146610192,11
46.104209058278,8.274078144730,11
46.104112570986,8.287009632326,11
46.104014601554,8.299941072252,11
46.103915149983,8.312872463782,11
46.116292886753,7.407592843956,11
46.116295703290,7.420528000922,11
46.116297037440,7.433463158907,11
46.116296889201,7.446398317181,11
46.116295258574,7.459333475020,11
46.113299055948,8.261282133672,11
46.113204034878,8.274215799083,11
46.113107531419,8.287149417551,11
46.113009545572,8.300082988350,11
46.112910077337,8.313016510752,11
46.125284088768,7.394650441300,11
46.125288388413,7.407587728121,11
46.125291205422,7.420525016685,11
46.125292539795,7.433462306267,11
46.125292391531,7.446399596140,11
46.122199019085,8.274353500306,11
46.122102499460,8.287289250372,11
46.122004497199,8.300224952769,11
46.121905012301,8.313160606770,11
46.134273813833,7.381703774727,11
46.134279597083,7.394643191401,11
46.134283897449,7.407582610545,11
46.134286714930,7.420522031433,11
46.134288049526,7.433461453338,11
46.134287901238,7.446400875534,11
46.131194010669,8.274491248401,11
46.131097474877,8.287429130790,11
46.130999456201,8.300366965510,11
46.130899954640,8.313304751834,11
46.143269328322,7.381694389312,11
46.143275112541,7.394635939034,11
46.143279413627,7.407577491227,11
46.143282231580,7.420519045164,11
46.143283566399,7.433460600118,11
46.140189009395,8.274629043366,11
46.140092457436,8.287569058805,11
46.139994422345,8.300509026574,11
46.139894904121,8.313448945947,11
46.152257581152,7.368741320404,11
46.152264849721,7.381685000704,11
46.152270634908,7.394628684200,11
46.152274936714,7.407572370168,11
46.152277755138,7.420516057880,11
46.149184015029,8.274766885203,11
46.149087446905,8.287709034416,11
46.148989395398,8.300651135959,11
46.148889860511,8.313593189107,11
46.161253108009,7.368729794103,11
46.161260377794,7.381675608903,11
46.161266163950,7.394621426900,11
46.158179027340,8.274904773910,11
46.158082443048,8.287849057623,11
46.157984375127,8.300793293667,11
46.157884823577,8.313737481314,11
46.170204718519,7.316926510290,11
46.170217925033,7.329874440259,11
46.170229647670,7.342822376333,11
46.170239886428,7.355770317783,11
46.170248641308,7.368718263885,11
46.170255912310,7.381666213910,11
46.167174046092,8.275042709488,11
46.167077445634,8.287989128427,11
46.166979361298,8.300935499696,11
46.166879793085,8.313881822569,11
46.179200250677,7.316906432348,11
46.179213459401,7.329856498269,11
46.179225183999,7.342806570294,11
46.179235424471,7.355756647696,11
46.179244180816,7.368706729748,11
46.179251453035,7.381656815725,11
46.176169071053,8.275180691937,11
46.176072454429,8.288129246827,11
46.175974353678,8.301077754047,11
46.175874768801,8.314026212872,11
46.188128101325,7.265077612770,11
46.188147249758,7.278029783685,11
46.188164913816,7.290981963611,11
46.188181093500,7.303934151820,11
46.188195788809,7.316886347587,11
46.188208999744,7.329838550184,11
46.188220726304,7.342790758885,11
46.188230968489,7.355742972964,11
46.188239726299,7.368695191694,11
46.185164101990,8.275318721257,11
46.185067469199,8.288269412823,11
46.184969352034,8.301220056721,11
46.184869750494,8.314170652222,11
46.184768664579,8.327121198601,11
46.197123633876,7.265048971579,11
46.197142785512,7.278003279896,11
46.197160452526,7.290957597224,11
46.197176634917,7.303911922836,11
46.197191332684,7.316866256005,11
46.194159138669,8.275456797447,11
46.194062489712,8.288409626416,11
46.193964356132,8.301362407716,11
46.193864737928,8.314315140620,11
46.193763635102,8.327267824401,11
46.206119171936,7.265020320666,11
46.206138326776,7.277976767110,11
46.206155996745,7.290933222566,11
46.206172181842,7.303889686306,11
46.203057515733,8.288549887606,11
46.202959365738,8.301504807034,11
46.202859730872,8.314459678065,11
46.202758611134,8.327414499974,11
46.215094072108,7.252033084468,11
46.215114715271,7.264991660029,11
46.215133873315,7.277950245328,11
46.215151546239,7.290908839637,11
46.212052547030,8.288690196392,11
46.211954380620,8.301647254673,11
46.211854729091,8.314604264558,11
46.211753592442,8.327561225320,11
46.224089617034,7.252002274531,11
46.224110263649,7.264962989671,11
46.224129424896,7.277923714548,11
46.224147100775,7.290884448436,11
46.221047583370,8.288830552774,11
46.220949400545,8.301789750634,11
46.220849732352,8.314748900098,11
46.220748578791,8.327708000440,11
46.220645939862,8.340667050932,11
46.220541815566,8.353626050848,11
46.233085166768,7.251971454145,11
46.233105816836,7.264934309590,11
46.233124981286,7.277897174772,11
46.233142660121,7.290860048964,11
46.229844740422,8.314893584686,11
46.229743569950,8.327854825332,11
46.229640913861,8.340816016129,11
46.229536772156,8.353777156349,11
46.242101374598,7.264905619786,11
46.242120542252,7.277870625998,11
46.242138224041,7.290835641221,11
46.238939454587,8.302074887523,11
46.238839753068,8.315038318322,11
46.238738565684,8.328001699998,11
46.238635892436,8.340965031825,11
46.238531733322,8.353928313075,11
46.238426088345,8.366891543023,11
46.251076279731,7.251909782030,11
46.251096936702,7.264876920260,11
46.251116107560,7.277844068228,11
46.251133792305,7.290811225206,11
46.247733565761,8.328148624437,11
46.247630875352,8.341114098019,11
46.247526698831,8.354079521025,11
46.247421036197,8.367044892729,11
46.260092502915,7.264848211012,11
46.260111676977,7.277817501461,11
46.260129364676,7.290786800920,11
46.256728569946,8.328295598648,11
46.256625862378,8.341263214712,11
46.256521668448,8.354230780200,11
46.256415988157,8.367198294385,11
46.269088073004,7.264819492041,11
46.269107250269,7.277790925697,11
46.265723578007,8.328442622633,11
46.265620853279,8.341412381904,11
46.265516641941,8.354382090598,11
46.265410943994,8.367351747990,11
46.265303759437,8.380321353352,11
46.278102827204,7.277764340936,11
46.278120520814,7.290737927535,11
46.274718589710,8.328589696391,11
46.274615847822,8.341561599594,11
46.274511619076,8.354533452221,11
46.274405903472,8.367505253545,11
46.274298701011,8.380477002840,11
46.287098407547,7.277737747178,11
46.287116104112,7.290713478435,11
46.287132313571,7.303689217975,11
46.283713604822,8.328736819923,11
46.283610845774,8.341710867783,11
46.283506599620,8.354684865068,11
46.283400866360,8.367658811050,11
46.296093991066,7.277711144423,11
46.296111690587,7.290689021063,11
46.296127902752,7.303666905987,11
46.296142627564,7.316644798469,11
46.292708623109,8.328883993227,11
46.292605846902,8.341860186471,11
46.292501583340,8.354836329139,11
46.292395832423,8.367812420504,11
46.305107280003,7.290664555421,11
46.305123494876,7.303644586454,11
46.305138222145,7.316624625044,11
46.305151461812,7.329604670465,11
46.301804950103,8.316052827102,11
46.301703644339,8.329031216304,11
46.301600850972,8.342009555657,11
46.301496570001,8.354987844434,11
46.301390801428,8.367966081909,11
46.314102872128,7.290640081507,11
46.314119089708,7.303622259374,11
46.314133819436,7.316604444799,11
46.314147061313,7.329586637055,11
46.310799990953,8.316197953118,11
46.310698668278,8.329178489155,11
46.310595857750,8.342158975342,11
46.310491559372,8.355139410954,11
46.323098466729,7.290615599322,11
46.323114687015,7.303599924749,11
46.323129419202,7.316584257734,11
46.323142663289,7.329568597550,11
46.319693694692,8.329325811778,11
46.319590867005,8.342308445526,11
46.319486551218,8.355291028698,11
46.319380747332,8.368273560567,11
46.332094063572,7.290591108865,11
46.332110286565,7.303577582578,11
46.332125021211,7.316564063849,11
46.332138267508,7.329550551950,11
46.332150025457,7.342537046156,11
46.328688723348,8.329473184175,11
46.328585878501,8.342457966209,11
46.328481545307,8.355442697666,11
46.328375723764,8.368427377821,11
46.341105888124,7.303555232862,11
46.341120625228,7.316543863144,11
46.341133873735,7.329532500256,11
46.337785127424,8.316633625451,11
46.337683754013,8.329620606345,11
46.337580892007,8.342607537390,11
46.337476541404,8.355594417858,11
46.337370702205,8.368581247024,11
46.350116231021,7.316523655618,11
46.350129481738,7.329514442467,11
46.350141243611,7.342505235421,11
46.350151516639,7.355496033751,11
46.346678786454,8.329768078288,11
46.346575907288,8.342757159069,11
46.346471539277,8.355746189275,11
46.359111838356,7.316503441272,11
46.359125091284,7.329496378584,11
46.359136855118,7.342489321999,11
46.359147129860,7.355482270792,11
46.355673820437,8.329915600004,11
46.355570924111,8.342906831248,11
46.355466538692,8.355898011915,11
46.355360664180,8.368889141281,11
46.368107447000,7.316483220106,11
46.368120702138,7.329478308605,11
46.368132467934,7.342473403209,11
46.364668855729,8.330063171493,11
46.364565942243,8.343056553925,11
46.364461539416,8.356049885780,11
46.364355647247,8.369043166333,11
46.377088309782,7.303465758537,11
46.377103056719,7.316462992119,11
46.377116314067,7.329460232532,11
46.377128081826,7.342457479049,11
46.373663892097,8.330210792756,11
46.373560961451,8.343206327101,11
46.373456541215,8.356201810870,11
46.373350631390,8.369197243336,11
46.386083917885,7.303443371091,11
46.386098667281,7.316442757313,11
46.386111926839,7.329442150365,11
46.386123696559,7.342441549521,11
46.382760387274,8.317360726958,11
46.382658929307,8.330358463791,11
46.382555981501,8.343356150775,11
46.382451543857,8.356353787183,11
46.395079526597,7.303420976100,11
46.395094278452,7.316422515686,11
46.395107540220,7.329424062103,11
46.395119311902,7.342425614623,11
46.395129593498,7.355427172521,11
46.391755442005,8.317506294402,11
46.391653967125,8.330506184599,11
46.391551002160,8.343506024948,11
46.404089889998,7.316402267239,11
46.404103153976,7.329405967746,11
46.404114927620,7.342409674356,11
46.404125210929,7.355413386344,11
46.400750497110,8.317651910893,11
46.400649005319,8.330653955181,11
46.400546023194,8.343655949620,11
46.400441550734,8.356657893482,11
46.413085501686,7.316382011972,11
46.413098767875,7.329387867294,11
46.413110543481,7.342393728720,11
46.413120828503,7.355399595524,11
46.413129622943,7.368405466979,11
46.409944098014,8.291789031583,11
46.409845570477,8.304793328206,11
46.409745552358,8.317797576432,11
46.409644043656,8.330801775536,11
46.409541044371,8.343805924790,11
46.422094381682,7.329369760748,11
46.422106159250,7.342377777715,11
46.422116445986,7.355385800060,11
46.422125241891,7.368393827056,11
46.418939186249,8.291930435088,11
46.418840642297,8.304936887251,11
46.418740607515,8.317943291019,11
46.418639081901,8.330949645664,11
46.431089995165,7.329351648107,11
46.431101774695,7.342361821341,11
46.431112063145,7.355371999953,11
46.431120860515,7.368382183215,11
46.427934274159,8.292071886188,11
46.427835713793,8.305080494619,11
46.427735662347,8.318089054653,11
46.427634119822,8.331097565565,11
46.440085608091,7.329333529371,11
46.440097389582,7.342345859598,11
46.440107679745,7.355358195202,11
46.440116478580,7.368370535457,11
46.440123786088,7.381382879635,11
46.440129602267,7.394395227011,11
46.436929361512,8.292213384885,11
46.436830784731,8.305224150308,11
46.436730716622,8.318234867335,11
46.449093003678,7.342329892486,11
46.449103295555,7.355344385808,11
46.449112095855,7.368358883780,11
46.449119404579,7.381373385677,11
46.449125221727,7.394387890771,11
46.449129547298,7.407402398335,11
46.445924448073,8.292354931179,11
46.445825854877,8.305367854319,11
46.445725770105,8.318380729064,11
46.458107712105,7.368347228186,11
46.458115022046,7.381363888526,11
46.458120840162,7.394380552063,11
46.458125166454,7.407397218071,11
46.454919533610,8.292496525069,11
46.454820924000,8.305511606653,11
46.454720822564,8.318526639841,11
46.467103327098,7.368335568673,11
46.467110638255,7.381354388182,11
46.467116457340,7.394373210888,11
46.467120784352,7.407392036065,11
46.464011751842,8.279620878133,11
46.463914617889,8.292638166555,11
46.463815991864,8.305655407308,11
46.463715873766,8.318672599665,11
46.476106252973,7.381344884646,11
46.476112073027,7.394365867247,11
46.476116400758,7.407386852318,11
46.476119236169,7.420407839134,11
46.473006850796,8.279760407321,11
46.472909700677,8.292779855638,11
46.472811058237,8.305799256286,11
46.485101865967,7.381335377917,11
46.485107686989,7.394358521138,11
46.485112015441,7.407381666830,11
46.485114851323,7.420404814266,11
46.485116194636,7.433427962719,11
46.482001948026,8.279899983380,11
46.481904781741,8.292921592317,11
46.481806122886,8.305943153585,11
46.494097477003,7.381325867996,11
46.494103298993,7.394351172563,11
46.494107628165,7.407376479601,11
46.494110464520,7.420401788382,11
46.494111808056,7.433427098181,11
46.491370844926,8.227944063019,11
46.491279633746,8.240968016713,11
46.490899860847,8.293063376593,11
46.490801185577,8.306087099206,11
46.503093085848,7.381316354883,11
46.503098908806,7.394343821521,11
46.503103238699,7.407371290630,11
46.503106075525,7.420398761482,11
46.503107419285,7.433426233352,11
46.503107269978,7.446453705513,11
46.500543973697,8.202022721625,11
46.500455733477,8.215048924735,11
46.500366000190,8.228075084535,11
46.500274773837,8.241101200300,11
46.500182054418,8.254127271302,11
46.500087841932,8.267153296815,11
46.499992136380,8.280179276111,11
46.499894937762,8.293205208465,11
46.499796246077,8.306231093150,11
46.512094516195,7.394336468012,11
46.512098846808,7.407366099917,11
46.512101684106,7.420395733567,11
46.512103028089,7.433425368233,11
46.512102878757,7.446455003191,11
46.512101236111,7.459484637712,11
46.509625917720,8.189121053027,11
46.509539156138,8.202149461516,11
46.509450901241,8.215177827423,11
46.509361153029,8.228206150020,11
46.509269911503,8.241234428582,11
46.509177176663,8.254262662380,11
46.509082948507,8.267290850690,11
46.508987227037,8.280318992783,11
46.508890012252,8.293347087934,11
46.508791304153,8.306375135415,11
46.508691102739,8.319403134500,11
46.521097290029,7.420392704635,11
46.521098634236,7.433424502825,11
46.521098484879,7.446456301304,11
46.521096841960,7.459488099348,11
46.521093705478,7.472519896229,11
46.518872478584,8.150153707649,11
46.518790183263,8.163184403048,11
46.518706394378,8.176215058045,11
46.518621111931,8.189245671913,11
46.518534335921,8.202276243925,11
46.518446066348,8.215306773354,11
46.518356303211,8.228337259474,11
46.518265046512,8.241367701557,11
46.518172296250,8.254398098878,11
46.518078052424,8.267428450710,11
46.530094237491,7.433423637125,11
46.530094088110,7.446457599853,11
46.530092444917,7.459491562145,11
46.530089307914,7.472525523274,11
46.530084677098,7.485559482513,11
46.530078552472,7.498593439137,11
46.528330195687,8.072073909935,11
46.528256849551,8.085106996739,11
46.528182009603,8.098140047500,11
46.528105675844,8.111173061491,11
46.528027848274,8.124206037987,11
46.527948526892,8.137238976260,11
46.527867711699,8.150271875583,11
46.527785402694,8.163304735231,11
46.527701599878,8.176337554476,11
46.527616303251,8.189370332592,11
46.527529512813,8.202403068851,11
46.527441228563,8.215435762528,11
46.527351450502,8.228468412896,11
46.539089688216,7.446458898837,11
46.539088044750,7.459495026102,11
46.539084907225,7.472531152204,11
46.539080275640,7.485567276418,11
46.539074149996,7.498603398015,11
46.539066530291,7.511639516269,11
46.539057416527,7.524675630454,11
46.537397366832,8.059143840551,11
46.537325502562,8.072179127645,11
46.537252144232,8.085214379422,11
46.537177291843,8.098249595156,11
46.537100945394,8.111284774121,11
46.537023104885,8.124319915590,11
46.536943770317,8.137355018836,11
46.536862941689,8.150390083133,11
46.536780619001,8.163425107754,11
46.536696802254,8.176460091973,11
46.536611491447,8.189495035062,11
46.536524686580,8.202529936295,11
46.548085284964,7.446460198256,11
46.548083641226,7.459498491220,11
46.548080503179,7.472536783022,11
46.548075870824,7.485575072934,11
46.548069744161,7.498613360230,11
46.548062123190,7.511651644183,11
46.548053007912,7.524689924067,11
46.548042398325,7.537728199155,11
46.546599345089,8.020134364818,11
46.546531951798,8.033171919198,11
46.546463064200,8.046209440442,11
46.546392682293,8.059246927824,11
46.546320806078,8.072284380616,11
46.546247435555,8.085321798092,11
46.546172570724,8.098359179525,11
46.546096211586,8.111396524189,11
46.557076095542,7.472542415726,11
46.557071462417,7.485582872062,11
46.557065334736,7.498623325783,11
46.557057712499,7.511663776161,11
46.557048595705,7.524704222469,11
46.557037984355,7.537744663982,11
46.557025878449,7.550785099972,11
46.555967732565,7.941992007363,11
46.555909295412,7.955031911724,11
46.555849363703,7.968071787309,11
46.555787937438,7.981111633390,11
46.555725016616,7.994151449243,11
46.555660601238,8.007191234140,11
46.555594691304,8.020230987354,11
46.555527286813,8.033270708158,11
46.555458387766,8.046310395827,11
46.555387994163,8.059350049633,11
46.555316106003,8.072389668849,11
46.555242723287,8.085429252750,11
46.555167846015,8.098468800608,11
46.555091474186,8.111508311696,11
46.566060921486,7.498633294673,11
46.566053297982,7.511675912201,11
46.566044179674,7.524718525660,11
46.566033566561,7.537761134323,11
46.566021458643,7.550803737463,11
46.566007855920,7.563846334354,11
46.565992758393,7.576888924268,11
46.565020088997,7.929033559798,11
46.564963136939,7.942075659358,11
46.564904690076,7.955117730868,11
46.564844748409,7.968159773603,11
46.564783311937,7.981201786835,11
46.564720380661,7.994243769838,11
46.564655954580,8.007285721884,11
46.564590033694,8.020327642249,11
46.564522618004,8.033369530203,11
46.564453707508,8.046411385022,11
46.564383302209,8.059453205978,11
46.575048879408,7.511688052305,11
46.575039759585,7.524732833640,11
46.575029144709,7.537777610178,11
46.575017034779,7.550822381194,11
46.575003429797,7.563867145960,11
46.574988329762,7.576911903750,11
46.574971734673,7.589956653838,11
46.574953644532,7.603001395497,11
46.574934059338,7.616046127999,11
46.574177413015,7.889982108586,11
46.574124936654,7.903026455810,11
46.574070965241,7.916070777164,11
46.574015498775,7.929115071923,11
46.573958537255,7.942159339358,11
46.573900080683,7.955203578745,11
46.573840129058,7.968247789355,11
46.573778682379,7.981291970463,11
46.573715740648,7.994336121341,11
46.573651303864,8.007380241264,11
46.573585372027,8.020424329503,11
46.573517945136,8.033468385334,11
46.573449023193,8.046512408028,11
46.584035335205,7.524747146408,11
46.584024718565,7.537794091547,11
46.584012606625,7.550841031164,11
46.583998999382,7.563887964532,11
46.583983896839,7.576934890923,11
46.583967298994,7.589981809612,11
46.583949205848,7.603028719872,11
46.583929617401,7.616075620976,11
46.583908533652,7.629122512196,11
46.583885954602,7.642169392808,11
46.583321328818,7.850917446764,11
46.583273329645,7.863964035837,11
46.583223835171,7.877010601221,11
46.583172845396,7.890057142188,11
46.583120360319,7.903103658013,11
46.583066379941,7.916150147969,11
46.583010904261,7.929196611329,11
46.582953933281,7.942243047366,11
46.582895466998,7.955289455353,11
46.582835505415,7.968335834565,11
46.582774048530,7.981382184274,11
46.582711096344,7.994428503753,11
46.593008173945,7.550859687374,11
46.592994564443,7.563908790069,11
46.592979459392,7.576957885787,11
46.592962858791,7.590006973803,11
46.592944762640,7.603056053389,11
46.592925170939,7.616105123820,11
46.592904083689,7.629154184367,11
46.592881500889,7.642203234306,11
46.592857422539,7.655252272908,11
46.592831848640,7.668301299448,11
46.592316781335,7.850985997490,11
46.592268774190,7.864034755890,11
46.592219271496,7.877083490601,11
46.592168273253,7.890132200895,11
46.592115779459,7.903180886047,11
46.592061790116,7.916229545329,11
46.592006305224,7.929278178015,11
46.591949324781,7.942326783379,11
46.601958413829,7.590032146410,11
46.601940314673,7.603083396049,11
46.601920719720,7.616134636531,11
46.601899628968,7.629185867131,11
46.601877042418,7.642237087122,11
46.601852960070,7.655288295777,11
46.601827381924,7.668339492369,11
46.601800307981,7.681390676172,11
46.601771738239,7.694441846458,11
46.601741672699,7.707493002502,11
46.601710111361,7.720544143577,11
46.601677054225,7.733595268956,11
46.601642501292,7.746646377912,11
46.601606452560,7.759697469719,11
46.601568908030,7.772748543649,11
46.601529867702,7.785799598977,11
46.601489331576,7.798850634976,11
46.601447299653,7.811901650919,11
46.601403771931,7.824952646079,11
46.601358748411,7.838003619730,11
46.601312229093,7.851054571144,11
46.601264213977,7.864105499596,11
46.601214703064,7.877156404359,11
46.601163696352,7.890207284706,11
46.601111193842,7.903258139910,11
46.601001701428,7.929359771983,11
46.610916263509,7.616164159111,11
46.610895169256,7.629217560489,11
46.610872578956,7.642270951257,11
46.610848492610,7.655324330690,11
46.610822910218,7.668377698060,11
46.610795831779,7.681431052640,11
46.610767257294,7.694484393705,11
46.610737186763,7.707537720527,11
46.610705620185,7.720591032380,11
46.610672557561,7.733644328536,11
46.610637998891,7.746697608270,11
46.610601944174,7.759750870855,11
46.610564393411,7.772804115563,11
46.610525346602,7.785857341669,11
46.610484803746,7.798910548446,11
46.610442764845,7.811963735166,11
46.610399229896,7.825016901104,11
46.610354198902,7.838070045533,11
46.610307671861,7.851123167726,11
46.610259648773,7.864176266955,11
46.610210129640,7.877229342496,11
46.619844019926,7.655360377647,11
46.619818433287,7.668415916520,11
46.619791350353,7.681471442604,11
46.619762771125,7.694526955172,11
46.619732695602,7.707582453498,11
46.619701123785,7.720637936854,11
46.619668055673,7.733693404514,11
46.619633491266,7.746748855751,11
46.619597430565,7.759804289839,11
46.619559873568,7.772859706051,11
46.619520820278,7.785915103661,11
46.619480270692,7.798970481941,11
46.619438224812,7.812025840165,11
46.619394682637,7.825081177606,11
46.619349644168,7.838136493538,11
46.619303109404,7.851191787234,11
46.628786863470,7.681511846064,11
46.628758279498,7.694569530861,11
46.628728198984,7.707627201415,11
46.628696621927,7.720684857000,11
46.628663548327,7.733742496889,11
46.628628978183,7.746800120356,11
46.628592911497,7.759857726673,11
46.628555348268,7.772915315114,11
46.628516288495,7.785972884952,11
46.628475732180,7.799030435461,11
46.628433679322,7.812087965914,11
46.628345083976,7.838202963746,11
