45.81420064,8.52438920,12
45.81407548,8.53725180,12
45.81394885,8.55011434,12
45.81382074,8.56297682,12
45.81369116,8.57583924,12
45.81356010,8.58870159,12
45.81342757,8.60156387,12
45.80573759,9.19314624,12
45.80553577,9.20600465,12
45.80533248,9.21886297,12
45.80512772,9.23172118,12
45.80492148,9.24457929,12
45.80471376,9.25743730,12
45.82356158,8.48597258,12
45.82344082,8.49883748,12
45.82331859,8.51170231,12
45.82319488,8.52456708,12
45.82306970,8.53743179,12
45.82294305,8.55029644,12
45.82281492,8.56316103,12
45.82268532,8.57602555,12
45.82255424,8.58889001,12
45.81452856,9.20629425,12
45.81432523,9.21915467,12
45.81412043,9.23201499,12
45.81391416,9.24487521,12
45.81370641,9.25773532,12
45.81349719,9.27059534,12
45.81328649,9.28345525,12
45.83279303,8.46041003,12
45.83267520,8.47327715,12
45.83255590,8.48614421,12
45.83243512,8.49901121,12
45.83231287,8.51187815,12
45.83218914,8.52474503,12
45.83206394,8.53761185,12
45.83193726,8.55047861,12
45.83180911,8.56334530,12
45.83167949,8.57621193,12
45.83154839,8.58907850,12
45.82352136,9.20658394,12
45.82331800,9.21944647,12
45.82311316,9.23230890,12
45.82290685,9.24517122,12
45.82269907,9.25803345,12
45.82248981,9.27089557,12
45.82227908,9.28375759,12
45.82206687,9.29661951,12
45.84213209,8.42196946,12
45.84201867,8.43483886,12
45.84190377,8.44770820,12
45.84178740,8.46057749,12
45.84166955,8.47344672,12
45.84155023,8.48631589,12
45.84142943,8.49918500,12
45.84130716,8.51205405,12
45.84118341,8.52492304,12
45.84105819,8.53779197,12
45.84093150,8.55066083,12
45.84080332,8.56352964,12
45.83210591,9.23260290,12
45.83189956,9.24546734,12
45.83169175,9.25833168,12
45.83148245,9.27119591,12
45.83127168,9.28406004,12
45.83105944,9.29692406,12
45.83084572,9.30978798,12
45.85123851,8.40925909,12
45.85112654,8.42213065,12
45.85101310,8.43500216,12
45.85089818,8.44787361,12
45.85078179,8.46074501,12
45.85066392,8.47361635,12
45.85054458,8.48648763,12
45.85042376,8.49935885,12
45.85030147,8.51223001,12
45.84068444,9.25863001,12
45.84047511,9.27149635,12
45.84026430,9.28436259,12
45.84005202,9.29722872,12
45.83983827,9.31009475,12
45.86023299,8.40941822,12
45.86012100,8.42229190,12
45.86000754,8.43516552,12
45.85989261,8.44803908,12
45.85977620,8.46091259,12
45.85965831,8.47378604,12
45.85953895,8.48665943,12
45.84946778,9.27179689,12
45.84925694,9.28466524,12
45.84904462,9.29753348,12
45.84883083,9.31040162,12
45.84861557,9.32326966,12
45.84839882,9.33613759,12
45.86933801,8.39670157,12
45.86922749,8.40957742,12
45.86911548,8.42245320,12
45.86900200,8.43532893,12
45.86888705,8.44820461,12
45.85824958,9.28496800,12
45.85803723,9.29783835,12
45.85782341,9.31070860,12
45.85760811,9.32357875,12
45.85739133,9.33644879,12
45.87844161,8.38398070,12
45.87833254,8.39685871,12
45.87822199,8.40973666,12
45.87810997,8.42261456,12
45.87799647,8.43549240,12
45.86724225,9.28527086,12
45.86702986,9.29814333,12
45.86681600,9.31101569,12
45.86660066,9.32388795,12
45.86638384,9.33676010,12
45.86616555,9.34963214,12
45.88754379,8.37125560,12
45.88743617,8.38413578,12
45.88732708,8.39701589,12
45.88721652,8.40989596,12
45.88710448,8.42277597,12
45.88699096,8.43565593,12
45.87580860,9.31132288,12
45.87559323,9.32419725,12
45.87537638,9.33707152,12
45.87515805,9.34994567,12
45.87493825,9.36281972,12
45.89653838,8.37140862,12
45.89643075,8.38429090,12
45.89632164,8.39717314,12
45.89621105,8.41005532,12
45.89609899,8.42293744,12
45.88458581,9.32450666,12
45.88436892,9.33738304,12
45.88415056,9.35025931,12
45.88393072,9.36313547,12
45.90563916,8.35867723,12
45.90553298,8.37156168,12
45.90542533,8.38444608,12
45.90531621,8.39733043,12
45.90520560,8.41021473,12
45.89357840,9.32481618,12
45.89336148,9.33769467,12
45.89314308,9.35057305,12
45.89292320,9.36345133,12
45.91473850,8.34594161,12
45.91463379,8.35882823,12
45.91452760,8.37171480,12
45.91441993,8.38460132,12
45.91431079,8.39748778,12
45.90257101,9.32512580,12
45.90235405,9.33800641,12
45.90213561,9.35088691,12
45.90191570,9.36376730,12
45.90169431,9.37664758,12
45.92393820,8.32031293,12
45.92383642,8.33320177,12
45.92373317,8.34609055,12
45.92362844,8.35897929,12
45.92352223,8.37186797,12
45.92341454,8.38475661,12
45.92330538,8.39764518,12
45.91134663,9.33831825,12
45.91112816,9.35120087,12
45.91090821,9.36408337,12
45.91068678,9.37696577,12
45.91046387,9.38984806,12
45.93293291,8.32045769,12
45.93283112,8.33334864,12
45.93272785,8.34623955,12
45.93262310,8.35913040,12
45.93251687,8.37202120,12
45.93240917,8.38491195,12
45.92033923,9.33863020,12
45.92012072,9.35151493,12
45.91990073,9.36439956,12
45.91967926,9.37728407,12
45.91945632,9.39016848,12
45.91923190,9.40305277,12
45.94192764,8.32060250,12
45.94182583,8.33349557,12
45.94172254,8.34638859,12
45.94161777,8.35928156,12
45.94151153,8.37217448,12
45.92911329,9.35182911,12
45.92889326,9.36471585,12
45.92867176,9.37760248,12
45.92844878,9.39048900,12
45.92822432,9.40337542,12
45.95102273,8.30785212,12
45.95092238,8.32074736,12
45.95082055,8.33364255,12
45.95071724,8.34653768,12
45.95061246,8.35943277,12
45.93788581,9.36503225,12
45.93766427,9.37792100,12
45.93744125,9.39080964,12
45.93721676,9.40369817,12
45.96001749,8.30799491,12
45.95991713,8.32089226,12
45.95981528,8.33378957,12
45.95971196,8.34668683,12
45.95960715,8.35958403,12
45.94665679,9.37823963,12
45.94643374,9.39113039,12
45.94620920,9.40402104,12
45.94598319,9.41691157,12
45.96901227,8.30813775,12
45.96891189,8.32103722,12
45.96881002,8.33393665,12
45.96870668,8.34683602,12
45.95564932,9.37855837,12
45.95542623,9.39145124,12
45.95520166,9.40434401,12
45.95497561,9.41723667,12
45.95474808,9.43012922,12
45.97800706,8.30828063,12
45.97790666,8.32118223,12
45.97780478,8.33408378,12
45.96441874,9.39177221,12
45.96419413,9.40466710,12
45.96396804,9.41756188,12
45.96374047,9.43045654,12
45.96351143,9.44335110,12
45.98700186,8.30842357,12
45.98690144,8.32132729,12
45.98679954,8.33423095,12
45.98669617,8.34713457,12
45.97341125,9.39209329,12
45.97318661,9.40499030,12
45.97296048,9.41788719,12
45.97273288,9.43078398,12
45.97250379,9.44368065,12
45.99599667,8.30856655,12
45.99589623,8.32147239,12
45.99579432,8.33437818,12
45.99569093,8.34728392,12
45.98217910,9.40531360,12
45.98195294,9.41821262,12
45.98172529,9.43111153,12
45.98149617,9.44401033,12
46.00509046,8.29580158,12
46.00499149,8.30870959,12
46.00489104,8.32161755,12
46.00478911,8.33452546,12
46.00468570,8.34743332,12
45.99117160,9.40563702,12
45.99094540,9.41853816,12
45.99071772,9.43143919,12
45.99048856,9.44434011,12
46.01408531,8.29594254,12
46.01398632,8.30885267,12
46.01388585,8.32176275,12
46.01378390,8.33467279,12
46.00016411,9.40596055,12
45.99993787,9.41886381,12
45.99971015,9.43176697,12
45.99948095,9.44467001,12
46.02308017,8.29608355,12
46.02298116,8.30899580,12
46.02288068,8.32190801,12
46.00915663,9.40628419,12
46.00893036,9.41918958,12
46.00870260,9.43209485,12
46.00847336,9.44500002,12
46.03207504,8.29622460,12
46.03197602,8.30913898,12
46.03187551,8.32205331,12
46.03177353,8.33496760,12
46.01814917,9.40660794,12
46.01792285,9.41951545,12
46.01769505,9.43242285,12
46.01746578,9.44533014,12
46.04106992,8.29636571,12
46.04097088,8.30928221,12
46.04087036,8.32219867,12
46.04076836,8.33511508,12
46.02714171,9.40693180,12
46.02691535,9.41984144,12
46.02668752,9.43275096,12
46.02645821,9.44566038,12
46.02622741,9.45856968,12
46.05006480,8.29650686,12
46.04996575,8.30942549,12
46.04986521,8.32234407,12
46.04976319,8.33526261,12
46.03613426,9.40725577,12
46.03590787,9.42016753,12
46.03568000,9.43307919,12
46.03545064,9.44599072,12
46.03521981,9.45890215,12
46.05905970,8.29664806,12
46.05896063,8.30956882,12
46.05886007,8.32248953,12
46.05875804,8.33541019,12
46.04490039,9.42049374,12
46.04467248,9.43340752,12
46.04444309,9.44632119,12
46.04421222,9.45923474,12
46.06805461,8.29678931,12
46.06795552,8.30971220,12
46.06785495,8.32263503,12
46.06775290,8.33555782,12
46.05389292,9.42082006,12
46.05366497,9.43373597,12
46.05343554,9.44665176,12
46.05320463,9.45956744,12
46.05297224,9.47248301,12
46.07724329,8.27108044,12
46.07714714,8.28400555,12
46.07704952,8.29693061,12
46.07695041,8.30985562,12
46.07684983,8.32278058,12
46.07674776,8.33570550,12
46.06265747,9.43406453,12
46.06242801,9.44698245,12
46.06219706,9.45990025,12
46.06196463,9.47281795,12
46.08633292,8.25829024,12
46.08623824,8.27121753,12
46.08614208,8.28414476,12
46.08604444,8.29707195,12
46.08594532,8.30999909,12
46.07164999,9.43439320,12
46.07142048,9.44731325,12
46.07118949,9.46023318,12
46.07095702,9.47315301,12
46.09532790,8.25842525,12
46.09523321,8.27135466,12
46.09513703,8.28428403,12
46.09503937,8.29721335,12
46.08064250,9.43472198,12
46.08041296,9.44764416,12
46.08018193,9.46056622,12
46.07994942,9.47348818,12
46.10441611,8.24562871,12
46.10432289,8.25856030,12
46.10422818,8.27149184,12
46.10413199,8.28442334,12
46.10403431,8.29735479,12
46.08963503,9.43505087,12
46.08940545,9.44797518,12
46.08917438,9.46089938,12
46.08894183,9.47382346,12
46.08870780,9.48674743,12
46.11341112,8.24576167,12
46.11331788,8.25869540,12
46.11322316,8.27162907,12
46.11312695,8.28456270,12
46.09862757,9.43537988,12
46.09839794,9.44830632,12
46.09816684,9.46123265,12
46.09793425,9.47415886,12
46.09770018,9.48708496,12
46.12240614,8.24589469,12
46.12231289,8.25883054,12
46.12221815,8.27176634,12
46.12212192,8.28470210,12
46.10739045,9.44863757,12
46.10715930,9.46156603,12
46.10692668,9.47449438,12
46.10669257,9.48742261,12
46.13149296,8.23308971,12
46.13140117,8.24602774,12
46.13130790,8.25896573,12
46.13121314,8.27190367,12
46.11638296,9.44896893,12
46.11615178,9.46189952,12
46.11591911,9.47483000,12
46.11568496,9.48776037,12
46.14039620,8.24616085,12
46.14030291,8.25910096,12
46.14020814,8.27204103,12
46.14011189,8.28498106,12
46.12537548,9.44930041,12
46.12514426,9.46223313,12
46.12491155,9.47516574,12
46.12467737,9.48809824,12
46.14929794,8.25923624,12
46.14920315,8.27217845,12
46.14910688,8.28512061,12
46.14900912,8.29806272,12
46.13436800,9.44963200,12
46.13413674,9.46256686,12
46.13390400,9.47550160,12
46.13366977,9.48843623,12
46.13343407,9.50137075,12
46.15819817,8.27231591,12
46.15810188,8.28526020,12
46.15800411,8.29820445,12
46.15790485,8.31114865,12
46.14336053,9.44996370,12
46.14312924,9.46290069,12
46.14289645,9.47583757,12
46.14266219,9.48877434,12
46.16719319,8.27245342,12
46.16709688,8.28539985,12
46.16699910,8.29834623,12
46.16689983,8.31129256,12
46.15212174,9.46323464,12
46.15188892,9.47617366,12
46.15165461,9.48911256,12
46.15141882,9.50205134,12
46.17618822,8.27259098,12
46.17609190,8.28553954,12
46.17599409,8.29848806,12
46.17589480,8.31143653,12
46.16134562,9.45062744,12
46.16111424,9.46356870,12
46.16088138,9.47650985,12
46.16064704,9.48945089,12
46.18508691,8.28567928,12
46.18498909,8.29862993,12
46.18488979,8.31158054,12
46.18478900,8.32453109,12
46.17033817,9.45095948,12
46.17010675,9.46390288,12
46.16987386,9.47684617,12
46.16963947,9.48978934,12
46.19408194,8.28581906,12
46.19398410,8.29877186,12
46.19388478,8.31172460,12
46.19378397,8.32467729,12
46.17956069,9.43834598,12
46.17933072,9.45129163,12
46.17909927,9.46423717,12
46.17886633,9.47718259,12
46.17863191,9.49012790,12
46.20307697,8.28595890,12
46.20297911,8.29891383,12
46.20287978,8.31186871,12
46.20277895,8.32482354,12
46.18855329,9.43867611,12
46.18832329,9.45162390,12
46.18809179,9.46457157,12
46.18785882,9.47751914,12
46.21207200,8.28609878,12
46.21197413,8.29905585,12
46.21187478,8.31201287,12
46.21177394,8.32496984,12
46.19754590,9.43900635,12
46.19731585,9.45195627,12
46.19708432,9.46490609,12
46.19685131,9.47785579,12
46.22106704,8.28623871,12
46.22096916,8.29919791,12
46.22086978,8.31215707,12
46.22076893,8.32511618,12
46.20653851,9.43933670,12
46.20630843,9.45228877,12
46.20607686,9.46524072,12
46.20584380,9.47819256,12
46.23006209,8.28637868,12
46.22996418,8.29934003,12
46.22986480,8.31230133,12
46.22976392,8.32526258,12
46.22966156,8.33822378,12
46.21553112,9.43966716,12
46.21530100,9.45262137,12
46.21506939,9.46557546,12
46.21483630,9.47852944,12
46.23905714,8.28651871,12
46.23895922,8.29948220,12
46.23885981,8.31244564,12
46.23875892,8.32540903,12
46.23865655,8.33837237,12
46.22452374,9.43999774,12
46.22429358,9.45295408,12
46.22406194,9.46591032,12
46.22382881,9.47886644,12
46.24795425,8.29962441,12
46.24785483,8.31258999,12
46.24775393,8.32555552,12
46.24765153,8.33852101,12
46.23374508,9.42736982,12
46.23351637,9.44032842,12
46.23328617,9.45328691,12
46.23305448,9.46624529,12
46.23282131,9.47920356,12
46.25694929,8.29976667,12
46.25684986,8.31273439,12
46.25674893,8.32570207,12
46.25664652,8.33866970,12
46.25654263,8.35163727,12
46.24296501,9.41473762,12
46.24273775,9.42769848,12
46.24250900,9.44065922,12
46.24227876,9.45361986,12
46.24204704,9.46658038,12
46.26584489,8.31287885,12
46.26574394,8.32584866,12
46.26564152,8.33881843,12
46.26553760,8.35178815,12
46.26543220,8.36475782,12
46.25195772,9.41506424,12
46.25173042,9.42802724,12
46.25150163,9.44099013,12
46.25127135,9.45395291,12
46.25103959,9.46691557,12
46.27473896,8.32599531,12
46.27463652,8.33896722,12
46.27453258,8.35193909,12
46.27442717,8.36491090,12
46.26095043,9.41539098,12
46.26072309,9.42835612,12
46.26049427,9.44132116,12
46.26026395,9.45428608,12
46.26003215,9.46725088,12
46.28383495,8.31316790,12
46.28373398,8.32614200,12
46.28363152,8.33911606,12
46.28352757,8.35209007,12
46.28342213,8.36506403,12
46.27016904,9.40275043,12
46.26994315,9.41571783,12
46.26971577,9.42868511,12
46.26948690,9.44165229,12
46.26925655,9.45461936,12
46.29272900,8.32628875,12
46.29262652,8.33926495,12
46.29252256,8.35224110,12
46.29241710,8.36521721,12
46.29231016,8.37819326,12
46.27893587,9.41604478,12
46.27870845,9.42901422,12
46.27847955,9.44198354,12
46.30172402,8.32643554,12
46.30162153,8.33941389,12
46.30151755,8.35239219,12
46.30141207,8.36537044,12
46.30130512,8.37834863,12
46.28815456,9.40340016,12
46.28792859,9.41637185,12
46.28770113,9.42934343,12
46.28747219,9.44231490,12
46.31061654,8.33956288,12
46.31051254,8.35254333,12
46.31040705,8.36552372,12
46.31030007,8.37850407,12
46.31019161,8.39148436,12
46.29714732,9.40372519,12
46.29692131,9.41669903,12
46.29669382,9.42967275,12
46.29646484,9.44264637,12
46.29623437,9.45561987,12
46.31961155,8.33971192,12
46.31950753,8.35269452,12
46.31940203,8.36567706,12
46.31929503,8.37865955,12
46.30636464,9.39107423,12
46.30614008,9.40405033,12
46.30591404,9.41702632,12
46.30568651,9.43000219,12
46.30545749,9.44297795,12
46.32850253,8.35284576,12
46.32839701,8.36583045,12
46.32828999,8.37881508,12
46.31558054,9.37841898,12
46.31535744,9.39139734,12
46.31513285,9.40437558,12
46.31490677,9.41735371,12
46.31467920,9.43033174,12
46.31445014,9.44330965,12
46.33749753,8.35299705,12
46.33739199,8.36598389,12
46.33728496,8.37897067,12
46.33717644,8.39195741,12
46.32457339,9.37874005,12
46.32435025,9.39172055,12
46.32412562,9.40470094,12
46.32389950,9.41768122,12
46.32367189,9.43066139,12
46.34649253,8.35314839,12
46.34638697,8.36613738,12
46.34627992,8.37912631,12
46.34617139,8.39211520,12
46.33356623,9.37906122,12
46.33334306,9.39204387,12
46.33311839,9.40502641,12
46.33289223,9.41800884,12
46.35538196,8.36629092,12
46.35527489,8.37928201,12
46.35516634,8.39227304,12
46.35505629,8.40526402,12
46.34278081,9.36639759,12
46.34255908,9.37938250,12
46.34233587,9.39236730,12
46.34211116,9.40535199,12
46.34188497,9.41833657,12
46.36416129,8.39243094,12
46.36405123,8.40542407,12
46.36393967,8.41841715,12
46.36382663,8.43141018,12
46.35199397,9.35372965,12
46.35177369,9.36671682,12
46.35155193,9.37970388,12
46.35132868,9.39269084,12
46.35110393,9.40567768,12
46.37315624,8.39258889,12
46.37304616,8.40558418,12
46.37293459,8.41857941,12
46.37282153,8.43157458,12
46.36120571,9.34105742,12
46.36098689,9.35404684,12
46.36076658,9.36703617,12
46.36054478,9.38002538,12
46.36032149,9.39301448,12
46.38215119,8.39274689,12
46.38204109,8.40574433,12
46.38192950,8.41874171,12
46.38181643,8.43173904,12
46.37041604,9.32838087,12
46.37019867,9.34137256,12
46.36997981,9.35436414,12
46.36975946,9.36735562,12
46.36953763,9.38034698,12
46.36931430,9.39333824,12
46.39114615,8.39290495,12
46.39103603,8.40590454,12
46.39092442,8.41890408,12
46.39081132,8.43190356,12
46.39069674,8.44490299,12
46.39058066,8.45790236,12
46.37983937,9.30270598,12
46.37962495,9.31570003,12
46.37940903,9.32869397,12
46.37919163,9.34168781,12
46.37897274,9.35468155,12
46.37875235,9.36767518,12
46.37853048,9.38066870,12
46.40003096,8.40606481,12
46.39991934,8.41906650,12
46.39980622,8.43206813,12
46.39969161,8.44506971,12
46.39957552,8.45807124,12
46.39945793,8.47107271,12
46.38904541,9.29001856,12
46.38883244,9.30301487,12
46.38861798,9.31601108,12
46.38840203,9.32900718,12
46.38818459,9.34200317,12
46.38796566,9.35499906,12
46.38774524,9.36799484,12
46.40880112,8.43223276,12
46.40868649,8.44523650,12
46.40857038,8.45824018,12
46.40845277,8.47124380,12
46.39803851,9.29032541,12
46.39782551,9.30332387,12
46.39761101,9.31632223,12
46.39739503,9.32932049,12
46.39717755,9.34231864,12
46.41756524,8.45840917,12
46.41744761,8.47141495,12
46.41732849,8.48442067,12
46.40703162,9.29063236,12
46.40681858,9.30363298,12
46.40660405,9.31663349,12
46.42656010,8.45857822,12
46.42644245,8.47158616,12
46.42632331,8.48459403,12
46.41623631,9.27793653,12
46.41602472,9.29093941,12
46.41581165,9.30394219,12
46.41559708,9.31694486,12
46.43543729,8.47175742,12
46.43531813,8.48476745,12
46.42564821,9.25223115,12
46.42543957,9.26523639,12
46.42522945,9.27824153,12
46.42501783,9.29124657,12
46.42480472,9.30425150,12
46.44454981,8.45891649,12
46.44443213,8.47192874,12
46.44431295,8.48494093,12
46.44419228,8.49795307,12
46.44382133,8.53698911,12
46.43525848,9.21350913,12
46.43505429,9.22651683,12
46.43484860,9.23952443,12
46.43464142,9.25253193,12
46.43443275,9.26553933,12
46.43422258,9.27854663,12
46.43401093,9.29155382,12
46.43379778,9.30456092,12
46.45330777,8.48511447,12
46.45318708,8.49812876,12
46.45306490,8.51114300,12
46.45294122,8.52415717,12
46.45281606,8.53717128,12
46.45268940,8.55018533,12
46.44465578,9.18778353,12
46.44445453,9.20079358,12
46.44425179,9.21380354,12
46.44404756,9.22681340,12
46.44384184,9.23982316,12
46.44363463,9.25283282,12
46.44342592,9.26584238,12
46.44321572,9.27885183,12
46.46218187,8.49830452,12
46.46205967,8.51132091,12
46.46193598,8.52433724,12
46.46181079,8.53735351,12
46.46168412,8.55036972,12
46.45424405,9.14903649,12
46.45404724,9.16204899,12
46.45384894,9.17506140,12
46.45364916,9.18807372,12
46.45344788,9.20108593,12
46.45324510,9.21409805,12
46.45304084,9.22711007,12
46.45283508,9.24012199,12
46.47105445,8.51149889,12
46.47093073,8.52451738,12
46.47080553,8.53753581,12
46.47067883,8.55055418,12
46.47055064,8.56357249,12
46.46381908,9.11027572,12
46.46343286,9.13630553,12
46.46323752,9.14932030,12
46.46304068,9.16233496,12
46.46284235,9.17534953,12
46.46264253,9.18836401,12
46.46244122,9.20137838,12
46.46223841,9.21439266,12
46.46203411,9.22740684,12
46.46182832,9.24042092,12
46.47980026,8.53771817,12
46.47967354,8.55073870,12
46.47954533,8.56375916,12
46.47941562,8.57677957,12
46.47928443,8.58979991,12
46.47319295,9.08451865,12
46.47300354,9.09753594,12
46.47281264,9.11055315,12
46.47262025,9.12357026,12
46.47242637,9.13658728,12
46.47223099,9.14960420,12
46.47203412,9.16262103,12
46.47183576,9.17563776,12
46.47163590,9.18865439,12
46.47143455,9.20167093,12
46.47123171,9.21468737,12
46.48879499,8.53790058,12
46.48866825,8.55092327,12
46.48854001,8.56394590,12
46.48841029,8.57696847,12
46.48827907,8.58999097,12
46.48814636,8.60301341,12
46.48274594,9.04573291,12
46.48256098,9.05875265,12
46.48237453,9.07177229,12
46.48218658,9.08479184,12
46.48199714,9.09781130,12
46.48180621,9.11083067,12
46.48161379,9.12384994,12
46.48141987,9.13686912,12
46.48122446,9.14988820,12
46.48102756,9.16290719,12
46.48082916,9.17592608,12
46.48062927,9.18894488,12
46.48042789,9.20196358,12
46.49778971,8.53808306,12
46.49766295,8.55110792,12
46.49753470,8.56413271,12
46.49740495,8.57715743,12
46.49727371,8.59018210,12
46.49714098,8.60320670,12
46.49700675,8.61623124,12
46.49631322,8.68135291,12
46.49617004,8.69437705,12
46.49210516,9.01995566,12
46.49192316,9.03297773,12
46.49173966,9.04599971,12
46.49155467,9.05902161,12
46.49136819,9.07204341,12
46.49118021,9.08506513,12
46.49099074,9.09808675,12
46.49079977,9.11110827,12
46.49060732,9.12412971,12
46.49041337,9.13715105,12
46.49021793,9.15017230,12
46.50652938,8.56431957,12
46.50639961,8.57734646,12
46.50626835,8.59037329,12
46.50613559,8.60340005,12
46.50600134,8.61642675,12
46.50586560,8.62945339,12
46.50572837,8.64247995,12
46.50558964,8.65550645,12
46.50544942,8.66853288,12
46.50530770,8.68155925,12
46.50516449,8.69458554,12
46.50501979,8.70761176,12
46.50127948,9.00719390,12
46.50109894,9.02021822,12
46.50091691,9.03324246,12
46.50073338,9.04626660,12
46.50054836,9.05929066,12
46.50036184,9.07231463,12
46.51526298,8.59056455,12
46.51513021,8.60359347,12
46.51499594,8.61662234,12
46.51486017,8.62965113,12
46.51472291,8.64267986,12
46.51458416,8.65570852,12
46.51444391,8.66873712,12
46.51430218,8.68176565,12
46.51415894,8.69479410,12
46.51401422,8.70782249,12
46.51386800,8.72085081,12
46.51372028,8.73387905,12
46.51357108,8.74690722,12
46.51045237,8.99442781,12
46.51027329,9.00745438,12
46.51009272,9.02048087,12
46.50954204,9.05955980,12
46.52412482,8.60378696,12
46.52399052,8.61681798,12
46.52385474,8.62984894,12
46.52371746,8.64287984,12
46.52357868,8.65591067,12
46.52343841,8.66894142,12
46.52329665,8.68197211,12
46.52315339,8.69500274,12
46.52300864,8.70803329,12
46.52286240,8.72106377,12
46.52271466,8.73409418,12
46.52256543,8.74712451,12
46.52241470,8.76015478,12
46.52195356,8.79924512,12
46.52163867,8.82530498,12
46.52014769,8.94257040,12
46.51997456,8.95559948,12
46.51979994,8.96862848,12
46.51962382,8.98165739,12
46.51944620,8.99468622,12
46.51926709,9.00771496,12
46.51908649,9.02074361,12
46.53271200,8.64307988,12
46.53229112,8.68217865,12
46.53214784,8.69521144,12
46.53200306,8.70824416,12
46.53185680,8.72127680,12
46.53170903,8.73430937,12
46.53155978,8.74734188,12
46.53140903,8.76037431,12
46.53125678,8.77340666,12
46.53110304,8.78643894,12
46.53094781,8.79947115,12
46.53079108,8.81250328,12
46.53063286,8.82553533,12
46.53047315,8.83856730,12
46.53031194,8.85159920,12
46.52965216,8.90372600,12
46.52948348,8.91675749,12
46.52931331,8.92978891,12
46.52914164,8.94282024,12
46.52896848,8.95585149,12
46.52879382,8.96888265,12
46.52861767,8.98191373,12
46.52844003,8.99494472,12
46.52826089,9.00797562,12
46.54114228,8.69542021,12
46.54099748,8.70845509,12
46.54085119,8.72148991,12
46.54070340,8.73452465,12
46.54055412,8.74755931,12
46.54040335,8.76059391,12
46.54025108,8.77362843,12
46.54009731,8.78666287,12
46.53994205,8.79969725,12
46.53978530,8.81273154,12
46.53962705,8.82576576,12
46.53946731,8.83879990,12
46.53930608,8.85183396,12
46.53914335,8.86486795,12
46.53897912,8.87790185,12
46.53881340,8.89093568,12
46.53864619,8.90396942,12
46.53847748,8.91700308,12
46.53830728,8.93003666,12
46.53813558,8.94307016,12
46.53796239,8.95610357,12
46.53778771,8.96913690,12
46.53761153,8.98217014,12
46.53743386,8.99520330,12
46.54954846,8.74777682,12
46.54939766,8.76081358,12
46.54924537,8.77385027,12
46.54909158,8.78688688,12
46.54893629,8.79992342,12
46.54877951,8.81295988,12
46.54862124,8.82599627,12
46.54846147,8.83903257,12
46.54830021,8.85206880,12
46.54813745,8.86510496,12
46.54797320,8.87814103,12
46.54780745,8.89117702,12
46.54764021,8.90421293,12
46.54747148,8.91724876,12
46.54730125,8.93028450,12
46.54712952,8.94332017,12
46.54695631,8.95635575,12
46.54678159,8.96939124,12
46.55793053,8.80014967,12
46.55761542,8.82622685,12
46.55745563,8.83926533,12
46.55729434,8.85230372,12
46.55713156,8.86534204,12
46.55696728,8.87838028,12
46.55680150,8.89141844,12
46.55663423,8.90445652,12
46.55646547,8.91749451,12
46.55629521,8.93053243,12
46.55612346,8.94357026,12
46.56596135,8.87861961,12
46.56579555,8.89165994,12
46.56562825,8.90470019,12
