46.238186980096,7.757554990304,11
46.237847036987,7.861266278909,11
46.247218300575,7.744641529741,11
46.247182487646,7.757607670354,11
46.247145188703,7.770573793091,11
46.246981132794,7.822438090746,11
46.246936403783,7.835404113203,11
46.246890188758,7.848370113424,11
46.246842487719,7.861336090683,11
46.246793300667,7.874302044252,11
46.246742627601,7.887267973405,11
46.256213818313,7.744692085449,11
46.256177999398,7.757660368253,11
46.256140694222,7.770628633181,11
46.256101902784,7.783596879506,11
46.256061625084,7.796565106502,11
46.256019861122,7.809533313442,11
46.255976610897,7.822501499600,11
46.255931874411,7.835469664248,11
46.255885651663,7.848437806660,11
46.255837942653,7.861405926109,11
46.255788747381,7.874374021869,11
46.255738065846,7.887342093213,11
46.255685898050,7.900310139415,11
46.255632243992,7.913278159747,11
46.255577103672,7.926246153483,11
46.265243678407,7.731772215410,11
46.265209340019,7.744742658280,11
46.265173515120,7.757713084000,11
46.265136203710,7.770683491845,11
46.265097405791,7.783653881087,11
46.265057121361,7.796624250999,11
46.265015350420,7.809594600856,11
46.264972092969,7.822564929930,11
46.264927349008,7.835535237495,11
46.264881118537,7.848505522823,11
46.264833401555,7.861475785189,11
46.264784198063,7.874446023866,11
46.264733508061,7.887416238126,11
46.264681331548,7.900386427244,11
46.264627668525,7.913356590493,11
46.264572518992,7.926326727145,11
46.264515882948,7.939296836475,11
46.264457760394,7.952266917756,11
46.264398151330,7.965236970261,11
46.274333321409,7.692902806556,11
46.274303437560,7.705875440156,11
46.274272066952,7.718848058787,11
46.274239209586,7.731820661721,11
46.274204865460,7.744793248233,11
46.274169034576,7.757765817596,11
46.274092912533,7.783710901967,11
46.274052621373,7.796683415522,11
46.274010843454,7.809655909020,11
46.273967578777,7.822628381736,11
46.273922827341,7.835600832943,11
46.273876589147,7.848573261914,11
46.273828864194,7.861545667922,11
46.273779652482,7.874518050241,11
46.273728954011,7.887490408143,11
46.273676768782,7.900462740903,11
46.273623096794,7.913435047794,11
46.273567938048,7.926407328089,11
46.273511292542,7.939379581061,11
46.273453160279,7.952351805984,11
46.273393541256,7.965324002130,11
46.273332435475,7.978296168774,11
46.273269842935,7.991268305189,11
46.273205763636,8.004240410648,11
46.283357273643,7.679970043952,11
46.283328871809,7.692944836162,11
46.283298982968,7.705919614130,11
46.283267607121,7.718894377128,11
46.283234744266,7.731869124431,11
46.283200394404,7.744843855310,11
46.283048124887,7.796742600069,11
46.283006339991,7.809717237936,11
46.282672209518,7.900539080392,11
46.282618528565,7.913513531651,11
46.282563360605,7.926487956313,11
46.282506705639,7.939462353653,11
46.282448563665,7.952436722943,11
46.282388934684,7.965411063457,11
46.282327818697,7.978385374469,11
46.282265215702,7.991359655252,11
46.282201125700,8.004333905078,11
46.282135548692,8.017308123222,11
46.282068484676,8.030282308956,11
46.292429128253,7.641079052586,11
46.292405183442,7.654056028257,11
46.292379751376,7.667032991866,11
46.292352832055,7.680009942686,11
46.292324425478,7.692986879989,11
46.292294531646,7.705963803050,11
46.292263150558,7.718940711142,11
46.292230282215,7.731917603538,11
46.292195926617,7.744894479510,11
46.291558786432,7.926568611818,11
46.291502122004,7.939545154251,11
46.291443970321,7.952521668635,11
46.291384331382,7.965498154242,11
46.291323205187,7.978474610347,11
46.291260591738,7.991451036223,11
46.291196491033,8.004427431142,11
46.291130903073,8.017403794379,11
46.291063827857,8.030380125207,11
46.290995265386,8.043356422899,11
46.290925215660,8.056332686728,11
46.301468137547,7.615154251096,11
46.301447163746,7.628133394532,11
46.301424702440,7.641112527359,11
46.301400753631,7.654091648849,11
46.301375317319,7.667070758277,11
46.301348393502,7.680049854915,11
46.301319982182,7.693028938037,11
46.301290083359,7.706008006917,11
46.301258697031,7.718987060828,11
46.301225823200,7.731966099042,11
46.300318594714,7.978563876408,11
46.300255970809,7.991542448103,11
46.300191859401,8.004520988841,11
46.300126260490,8.017499497897,11
46.300059174074,8.030477974543,11
46.299990600155,8.043456418054,11
46.299920538733,8.056434827701,11
46.299848989806,8.069413202760,11
46.299775953376,8.082391542502,11
46.299701429443,8.095369846202,11
46.310501213138,7.589220835218,11
46.310483211339,7.602202144237,11
46.310463721788,7.615183444099,11
46.310442744485,7.628164734079,11
46.310420279430,7.641146013450,11
46.310396326622,7.654127281485,11
46.310370886063,7.667108537457,11
46.310343957752,7.680089780640,11
46.310315541689,7.693071010306,11
46.309187230572,8.004614578174,11
46.309121620709,8.017595233774,11
46.309054523094,8.030575856965,11
46.308985937726,8.043556447020,11
46.308915864607,8.056537003212,11
46.308844303736,8.069517524814,11
46.308771255113,8.082498011101,11
46.308696718738,8.095478461345,11
46.308620694610,8.108458874820,11
46.319528351813,7.563278806410,11
46.319513323010,7.576262278831,11
46.319496806206,7.589245743549,11
46.319478801402,7.602229199837,11
46.319459308597,7.615212646970,11
46.319438327793,7.628196084220,11
46.319415858988,7.641179510860,11
46.319391902182,7.654162926165,11
46.319366457377,7.667146329407,11
46.317981277866,8.043656509796,11
46.317911193051,8.056639213258,11
46.317839620235,8.069621882131,11
46.317766559418,8.082604515687,11
46.317692010602,8.095587113201,11
46.317615973785,8.108569673946,11
46.317538448967,8.121552197195,11
46.328523952481,7.563299427166,11
46.328508921169,7.576285047582,11
46.328492401609,7.589270660296,11
46.328474393800,7.602256264580,11
46.328454897743,7.615241859708,11
46.328433913436,7.628227444953,11
46.328411440881,7.641213019589,11
46.326834939069,8.069726274710,11
46.326761866059,8.082711056262,11
46.326687304801,8.095695801771,11
46.326611255294,8.108680510511,11
46.326533717539,8.121665181755,11
46.337519555251,7.563320054888,11
46.337504521431,7.576307824025,11
46.337487999114,7.589295585459,11
46.337469988300,7.602283338465,11
46.337450488990,7.615271082314,11
46.335757174803,8.082817632823,11
46.335682601103,8.095804527054,11
46.335606538906,8.108791384515,11
46.335528988212,8.121778204480,11
46.346540766309,7.537360832206,11
46.346528707472,7.550350764015,11
46.346515159889,7.563340689575,11
46.346500123561,7.576330608159,11
46.346483598488,7.589320519040,11
46.344677899273,8.095913289049,11
46.344601824387,8.108902295957,11
46.344524260755,8.121891265368,11
46.344445208378,8.134880196557,11
46.355536376855,7.537377173514,11
46.355524316006,7.550369255496,11
46.355510766164,7.563361331227,11
46.355495727328,7.576353399983,11
46.355479199498,7.589345461036,11
46.353673199080,8.096022087758,11
46.353597111503,8.109013244838,11
46.353519534933,8.122004364421,11
46.353440469370,8.134995445783,11
46.364542562421,7.524399281935,11
46.364531988803,7.537393520337,11
46.364519925942,7.550387753215,11
46.364506373840,7.563381979845,11
46.364491332496,7.576376199498,11
46.364474801910,7.589370411449,11
46.362592400022,8.109124231157,11
46.362514810514,8.122117501639,11
46.362435731763,8.135110733897,11
46.362355163771,8.148103927207,11
46.373538177301,7.524413482649,11
46.373527601919,7.537409872673,11
46.373515537048,7.550406257175,11
46.373501982686,7.563402635428,11
46.371587689709,8.109235254916,11
46.371510087263,8.122230677020,11
46.371430995326,8.135226060902,11
46.371350413899,8.148221405835,11
46.382542880522,7.511429140981,11
46.382533793116,7.524427688151,11
46.382523215972,7.537426230524,11
46.382511149089,7.550424767375,11
46.382497592467,7.563423297976,11
46.380582980332,8.109346316113,11
46.380505364948,8.122343890566,11
46.380426259825,8.135341426797,11
46.380345664963,8.148338924078,11
46.380263580362,8.161336381683,11
46.391552206435,7.485439786229,11
46.391546097489,7.498440493884,11
46.391538498555,7.511441198197,11
46.391529409634,7.524441898441,11
46.391518830726,7.537442593889,11
46.391506761832,7.550443283814,11
46.389500643335,8.122457142276,11
46.389421525025,8.135456831581,11
46.389340916729,8.148456481937,11
46.389258818445,8.161456092616,11
46.389003583672,8.200454679333,11
46.388915525440,8.213454124042,11
46.400547827221,7.485447539908,11
46.400541717256,7.498450401364,11
46.400534117056,7.511453259477,11
46.400525026621,7.524456113520,11
46.400514445950,7.537458962768,11
46.398495922191,8.122570432150,11
46.398416790695,8.135572275255,11
46.398336168963,8.148574079411,11
46.398254056996,8.161575843890,11
46.398170454794,8.174577567967,11
46.398085362357,8.187579250915,11
46.397998779684,8.200580892006,11
46.397910706775,8.213582490515,11
46.397821143632,8.226584045715,11
46.409543448243,7.485455296200,11
46.409537337260,7.498460312181,11
46.409529735793,7.511465324819,11
46.409520643843,7.524470333388,11
46.409510061409,7.537475337161,11
46.407412056600,8.135687757819,11
46.407331421433,8.148691716500,11
46.407249295783,8.161695635505,11
46.407165679650,8.174699514107,11
46.407080573032,8.187703351580,11
46.406993975931,8.200707147197,11
46.406905888347,8.213710900232,11
46.406816310278,8.226714609957,11
46.406725241726,8.239718275646,11
46.418543690536,7.472455881255,11
46.418539069267,7.485463055104,11
46.418532957266,7.498470226336,11
46.418525354533,7.511477394225,11
46.416407322507,8.135803279272,11
46.416326673906,8.148809393204,11
46.416075783710,8.187827494038,11
46.415989172181,8.200833444906,11
46.415901069920,8.213839353191,11
46.415811476927,8.226845218167,11
46.415720393201,8.239851039107,11
46.427539312099,7.472461486795,11
46.427534690060,7.485470816619,11
46.427528577040,7.498480143828,11
46.427520973041,7.511489467694,11
46.424896251262,8.213967849394,11
46.424806643344,8.226975870347,11
46.424715544445,8.239983847263,11
46.424622954567,8.252991779417,11
46.436538064777,7.459455605804,11
46.436534933197,7.472467094220,11
46.436530310388,7.485478580747,11
46.436524196351,7.498490064657,11
46.436516591084,7.511501545225,11
46.433979563754,8.201086167876,11
46.433891432140,8.214096388840,11
46.433801809297,8.227106566495,11
46.433710695225,8.240116700113,11
46.433618089925,8.253126788969,11
46.445533685699,7.459459057688,11
46.445530553597,7.472472703532,11
46.445525930019,7.485486347486,11
46.445519814963,7.498499988825,11
46.442974758610,8.201212593137,11
46.442886612319,8.214224971529,11
46.442796974552,8.227237306611,11
46.442705845307,8.240249597658,11
46.442613224585,8.253261843941,11
46.442519112387,8.266274044736,11
46.454529305690,7.459462510733,11
46.454526173067,7.472478314730,11
46.454521548718,7.485494116838,11
46.454515432644,7.498509916330,11
46.451792138876,8.227368090696,11
46.451700994458,8.240382539896,11
46.451608358315,8.253396944333,11
46.451514230446,8.266411303281,11
46.451418610852,8.279425616012,11
46.463526565687,7.446448000901,11
46.463524924516,7.459465964939,11
46.463521791372,7.472483927815,11
46.463517166253,7.485501888802,11
46.460876969653,8.214482266636,11
46.460787302035,8.227498918750,11
46.460696142444,8.240515526829,11
46.460603490880,8.253532090144,11
46.460509347341,8.266548607971,11
46.460413711829,8.279565079581,11
46.472522183389,7.446449296664,11
46.472520541945,7.459469420306,11
46.472517408279,7.472489542786,11
46.472512782390,7.485509663377,11
46.469691289033,8.240648558456,11
46.469598622047,8.253667281376,11
46.469504462838,8.266685958806,11
46.469408811408,8.279704590021,11
46.469311667756,8.292723174293,11
46.481517948707,7.433428308453,11
46.481517799460,7.446450592862,11
46.481516157742,7.459472876834,11
46.481513023555,7.472495159644,11
46.481508396897,7.485517440565,11
46.478593751583,8.253802518027,11
46.478499576705,8.266823355787,11
46.478403909356,8.279844147332,11
46.478306749537,8.292864891934,11
46.478208097248,8.305885588867,11
46.490513562938,7.433427444031,11
46.490513413666,7.446451889495,11
46.490511771675,7.459476334523,11
46.490508636966,7.472500778388,11
46.487588879254,8.253937800098,11
46.487494688706,8.266960798914,11
46.487399005440,8.279983751514,11
46.487301829455,8.293006657171,11
46.487203160751,8.306029515159,11
46.487102999328,8.319052324751,11
46.499509175071,7.433426579318,11
46.499509025774,7.446453186563,11
46.499507383511,7.459479793372,11
46.499504248280,7.472506399019,11
46.496489798610,8.267098288185,11
46.496394099425,8.280123402566,11
46.496296907274,8.293148470005,11
46.496198222155,8.306173489774,11
46.496098044069,8.319198461147,11
46.508503440979,7.420396944855,11
46.508504784873,7.433425714316,11
46.508504635552,7.446454484067,11
46.508502993015,7.459483253383,11
46.505389191080,8.280263100490,11
46.505291982762,8.293290330435,11
46.505193281228,8.306317512710,11
46.505093086479,8.319344646590,11
46.517499047993,7.420393916330,11
46.517500392111,7.433424849023,11
46.517500242764,7.446455782007,11
46.517498599954,7.459486714554,11
46.514287055686,8.293432238461,11
46.514188337737,8.306461583969,11
46.514088126325,8.319490881081,11
46.513986421449,8.332520129070,11
46.526491814157,7.407357791156,11
46.526494652210,7.420390886789,11
46.526495996551,7.433423983440,11
46.526495847179,7.446457080381,11
46.523282125811,8.293574194084,11
46.523183391448,8.306605703550,11
46.523083163373,8.319637164619,11
46.522981441586,8.332668576566,11
46.535487414871,7.407352595916,11
46.535490253395,7.420387856233,11
46.535491597959,7.433423117567,11
46.535491448563,7.446458379191,11
46.532178442128,8.306749871452,11
46.532078197390,8.319783497205,11
46.531976458691,8.332817073835,11
46.531873226032,8.345850600615,11
46.544483012320,7.407347398935,11
46.544485851316,7.420384824660,11
46.544487196104,7.433422251403,11
46.544487046683,7.446459678436,11
46.541173489544,8.306894087677,11
46.541073228142,8.319929878838,11
46.540971472532,8.332965620877,11
46.540868222713,8.346001313066,11
46.553481445739,7.420381792072,11
46.553482790750,7.433421384949,11
46.553482641305,7.446460978117,11
46.553480997402,7.459500570849,11
46.550168533462,8.307038352223,11
46.550068255397,8.320076309519,11
46.549966482875,8.333114217692,11
46.549863215896,8.346152076016,11
46.549758454461,8.359189883763,11
46.562474196491,7.407336999749,11
46.562477036431,7.420378758468,11
46.562478381666,7.433420518205,11
46.562478232195,7.446462278233,11
46.559063278920,8.320222789248,11
46.558961489487,8.333262864280,11
46.558858205349,8.346302889464,11
46.558753426505,8.359342864072,11
46.571469782747,7.407331797544,11
46.571472623159,7.420375723849,11
46.571473968617,7.433419651171,11
46.571473819122,7.446463578784,11
46.568058298479,8.320369318024,11
46.567956492135,8.333411560642,11
46.567853190836,8.346453753411,11
46.567748394584,8.359495895604,11
46.580461028719,7.394280500725,11
46.580465364805,7.407326593597,11
46.580468205688,7.420372688213,11
46.580469551370,7.433418783847,11
46.580469401850,7.446464879771,11
46.576951490584,8.333560306777,11
46.576848172126,8.346604667857,11
46.576743358466,8.359648978361,11
46.576637049604,8.372693237562,11
46.589456605625,7.394273126001,11
46.589460942431,7.407321387910,11
46.589463783787,7.420369651562,11
46.589465129692,7.433417916232,11
46.585946484603,8.333709102684,11
46.585843148985,8.346755632801,11
46.585738317917,8.359802112341,11
46.585631991398,8.372848540579,11
46.598452177868,7.394265748810,11
46.598456515394,7.407316180481,11
46.598459357221,7.420366613895,11
46.598460703350,7.433417048327,11
46.594941473957,8.333857948365,11
46.594838121179,8.346906648244,11
46.594733272703,8.359955297546,11
46.594626928528,8.373003895547,11
46.607441911019,7.381205769464,11
46.607447745212,7.394258369152,11
46.607452083458,7.407310971310,11
46.607454925758,7.420363575213,11
46.607456272110,7.433416180132,11
46.603936458414,8.334006843819,11
46.603833088476,8.347057714185,11
46.603728222591,8.360108533976,11
46.603621860759,8.373159302463,11
46.616437472263,7.381196216126,11
46.616443307425,7.394250987027,11
46.616447646392,7.407305760398,11
46.616450489163,7.420360535514,11
46.612931437739,8.334155789046,11
46.612828050641,8.347208830626,11
46.612723167348,8.360261821629,11
46.612616787860,8.373314761330,11
46.625425695570,7.368129719953,11
46.625433028144,7.381186659595,11
46.625438864274,7.394243602435,11
46.625443203961,7.407300547745,11
46.625446047204,7.420357494800,11
46.621926411700,8.334304784046,11
46.621823007442,8.347359997565,11
46.621718106741,8.360415160507,11
46.621611709597,8.373470272147,11
46.634421244636,7.368117987566,11
46.634428578426,7.381177099872,11
46.634434415525,7.394236215376,11
46.634438755932,7.407295333351,11
46.630921380063,8.334453828819,11
46.630817958646,8.347511215002,11
46.630713040536,8.360568550609,11
46.630606625735,8.373625834913,11
46.643416787870,7.368106251260,11
46.643424122878,7.381167536957,11
46.643429960945,7.394228825851,11
46.643434302072,7.407290117215,11
46.639812904018,8.347662482938,11
46.639707968500,8.360721991935,11
46.639601536043,8.373781449629,11
46.652412325040,7.368094511037,11
46.652419661265,7.381157970849,11
46.652425500301,7.394221433858,11
46.652429842148,7.407284899338,11
46.648807843325,8.347813801373,11
46.648702890400,8.360875484485,11
46.648596440286,8.373937116295,11
46.661415193354,7.381148401548,11
46.661421033358,7.394214039399,11
46.661425375926,7.407279679720,11
46.657802776335,8.347965170307,11
46.657697806002,8.361029028260,11
46.657591338231,8.374092834910,11
46.670410718912,7.381138829056,11
46.670416559885,7.394206642472,11
46.670420903173,7.407274458360,11
46.670423748775,7.420342275992,11
46.666901192871,8.335050505644,11
46.666797702814,8.348116589739,11
46.666692715072,8.361182623259,11
46.666586229645,8.374248605476,11
46.666478246533,8.387314535663,11
46.679412079647,7.394199243079,11
46.679416423655,7.407269235259,11
46.679419269729,7.420339229183,11
46.679420617869,7.433409224124,11
46.675896129745,8.335199799282,11
46.675792622529,8.348268059670,11
46.675687617378,8.361336269482,11
46.675581114295,8.374404427991,11
46.675473113277,8.387472534471,11
46.688407592412,7.394191841219,11
46.688411937139,7.407264010417,11
46.688414783685,7.420336181358,11
46.688416132049,7.433408353317,11
46.684787535245,8.348419580100,11
46.684682512687,8.361489966929,11
46.684575991947,8.374560302456,11
46.697403097945,7.394184436892,11
46.697407443393,7.407258783833,11
46.697410290411,7.420333132517,11
46.697411638998,7.433407482219,11
46.693782440731,8.348571151028,11
46.693677400764,8.361643715601,11
46.693570862367,8.374716228871,11
46.693462825540,8.387788690111,11
46.706402942182,7.407253555508,11
46.706405789671,7.420330082661,11
46.706407138482,7.433406610832,11
46.706406988614,7.446483139293,11
46.702672281377,8.361797515496,11
46.702565725324,8.374872207235,11
46.715398433273,7.407248325441,11
46.715401281235,7.420327031789,11
46.715402630269,7.433405739154,11
46.715402480376,7.446484446810,11
46.711772229075,8.348874444381,11
46.711667154292,8.361951366616,11
46.711560580582,8.375028237549,11
46.724393916433,7.407243093634,11
46.724396764866,7.420323979901,11
46.724398114124,7.433404867186,11
46.724397964207,7.446485754762,11
46.720767111467,8.349026166805,11
46.720662019276,8.362105268960,11
46.733392240334,7.420320926998,11
46.733393589815,7.433403994928,11
46.733393439873,7.446487063149,11
46.733391790507,7.459570130934,11
46.729761985695,8.349177939728,11
46.729656876096,8.362259222529,11
46.729550267073,8.375340454027,11
46.729442158627,8.388421633496,11
46.742387707404,7.420317873078,11
46.742389057109,7.433403122380,11
46.742388907141,7.446488371972,11
46.742387257502,7.459573621128,11
46.738756851525,8.349329763149,11
46.738651724517,8.362413227321,11
46.738545097838,8.375496640191,11
46.738436971487,8.388580001031,11
46.751383165842,7.420314818143,11
46.751384515771,7.433402249541,11
46.751384365779,7.446489681230,11
46.751382715866,7.459577112482,11
46.747855353218,8.336395940225,11
46.747751708723,8.349481637070,11
46.747646564308,8.362567283338,11
46.747539919972,8.375652878304,11
46.760378615417,7.420311762192,11
46.760379965568,7.433401376412,11
46.760379815551,7.446490990923,11
46.760378165366,7.459580604998,11
46.756850218713,8.336545681822,11
46.756746557058,8.349633561489,11
46.769374055893,7.420308705225,11
46.769375406268,7.433400502993,11
46.769375256227,7.446492301051,11
46.769373605768,7.459584098674,11
46.765947253507,8.323605360128,11
46.765845075109,8.336695473192,11
46.765741396294,8.349785536406,11
46.778369487038,7.420305647243,11
46.778370837637,7.433399629284,11
46.778370687571,7.446493611615,11
46.778369036839,7.459587593511,11
46.775042812127,8.310660670538,11
46.774942117483,8.323753016998,11
46.774839922174,8.336845314335,11
46.774736226200,8.349937561822,11
46.774631029560,8.363029758734,11
46.787364908619,7.420302588245,11
46.787366259441,7.433398755284,11
46.787366109350,7.446494922615,11
46.787364458345,7.459591089509,11
46.787361306426,7.472687255241,11
46.784037683203,8.310806191457,11
46.783936971896,8.323900722915,11
46.783834759675,8.336995205251,11
46.783731046541,8.350089637737,11
46.796361671448,7.433397880995,11
46.796361521332,7.446496234049,11
46.796359870054,7.459594586668,11
46.796356717613,7.472692938124,11
46.793131771289,8.297854995119,11
46.793032544481,8.310951760698,11
46.792931816510,8.324048477880,11
46.792829587378,8.337145145940,11
46.805357073423,7.433397006415,11
46.805356923282,7.446497545919,11
46.805355271731,7.459598084988,11
46.805352118769,7.472698622894,11
46.802126638950,8.297998426232,11
46.802027395727,8.311097378260,11
46.801926651094,8.324196281893,11
46.801824405050,8.337295136403,11
46.814352314969,7.446498858224,11
46.814350663144,7.459601584468,11
46.814347509661,7.472704309550,11
46.811315510647,8.271939484251,11
46.811219254327,8.285040718067,11
46.811121496347,8.298141904941,11
46.811022236709,8.311243044145,11
46.810921475413,8.324344134953,11
46.823347696157,7.446500170965,11
46.823346044059,7.459605085110,11
46.823342890055,7.472709998092,11
46.823338234143,7.485814909186,11
46.820310389631,8.272078634755,11
46.820214117392,8.285182056472,11
46.820116343247,8.298285431246,11
46.820017067194,8.311388758351,11
46.819916289234,8.324492037060,11
46.832341414243,7.459608586913,11
46.832338259717,7.472715688522,11
46.832333603036,7.485822788241,11
46.829400043885,8.259112174844,11
46.829305257884,8.272217831404,11
46.829208969727,8.285323441747,11
46.829111179415,8.298429005148,11
46.829011886947,8.311534520880,11
46.828911092324,8.324639988216,11
46.841336773463,7.459612089876,11
46.841333618415,7.472721380837,11
46.841328960964,7.485830669909,11
46.841322801109,7.498939956364,11
46.838394916843,8.259249228286,11
46.838300115172,8.272357074198,11
46.838203811097,8.285464873894,11
46.838106004618,8.298572626647,11
46.850332121485,7.459615594000,11
46.850328965916,7.472727075039,11
46.850324307695,7.485838554188,11
46.850318146821,7.498950030722,11
46.847389778604,8.259386327148,11
46.847294961263,8.272496363138,11
46.847198641269,8.285606352911,11
46.847100818624,8.298716295742,11
46.859324301985,7.472732771127,11
46.859319642994,7.485846441080,11
46.859313481103,7.498960108417,11
46.859305816311,7.512073772410,11
46.859296648619,7.525187432335,11
46.856477959044,8.246411199148,11
46.856384628933,8.259523471430,11
46.856289795922,8.272635698223,11
46.856193460011,8.285747878799,11
46.868319626390,7.472738469102,11
46.868314966629,7.485854330584,11
46.868308803720,7.498970189449,11
46.868301137661,7.512086044972,11
46.868291968455,7.525201896425,11
46.868281296099,7.538317743082,11
46.868269120595,7.551433584217,11
46.865564655514,8.233431688747,11
46.865472813130,8.246546197321,11
46.865379467598,8.259660661131,11
46.865284618917,8.272775079453,11
46.865188267088,8.285889451558,11
46.877314938897,7.472744168963,11
46.877310278366,7.485862222699,11
46.877304114439,7.498980273819,11
46.877296447114,7.512098321596,11
46.877287276392,7.525216365304,11
46.877276602274,7.538334404215,11
46.877264424758,7.551452437604,11
46.877250743845,7.564570464744,11
46.877235559536,7.577688484908,11
46.874649867035,8.220447794496,11
46.874559512876,8.233564539360,11
46.874467655319,8.246681240188,11
46.874374294365,8.259797896253,11
46.874279430014,8.272914506828,11
46.874183062267,8.286031071188,11
46.886299413027,7.498990361526,11
46.886291744435,7.512110602283,11
46.886282572199,7.525230838971,11
46.886271896317,7.538351070862,11
46.886259716790,7.551471297231,11
46.886246033617,7.564591517351,11
46.886230846799,7.577711730495,11
46.886214156336,7.590831935936,11
46.883820954424,8.194340491209,11
46.883733592630,8.207459514945,11
46.883644727191,8.220578496098,11
46.883554358106,8.233697433941,11
46.883462485376,8.246816327749,11
46.883369109001,8.259935176794,11
46.883274228981,8.273053980349,11
46.895277855641,7.525245317427,11
46.895267177996,7.538367743024,11
46.895254996457,7.551490163098,11
46.895241311025,7.564612576923,11
46.895226121699,7.577734983772,11
46.895209428479,7.590857382919,11
46.895191231366,7.603979773636,11
46.893068936624,8.155102948090,11
46.892986072083,8.168224288919,11
46.892901703648,8.181345589346,11
46.892815831319,8.194466848643,11
46.892728455097,8.207588066084,11
46.892639574982,8.220709240942,11
46.892549190972,8.233830372491,11
46.892457303069,8.246951460004,11
46.892363911273,8.260072502755,11
46.904236575835,7.564633643461,11
46.904221384001,7.577758244741,11
46.904204688025,7.590882838318,11
46.904186487906,7.604007423466,11
46.904166783646,7.617131999458,11
46.902225086738,8.128975575201,11
46.902145216798,8.142099189087,11
46.902063842716,8.155222764023,11
46.901980964492,8.168346299283,11
46.901896582126,8.181469794140,11
46.901810695617,8.194593247868,11
46.901723304967,8.207716659740,11
46.901634410175,8.220840029030,11
46.901544011241,8.233963355010,11
46.901452108165,8.247086636954,11
46.913231827814,7.564654716964,11
46.913216633471,7.577781513400,11
46.913199934739,7.590908302134,11
46.913181731616,7.604035082439,11
46.913162024102,7.617161853588,11
46.913140812199,7.630288614853,11
46.913118095905,7.643415365510,11
46.911450629659,8.089713386881,11
46.911375259703,8.102839308411,11
46.911298385357,8.115965193172,11
46.911220006621,8.129091040436,11
46.911140123494,8.142216849478,11
46.911058735977,8.155342619571,11
46.910975844070,8.168468349987,11
46.910891447772,8.181594040001,11
46.910805547084,8.194719688886,11
46.910718142006,8.207845295915,11
46.910629232537,8.220970860360,11
46.922211869878,7.577804789751,11
46.922195168388,7.590933774367,11
46.922176962260,7.604062750554,11
46.922157251494,7.617191717584,11
46.922136036089,7.630320674732,11
46.922113316045,7.643449621271,11
46.922089091362,7.656578556474,11
46.922063362041,7.669707479614,11
46.920519452305,8.076694149179,11
46.920445574547,8.089822302634,11
46.920370192150,8.102950420046,11
46.920293305114,8.116078500689,11
46.920214913439,8.129206543835,11
46.920135017126,8.142334548759,11
46.920053616174,8.155462514734,11
46.919970710584,8.168590441033,11
46.919886300354,8.181718326929,11
46.931190388740,7.590959255016,11
46.931172179608,7.604090427810,11
46.931152465588,7.617221591448,11
46.931131246681,7.630352745204,11
46.931108522887,7.643483888351,11
46.931084294207,7.656615020161,11
46.931058560639,7.669746139909,11
46.931031322184,7.682877246867,11
46.929657661331,8.050540098966,11
46.929586781153,8.063670518933,11
46.929514396088,8.076800904312,11
46.929440506137,8.089931254374,11
46.929365111298,8.103061568394,11
46.929288211572,8.116191845644,11
46.929209806960,8.129322085399,11
46.929129897460,8.142452286930,11
46.929048483073,8.155582449513,11
46.940147666151,7.617251475180,11
46.940126443742,7.630384826269,11
46.940103716199,7.643518166749,11
46.940079483520,7.656651495892,11
46.940053745706,7.669784812973,11
46.940026502756,7.682918117265,11
46.939997754671,7.696051408041,11
46.939967501451,7.709184684574,11
46.938856260035,8.011244442522,11
46.938789883566,8.024377159231,11
46.938722001963,8.037509843530,11
46.938652615224,8.050642494694,11
46.938581723350,8.063775111995,11
46.938509326340,8.076907694706,11
46.938435424195,8.090040242102,11
46.938360016915,8.103172753455,11
46.938283104500,8.116305228038,11
46.949121627039,7.630416917927,11
46.949098895746,7.643552456466,11
46.949074659069,7.656687983668,11
46.949048917008,7.669823498808,11
46.949021669564,7.682959001158,11
46.948992916736,7.696094489993,11
46.948962658524,7.709229964584,11
46.948930894929,7.722365424207,11
46.948897625950,7.735500868133,11
46.947916115799,7.998205331434,11
46.947851233763,8.011340277884,11
46.947784846343,8.024475192652,11
46.947716953540,8.037610075010,11
46.947647555353,8.050744924233,11
46.947576651782,8.063879739593,11
46.947504242828,8.077014520363,11
46.947430328490,8.090149265817,11
46.958069820620,7.656724483488,11
46.958044074313,7.669862197412,11
46.958016822374,7.682999898547,11
46.957988064802,7.696137586166,11
46.957957801599,7.709275259542,11
46.957926032764,7.722412917948,11
46.957892758297,7.735550560659,11
46.957857978198,7.748688186947,11
46.957617679330,7.827513559106,11
46.957427367446,7.880063386714,11
46.957376025394,7.893200784393,11
46.957155600870,7.945750116414,11
46.957036354815,7.972024617036,11
46.956974473340,7.985161823456,11
46.956911086233,7.998298999647,11
46.956846193494,8.011436144881,11
46.956779795122,8.024573258433,11
46.956711891119,8.037710339576,11
46.956642481484,8.050847387583,11
46.956571566217,8.063984401727,11
46.956499145318,8.077121381282,11
46.967011960952,7.683040809431,11
46.966983198638,7.696180696559,11
46.966952930443,7.709320569445,11
46.966921156368,7.722460427362,11
46.966887876413,7.735600269583,11
46.966853090577,7.748740095380,11
46.966816798861,7.761879904029,11
46.966779001265,7.775019694802,11
46.966739697788,7.788159466972,11
46.966698888431,7.801299219812,11
46.966656573194,7.814438952597,11
46.966612752076,7.827578664599,11
46.966567425078,7.840718355091,11
46.966520592199,7.853858023348,11
46.966472253441,7.866997668642,11
46.966422408802,7.880137290246,11
46.966371058282,7.893276887435,11
46.966318201883,7.906416459481,11
46.966263839603,7.919556005658,11
46.966207971442,7.932695525238,11
46.966150597402,7.945835017496,11
46.966091717481,7.958974481705,11
46.966031331679,7.972113917137,11
46.965969439997,7.985253323067,11
46.965906042435,7.998392698768,11
46.965841138993,8.011532043512,11
46.965774729670,8.024671356574,11
46.965706814467,8.037810637227,11
46.975948044823,7.709365894295,11
46.975916265508,7.722507952448,11
46.975882980064,7.735649994904,11
46.975848188492,7.748792020937,11
46.975811890791,7.761934029821,11
46.975774086962,7.775076020829,11
46.975734777004,7.788217993234,11
46.975693960917,7.801359946310,11
46.975651638701,7.814501879330,11
46.975607810357,7.827643791568,11
46.975562475884,7.840785682296,11
46.975515635283,7.853927550788,11
46.975467288552,7.867069396317,11
46.975417435693,7.880211218157,11
46.975366076706,7.893353015581,11
46.975313211590,7.906494787863,11
46.975258840345,7.919636534275,11
46.975202962971,7.932778254091,11
46.975145579469,7.945919946584,11
46.975086689838,7.959061611028,11
46.975026294079,7.972203246696,11
46.974964392191,7.985344852862,11
46.974900984174,7.998486428798,11
46.974836070028,8.011627973778,11
46.984911359950,7.722555493205,11
46.984878069018,7.735699736622,11
46.984843271709,7.748843963617,11
46.984806968024,7.761988173462,11
46.984769157961,7.775132365431,11
46.984729841521,7.788276538797,11
46.984689018705,7.801420692834,11
46.984646689511,7.814564826815,11
46.984602853940,7.827708940013,11
46.984557511992,7.840853031703,11
46.984510663668,7.853997101156,11
46.984462308966,7.867141147646,11
46.984412447887,7.880285170447,11
46.984361080432,7.893429168832,11
46.984308206599,7.906573142074,11
46.984253826389,7.919717089447,11
46.984197939803,7.932861010224,11
46.984140546839,7.946004903679,11
46.984081647498,7.959148769084,11
46.984021241780,7.972292605713,11
46.983959329686,7.985436412839,11
46.983895911214,7.998580189736,11
46.993838339995,7.748895923419,11
46.993802030325,7.762042334951,11
46.993764214029,7.775188728606,11
46.993724891108,7.788335103659,11
46.993684061561,7.801481459383,11
46.993597882592,7.827774109936,11
46.993552533170,7.840920403311,11
46.993505677122,7.854066674451,11
46.993457314449,7.867212922628,11
46.993407445150,7.880359147115,11
46.993356069226,7.893505347187,11
46.993303186677,7.906651522116,11
46.993248797503,7.919797671175,11
46.993192901703,7.932943793639,11
46.993135499277,7.946089888780,11
46.993076590227,7.959235955872,11
