45.908125435220,6.902574537851,12
45.908245341338,6.928346003421,12
45.908919296417,7.108749159780,12
45.908956360993,7.121635262657,12
45.917058310151,6.889598754875,12
45.917120488680,6.902486557590,12
45.917181190284,6.915374390534,12
45.917240414963,6.928262252981,12
45.917298162717,6.941150144204,12
45.917835910988,7.082918639043,12
45.917875935647,7.095806818898,12
45.917914483381,7.108695018082,12
45.917951554190,7.121583235868,12
45.917987148074,7.134471471531,12
45.918021265034,7.147359724343,12
45.918053905069,7.160247993578,12
45.925857935911,6.850839062388,12
45.925924556413,6.863728885690,12
45.925989699742,6.876618741402,12
45.926053365898,6.889508628796,12
45.926115554882,6.902398547146,12
45.926176266692,6.915288495726,12
45.926235501329,6.928178473809,12
45.926293258794,6.941068480667,12
45.926789588922,7.069969972064,12
45.926831097483,7.082860247498,12
45.926871128871,7.095750542989,12
45.926909683087,7.108640857808,12
45.926946760129,7.121531191231,12
45.926982359998,7.134421542529,12
45.927016482694,7.147311910977,12
45.927049128218,7.160202295847,12
45.927080296568,7.173092696414,12
45.927109987745,7.185983111949,12
45.927138201750,7.198873541728,12
45.934852971312,6.850742556316,12
45.934919603014,6.863634495979,12
45.934984757295,6.876526468052,12
45.935048434154,6.889418471808,12
45.935110633593,6.902310506520,12
45.935171355609,6.915202571461,12
45.935230600205,6.928094665904,12
45.935288367379,6.940986789124,12
45.935344657132,6.953878940393,12
45.935504661862,6.992555555229,12
45.935555041930,7.005447811428,12
45.935697317604,7.044124723617,12
45.935741787986,7.057017073120,12
45.935784780947,7.069909444133,12
45.935826296486,7.082801835929,12
45.935866334605,7.095694247780,12
45.935904895301,7.108586678961,12
45.935941978577,7.121479128745,12
45.935977584431,7.134371596404,12
45.936011712864,7.147264081213,12
45.936044363875,7.160156582445,12
45.936075537465,7.173049099373,12
45.936105233634,7.185941631269,12
45.936133452382,7.198834177409,12
45.936160193708,7.211726737065,12
45.936185457613,7.224619309510,12
45.936209244096,7.237511894017,12
45.936231553158,7.250404489861,12
45.943340143925,6.760388588407,12
45.943492639434,6.786176244980,12
45.943779898417,6.837751993544,12
45.943848018989,6.850646017159,12
45.943914661891,6.863540073909,12
45.943979827123,6.876434163069,12
45.944043514686,6.889328283911,12
45.944225711356,6.928010829268,12
45.944283488240,6.940905069574,12
45.944339787454,6.953799337930,12
45.944394608999,6.966693633608,12
45.944447952874,6.979587955883,12
45.944499819079,6.992482304026,12
45.944550207615,7.005376677313,12
45.944599118481,7.018271075015,12
45.944646551677,7.031165496407,12
45.944692507204,7.044059940761,12
45.944736985061,7.056954407352,12
45.944779985248,7.069848895451,12
45.944821507765,7.082743404334,12
45.945006955309,7.147216235052,12
45.945039611808,7.160110853371,12
45.945070790638,7.173005487385,12
45.945100491799,7.185900136369,12
45.945128715289,7.198794799595,12
45.945155461110,7.211689476337,12
45.945180729261,7.224584165869,12
45.945204519743,7.237478867463,12
45.945226832555,7.250373580394,12
45.952176685482,6.734485452172,12
45.952256640846,6.747381302351,12
45.952335118292,6.760277191479,12
45.952412117820,6.773173118829,12
45.952487639429,6.786069083676,12
45.952561683121,6.798965085292,12
45.952634248895,6.811861122951,12
45.952705336751,6.824757195926,12
45.952774946689,6.837653303490,12
45.952843078708,6.850549444916,12
45.952909732810,6.863445619479,12
45.952974908994,6.876341826451,12
45.953443113416,6.979512561764,12
45.953494988338,6.992409027720,12
45.953545385342,7.005305518818,12
45.953594304428,7.018202034333,12
45.953641745596,7.031098573537,12
45.953687708845,7.043995135704,12
45.953732194177,7.056891720106,12
45.953775201591,7.069788326018,12
45.954002209796,7.147168372493,12
45.954034871784,7.160065108624,12
45.954066055853,7.172961860451,12
45.954095762005,7.185858627247,12
45.954123990239,7.198755408286,12
45.954150740555,7.211652202840,12
45.954176012953,7.224549010184,12
45.954199807432,7.237445829591,12
45.954222123994,7.250342660334,12
45.961090198072,6.721471850963,12
45.961171645037,6.734369780003,12
45.961251613835,6.747267748720,12
45.961330104468,6.760165756386,12
45.961407116934,6.773063802274,12
45.961482651233,6.785961885659,12
45.961556707367,6.798860005813,12
45.961629285334,6.811758162010,12
45.961700385134,6.824656353522,12
45.961770006768,6.837554579624,12
45.961838150236,6.850452839589,12
45.961904815538,6.863351132689,12
45.961970002673,6.876249458199,12
45.962490169406,6.992335726309,12
45.962540574878,7.005234335945,12
45.962589502184,7.018132969998,12
45.962636951323,7.031031627740,12
45.963119276998,7.198716003481,12
45.963171308452,7.224513842455,12
45.963195106930,7.237412780400,12
45.963217427242,7.250311729681,12
45.963238269387,7.263210689571,12
45.970002216456,6.708454012014,12
45.970085155519,6.721354019915,12
45.970166616167,6.734254068219,12
45.970246598400,6.747154156199,12
45.970325102219,6.760054283129,12
45.970402127623,6.772954448281,12
45.970477674613,6.785854650929,12
45.970551743188,6.798754890346,12
45.970624333348,6.811655165806,12
45.970695445093,6.824555476582,12
45.970765078424,6.837455821948,12
45.970833233340,6.850356201176,12
45.970899909842,6.863256613540,12
45.972190418004,7.237379719890,12
45.972212742066,7.250280788434,12
45.972233587712,7.263181867588,12
45.972287254165,7.301885161437,12
45.972302186153,7.314786275761,12
45.972338111629,7.353489657683,12
45.978650572707,6.656725927635,12
45.978826829336,6.682529888970,12
45.978912739656,6.695431933875,12
45.978997171314,6.708334020636,12
45.979080124308,6.721236148527,12
45.979161598639,6.734138316820,12
45.979241594308,6.747040524789,12
45.979320111313,6.759942771707,12
45.979472709335,6.785747379485,12
45.979690516394,6.824454565106,12
45.981208068231,7.250249836595,12
45.981228917380,7.263153035737,12
45.981248287865,7.276056244762,12
45.981266179687,7.288959462943,12
45.981282592847,7.301862689554,12
45.981297527343,7.314765923867,12
45.981310983176,7.327669165156,12
45.981322960346,7.340572412694,12
45.981333458854,7.353475665755,12
45.987275161066,6.604981541049,12
45.987369959282,6.617885440273,12
45.987463278588,6.630789385712,12
45.987555118981,6.643693376641,12
45.987645480464,6.656597412333,12
45.987734363035,6.669501492060,12
45.987821766695,6.682405615097,12
45.987907691443,6.695309780717,12
45.987992137280,6.708213988193,12
45.988075104206,6.721118236797,12
45.988156592221,6.734022525805,12
45.990224258156,7.263124194019,12
45.990243631894,7.276029523759,12
45.990261526721,7.288934862655,12
45.990277942637,7.301840209979,12
45.990292879642,7.314745565007,12
45.990306337735,7.327650927011,12
45.990318316917,7.340556295264,12
45.990328817187,7.353461669039,12
45.990337838546,7.366367047611,12
45.996270017516,6.604844496018,12
45.996364831651,6.617750516682,12
45.996458166626,6.630656583561,12
45.996550022441,6.643562695930,12
45.996640399097,6.656468853062,12
45.996729296593,6.669375054230,12
45.996816714929,6.682281298707,12
45.996902654106,6.695187585767,12
45.996987114123,6.708093914682,12
45.997070094980,6.721000284727,12
45.997151596678,6.733906695175,12
45.999288242816,7.314725199182,12
45.999301703169,7.327632682626,12
45.999313684362,7.340540172319,12
45.999324186396,7.353447667534,12
45.999333209270,7.366355167546,12
46.005264884609,6.604707404116,12
46.005359714661,6.617615546945,12
46.005453065306,6.630523735991,12
46.005544936543,6.643431970525,12
46.005635328372,6.656340249823,12
46.005724240793,6.669248573156,12
46.005811673805,6.682156939799,12
46.005897627410,6.695065349024,12
46.005982101607,6.707973800106,12
46.008309062450,7.340524043860,12
46.008319566247,7.353433661241,12
46.008328590636,7.366343283418,12
46.014163436483,6.591660046565,12
46.014259762110,6.604570265343,12
46.014354608081,6.617480531063,12
46.014447974395,6.630390843000,12
46.017304450947,7.340507909886,12
46.017314956507,7.353419650159,12
46.017323982411,7.366331395228,12
46.017331528658,7.379243144366,12
46.017337595249,7.392154896846,12
46.017342182184,7.405066651943,12
46.023060486294,6.578608442579,12
46.023158307993,6.591520737304,12
46.023254649787,6.604433079699,12
46.023349511676,6.617345469036,12
46.023442893660,6.630257904590,12
46.026310356942,7.353405634288,12
46.026319384361,7.366319502974,12
46.026326931875,7.379233375728,12
46.026332999484,7.392147251826,12
46.026337587188,7.405061130539,12
46.026340694988,7.417975011142,12
46.026342322883,7.430888892907,12
46.031855234647,6.552638269159,12
46.031956033066,6.565552590708,12
46.032055351332,6.578466961380,12
46.032153189446,6.591381380447,12
46.032249547406,6.604295847184,12
46.032344425213,6.617210360864,12
46.035314796254,7.366307606657,12
46.035322345034,7.379223603754,12
46.035328413661,7.392139604193,12
46.035333002135,7.405055607249,12
46.035336110457,7.417971612194,12
46.035337738625,7.430887618302,12
46.040747780086,6.539576092734,12
46.040850075819,6.552492489502,12
46.040950891149,6.565408936119,12
46.041050226079,6.578325431858,12
46.041148080607,6.591241975994,12
46.041244454734,6.604158567799,12
46.044317767902,7.379213828441,12
46.044323837547,7.392131953949,12
46.044328426791,7.405050082073,12
46.044331535634,7.417968212085,12
46.044333164076,7.430886343261,12
46.049742613574,6.539428137510,12
46.049844926466,6.552346660071,12
46.049945758708,6.565265232482,12
46.050045110301,6.578183854015,12
46.050142981244,6.591102523944,12
46.050239371537,6.604021241542,12
46.053326970287,7.417964810816,12
46.053328599002,7.430885067785,12
46.053328747067,7.443805325190,12
46.058528353506,6.513438986082,12
46.058633645354,6.526359533284,12
46.058737456304,6.539280131788,12
46.058839786356,6.552200780868,12
46.058940635510,6.565121479797,12
46.059040003765,6.578042227849,12
46.062322414182,7.417961408386,12
46.062324043170,7.430883791874,12
46.062324191260,7.443806175798,12
46.062322858452,7.456728559431,12
46.062320044746,7.469650942047,12
46.067416379530,6.500364052956,12
46.067523170181,6.513286675372,12
46.067628479685,6.526209349818,12
46.067732308043,6.539132075567,12
46.067834655255,6.552054851891,12
46.067935521320,6.564977678065,12
46.071319496348,7.430882515527,12
46.071319644462,7.443807026695,12
46.071318311431,7.456731537573,12
46.071315497252,7.469656047434,12
46.071311201928,7.482580555551,12
46.071305425457,7.495505061197,12
46.076193125780,6.474360220547,12
46.076302897125,6.487284864695,12
46.076411187075,6.500209562326,12
46.076517995630,6.513134312712,12
46.076623322791,6.526059115128,12
46.076727168557,6.538983968847,12
46.076829532929,6.551908873142,12
46.080313773185,7.456734516732,12
46.080310958535,7.469661154562,12
46.080306662490,7.482587790649,12
46.080300885051,7.495514424265,12
46.080293626217,7.508441054684,12
46.080284885989,7.521367681178,12
46.085187905312,6.474201419850,12
46.085297695059,6.487128192694,12
46.085406003162,6.500055019020,12
46.085512829622,6.512981898103,12
46.085618174440,6.525908829214,12
46.085722037614,6.538835811629,12
46.089306428359,7.469666263432,12
46.089302131595,7.482595028214,12
46.089296353187,7.495523790526,12
46.089289093136,7.508452549640,12
46.089280351443,7.521381304831,12
46.094182693154,6.474042565027,12
46.094292501301,6.486971467292,12
46.094400827558,6.499900423039,12
46.094507671923,6.512829431543,12
46.098297609008,7.482602268246,12
46.098291829632,7.495533159979,12
46.098284568364,7.508464048515,12
46.098275825205,7.521394933127,12
46.098265600155,7.534325813087,12
46.103066180381,6.460952677875,12
46.103177489070,6.473883656077,12
46.103287315620,6.486814688489,12
46.103395660029,6.499745774383,12
46.107287314152,7.495542532625,12
46.107280051668,7.508475551308,12
46.107271307044,7.521408566066,12
46.107261080280,7.534341576174,12
46.112060965491,6.460791583927,12
46.112172292830,6.473724693001,12
46.112282137780,6.486657856285,12
46.112390500343,6.499591073052,12
46.116275542814,7.508487058018,12
46.116266796724,7.521422203649,12
46.116256568247,7.534357344629,12
46.121055758209,6.460630435126,12
46.121167104197,6.473565675799,12
46.121276967550,6.486500970681,12
46.121385348266,6.499436319045,12
46.125271041568,7.508498568647,12
46.125262294014,7.521435845875,12
46.125252063823,7.534373118453,12
46.130050558303,6.460469231474,12
46.130161922941,6.473406604470,12
46.130271804695,6.486344031675,12
46.134257798679,7.521449492745,12
46.134247566775,7.534388897647,12
46.138932499117,6.447368521860,12
46.139045365538,6.460307972969,12
46.139156748827,6.473247479014,12
46.139266648982,6.486187039269,12
46.143253310486,7.521463144259,12
46.143243076868,7.534404682209,12
46.143231360118,7.547346214782,12
46.143218160234,7.560287741251,12
46.147927294364,6.447205074729,12
46.148040179683,6.460146659613,12
46.148151581621,6.473088299433,12
46.148261500178,6.486029993461,12
46.152248829202,7.521476800416,12
46.152238593871,7.534420472141,12
46.152226875158,7.547364138489,12
46.152213673065,7.560307798732,12
46.156807708439,6.434097908300,12
46.156922096286,6.447041572021,12
46.157035000504,6.459985291405,12
46.157146421092,6.472929065724,12
46.157256358050,6.485872894253,12
46.161244354594,7.521490461217,12
46.161234117549,7.534436267442,12
46.161222396875,7.547382068290,12
46.161209192571,7.560327863033,12
46.161194504637,7.573273650946,12
46.161178333074,7.586219431302,12
46.165686606785,6.420986472231,12
46.165802497657,6.433932214788,12
46.165916904650,6.446878013735,12
46.166029827766,6.459823868344,12
46.166141267004,6.472769777890,12
46.166251222364,6.485715741644,12
46.170229647670,7.534452068112,12
46.170217925033,7.547400004185,12
46.170204718519,7.560347934155,12
46.170190028127,7.573295857293,12
46.170173853857,7.586243772875,12
46.174563988424,6.407870765072,12
46.174681382817,6.420818586465,12
46.174797293083,6.433766464973,12
46.174911719224,6.446714399871,12
46.175024661238,6.459662390432,12
46.179213459401,7.547417946175,12
46.179200250677,7.560368012096,12
46.179185557826,7.573318071186,12
46.179169380849,7.586268122719,12
46.183558750788,6.407700685600,12
46.183676164824,6.420650643670,12
46.183792094486,6.433600658855,12
46.183906539773,6.446550730430,12
46.184019500685,6.459500857667,12
46.188208999744,7.547435894260,12
46.188195788809,7.560388096858,12
46.188181093500,7.573340292624,12
46.188164913816,7.586292480834,12
46.192434600592,6.394578510746,12
46.192553518895,6.407530548375,12
46.192670952574,6.420482643846,12
46.192786901630,6.433434796434,12
46.192901366064,6.446387005411,12
46.197191332684,7.560408188440,12
46.197176634917,7.573362521609,12
46.197160452526,7.586316847220,12
46.197142785512,7.599271164548,12
46.201429354316,6.394406177638,12
46.201548292510,6.407360353395,12
46.201665745833,6.420314586994,12
46.201781714284,6.433268877710,12
46.206186882068,7.560428286842,12
46.206172181842,7.573384758139,12
46.206155996745,7.586341221878,12
46.206138326776,7.599297677334,12
46.210303670111,6.381277530009,12
46.210424113316,6.394233786050,12
46.210543071401,6.407190100661,12
46.210660544367,6.420146473114,12
46.210776532213,6.433102902683,12
46.215182436728,7.560448392064,12
46.215167734043,7.573407002215,12
46.215151546239,7.586365604808,12
46.215133873315,7.599324199117,12
46.219298414013,6.381102940363,12
46.219418877358,6.394061335983,12
46.219537855334,6.407019790172,12
46.219655347943,6.419978302204,12
46.224163291286,7.573429253836,12
46.224147100775,7.586389996008,12
46.224129424896,7.599350729896,12
46.224110263649,7.612311454774,12
46.228293162724,6.380928291511,12
46.228413646208,6.393888827436,12
46.228532644077,6.406849421930,12
46.228650156329,6.419810074266,12
46.233158853339,7.573451513004,12
46.233142660121,7.586414395480,12
46.233124981286,7.599377269673,12
46.233105816836,7.612340134855,12
46.237287916010,6.380753583454,12
46.237408419634,6.393716260409,12
46.237527437394,6.406678995933,12
46.237644969289,6.419641789299,12
46.242154419966,7.573473779717,12
46.242138224041,7.586438803223,12
46.242120542252,7.599403818446,12
46.242101374598,7.612368824658,12
46.242080721079,7.625333821133,12
46.246282673639,6.380578816192,12
46.246403197403,6.393543634902,12
46.246522235054,6.406508512182,12
46.246639786593,6.419473447304,12
46.251133792305,7.586463219238,12
46.251116107560,7.599430376216,12
46.251096936702,7.612397524184,12
46.251076279731,7.625364662415,12
46.255277435376,6.380403989724,12
46.255397979280,6.393370950915,12
46.255517036823,6.406337970676,12
46.255634608004,6.419305048280,12
46.260129364676,7.586487643524,12
46.260111676977,7.599456942984,12
46.260092502915,7.612426233433,12
46.260071842493,7.625395514144,12
46.260049695709,7.638364784392,12
46.264150150335,6.367260058948,12
46.264272200989,6.380229104051,12
46.264392765033,6.393198208449,12
46.264511842467,6.406167371417,12
46.264629433292,6.419136592227,12
46.269107250269,7.599483518748,12
46.269088073004,7.612454952403,12
46.269067409130,7.625426376322,12
46.269045258646,7.638397789776,12
46.273144899203,6.367082970138,12
46.273266970244,6.380054159172,12
46.273387554428,6.393025407503,12
46.273506651754,6.405996714403,12
46.278102827204,7.599510103509,12
46.278083646735,7.612483681097,12
46.278062979409,7.625457248947,12
46.278040825225,7.638430806334,12
46.282139651479,6.366905821396,12
46.282261742908,6.379879155089,12
46.282382347232,6.392852548077,12
46.282501464449,6.405825999635,12
46.287098407547,7.599536697266,12
46.287079223875,7.612512419512,12
46.287058553097,7.625488132021,12
46.287036395213,7.638463834066,12
46.291256518748,6.379704091800,12
46.291377143212,6.392679630172,12
46.291496280320,6.405655227113,12
46.296093991066,7.599563300021,12
46.296074804191,7.612541167650,12
46.296054129961,7.625519025543,12
46.296031968376,7.638496872971,12
46.300251297530,6.379528969305,12
46.300371942133,6.392506653786,12
46.300491099134,6.405484396837,12
46.300608768531,6.418462197730,12
46.305089577527,7.599589911773,12
46.305070387449,7.612569925511,12
46.305049709767,7.625549929512,12
46.305027544482,7.638529923049,12
46.309246079021,6.379353787605,12
46.309366743764,6.392333618921,12
46.309485920656,6.405313508806,12
46.309603609696,6.418293456534,12
46.314085166697,7.599616532521,12
46.314065973415,7.612598693094,12
46.314045292282,7.625580843930,12
46.314023123297,7.638562984301,12
46.318240862987,6.379178546700,12
46.318361547870,6.392160525576,12
46.318480744653,6.405142563021,12
46.318598453337,6.418124658309,12
46.323061561857,7.612627470400,12
46.323040877272,7.625611768795,12
46.323018704587,7.638596056727,12
46.322995043802,7.651580333468,12
46.327235649196,6.379003246590,12
46.327356354219,6.391987373751,12
46.327475570893,6.404971559482,12
46.327593299220,6.417955803055,12
46.332057152542,7.612656257428,12
46.332036464505,7.625642704109,12
46.332014288119,7.638629140326,12
46.331990623386,7.651615565353,12
46.336108223654,6.365841670398,12
46.336230437413,6.378827887274,12
46.336351162576,6.391814163447,12
46.336470399142,6.404800498189,12
46.341052745235,7.612685054178,12
46.341032053746,7.625673649871,12
46.341009873661,7.638662235099,12
46.340986204979,7.651650809137,12
46.345102993259,6.365664102140,12
46.345225227406,6.378652468753,12
46.345345972709,6.391640894663,12
46.345465229167,6.404629379141,12
46.350067545800,7.599723105484,12
46.350048339704,7.612713860651,12
46.350027644763,7.625704606080,12
46.350005460978,7.638695341046,12
46.354097764406,6.365486473951,12
46.354220018942,6.378476991027,12
46.354340784384,6.391467567399,12
46.354460060733,6.404458202340,12
46.359063145015,7.599749771217,12
46.359043935715,7.612742676846,12
46.359023237322,7.625735572738,12
46.359001049837,7.638728458165,12
46.363214811786,6.378301454095,12
46.363335597368,6.391294181655,12
46.363454893609,6.404286967784,12
46.363572700508,6.417279811755,12
46.368058745538,7.599776445947,12
46.368039533035,7.612771502764,12
46.368018831190,7.625766549843,12
46.367996640005,7.638761586459,12
46.372209605705,6.378125857958,12
46.372330411427,6.391120737431,12
46.372449727560,6.404115675473,12
46.372567554102,6.417110671358,12
46.377054347137,7.599803129674,12
46.377035131431,7.612800338404,12
46.377014426134,7.625797537397,12
46.376992231248,7.638794725926,12
46.381204400467,6.377950202616,12
46.381325226329,6.390947234728,12
46.381444562353,6.403944325409,12
46.381562408539,6.416941473933,12
46.386049949578,7.599829822397,12
46.386030730668,7.612829183766,12
46.386010021920,7.625828535399,12
46.385987823334,7.638827876567,12
46.390199195838,6.377774488068,12
46.390320041840,6.390773673544,12
46.390439397755,6.403772917590,12
46.390557263584,6.416772219479,12
46.395045552629,7.599856524118,12
46.395026330515,7.612858038852,12
46.395005618315,7.625859543848,12
46.394983416028,7.638861038381,12
46.399193991584,6.377598714315,12
46.399314857726,6.390600053882,12
46.399434233533,6.403601452018,12
46.399552119005,6.416602907996,12
46.404058891037,7.586879557000,12
46.404041156054,7.599883234835,12
46.404021930737,7.612886903659,12
46.404001215085,7.625890562746,12
46.408188787473,6.377422881356,12
46.408309673754,6.390426375739,12
46.408429069453,6.403429928690,12
46.408546974568,6.416433539485,12
46.413054497560,7.586904121899,12
46.413036759622,7.599909954549,12
46.413017531101,7.612915778189,12
46.412996811998,7.625921592091,12
46.417183583270,6.377246989193,12
46.417304489692,6.390252639116,12
46.417423905281,6.403258347609,12
46.417541830040,6.416264113945,12
46.422032363099,7.599936683260,12
46.422013131375,7.612944662441,12
46.421992408819,7.625952631885,12
46.426178378743,6.377071037824,12
46.426299305304,6.390078844014,12
46.426418740786,6.403086708774,12
46.426536685187,6.416094631376,12
46.431027966251,7.599963420968,12
46.431008731324,7.612973556416,12
46.430988005316,7.625983682127,12
46.430965788229,7.638993797373,12
46.435173173659,6.376895027249,12
46.435294120360,6.389904990432,12
46.435413575732,6.402915012184,12
46.435531539777,6.415925091779,12
46.440023568846,7.599990167673,12
46.440004330715,7.613002460113,12
46.439983601256,7.626014742816,12
46.439961380468,7.639027015055,12
46.444167967783,6.376718957469,12
46.444288934623,6.389731078370,12
46.444408409888,6.402743257840,12
46.444526393576,6.415755495153,12
46.444642885687,6.428767789581,12
46.449019170649,7.600016923375,12
46.448999929315,7.613031373533,12
46.448979196404,7.626045813954,12
46.448956971916,7.639060243910,12
46.453283747863,6.389557107828,12
46.453403243019,6.402571445742,12
46.453521246350,6.415585841498,12
46.453637757856,6.428600294370,12
46.458014771428,7.600043688074,12
46.457995526890,7.613060296675,12
46.457974790527,7.626076895539,12
46.457952562340,7.639093483939,12
46.462278559845,6.389383078807,12
46.462398074892,6.402399575889,12
46.462516097866,6.415416130814,12
46.462632628768,6.428432742856,12
46.462747667596,6.441449411286,12
46.467010370950,7.600070461770,12
46.466991123208,7.613089229540,12
46.466970383393,7.626107987573,12
46.471392905274,6.402227648283,12
46.471510947892,6.415246363102,12
46.471627498188,6.428265135038,12
46.471742556163,6.441283963363,12
46.475986718035,7.613118172127,12
46.475965974768,7.626139090055,12
46.480387733932,6.402055662922,12
46.480505796193,6.415076538362,12
46.480622365883,6.428097470917,12
46.480737443005,6.441118459862,12
46.480851027556,6.454139504470,12
46.485001565285,7.600124036151,12
46.484982311137,7.613147124436,12
46.484961564418,7.626170202984,12
46.489500642536,6.414906656592,12
46.489617231621,6.427929750494,12
46.489732327889,6.440952900784,12
46.489845931339,6.453976106738,12
46.494014924168,7.587125578196,12
46.493997159633,7.600150836838,12
46.493977902281,7.613176086468,12
46.493957152111,7.626201326362,12
46.493934909123,7.639226555791,12
46.498495486688,6.414736717794,12
46.498612095168,6.427761973767,12
46.498727210583,6.440787286129,12
46.498840832930,6.453812654153,12
46.498952962212,6.466838077114,12
46.503010519280,7.587150225808,12
46.502992751790,7.600177646521,12
46.502973491234,7.613205058223,12
46.502952737612,7.626232460187,12
46.507606956291,6.427594140737,12
46.507722090851,6.440621615896,12
46.507835732097,6.453649146717,12
46.507947880029,6.466676732474,12
46.512022389097,7.574145289898,12
46.512006111967,7.587174881691,12
46.511988341523,7.600204465201,12
46.511969077763,7.613234039700,12
46.511948320689,7.626263604461,12
46.516601814755,6.427426251404,12
46.516716968462,6.440455890085,12
46.516830628607,6.453485584429,12
46.516942795188,6.466515333708,12
46.517053468206,6.479545137197,12
46.521032768107,7.561136027657,12
46.521017981834,7.574167790530,12
46.521001701997,7.587199545846,12
46.520983928597,7.600231292878,12
46.520964661634,7.613263030899,12
46.525711843182,6.440290108697,12
46.525825522225,6.453321967288,12
46.525937707456,6.466353880816,12
46.526048398876,6.479385848553,12
46.530028360411,7.561156371587,12
46.530013571679,7.574190298708,12
46.529997289135,7.587224218272,12
46.529979512781,7.600258129552,12
46.534706714778,6.440124271731,12
46.534820412719,6.453158295296,12
46.534932616600,6.466192373797,12
46.535043326421,6.479226506507,12
46.535152542182,6.492260692700,12
46.539023949591,7.561176722338,12
46.539009158400,7.574212814432,12
46.538992873150,7.587248898969,12
46.538975093840,7.600284975222,12
46.543701583016,6.439958379187,12
46.543815299854,6.452994568451,12
46.543927522385,6.466030812651,12
46.544038250608,6.479067111061,12
46.544147484523,6.492103462953,12
46.548019535412,7.561197079908,12
46.548004741763,7.574235337702,12
46.547988453806,7.587273587938,12
46.547970671541,7.600311829890,12
46.552810183399,6.452830786755,12
46.552922424580,6.465869197380,12
46.553033171204,6.478907662213,12
46.553142423272,6.491946180530,12
46.557028419194,7.548177013251,12
46.557015117643,7.561217444299,12
46.557000321535,7.574257868517,12
46.556984030871,7.587298285178,12
46.556966245651,7.600338693554,12
46.561917322950,6.465707527981,12
46.562028087976,6.478748159965,12
46.562137358197,6.491788845432,12
46.566023999811,7.548195217312,12
46.566010696049,7.561237815510,12
46.565995897483,7.574280406878,12
46.565979604112,7.587322990689,12
46.570799938782,6.452503058806,12
46.570912217262,6.465545804457,12
46.571023000690,6.478588604316,12
46.571132289064,6.491631457659,12
46.571240082385,6.504674363757,12
46.575031387288,7.535168655289,12
46.575019576369,7.548213427467,12
46.575006270398,7.561258193542,12
46.574991469373,7.574302952785,12
46.574975173295,7.587347704472,12
46.579907107284,6.465384026805,12
46.580017909113,6.478428995266,12
46.580127215640,6.491474017210,12
46.580235026866,6.504519091909,12
46.580341342791,6.517564218638,12
46.584026961517,7.535184702938,12
46.584015148637,7.548231643717,12
46.584001840455,7.561278578393,12
46.583987036972,7.574325506238,12
46.588901992781,6.465222195028,12
46.589012813011,6.478269332815,12
46.589122137692,6.491316524086,12
46.589229966823,6.504363768112,12
46.589336300404,6.517411064168,12
46.589441138435,6.530458411526,12
46.593022531222,7.535200755956,12
46.593010716380,7.548249866062,12
46.592997405988,7.561298970065,12
46.598117054985,6.491158978286,12
46.598224902021,6.504208392365,12
46.598331253259,6.517257858473,12
46.598436108699,6.530307375884,12
46.598539468341,6.543356943871,12
46.602028417176,7.522165528807,12
46.602018096169,7.535216814343,12
46.602006279365,7.548268094502,12
46.601992966763,7.561319368557,12
46.607111967288,6.491001379812,12
46.607219832229,6.504052964668,12
46.607326201123,6.517104601554,12
46.607431073971,6.530156289743,12
46.607534450772,6.543208028507,12
46.611040136145,7.496072495933,12
46.611032805518,7.509125960821,12
46.611023978845,7.522179421786,12
46.611013656125,7.535232878100,12
46.611001837359,7.548286329036,12
46.610988522547,7.561339773869,12
46.610973711688,7.574393211871,12
46.616214757212,6.503897485022,12
46.616321143762,6.516951293411,12
46.616426034019,6.530005153103,12
46.616529427980,6.543059063371,12
46.620035695272,7.496082050548,12
46.620028363429,7.509137686940,12
46.620019535290,7.522193319408,12
46.620009210857,7.535248947225,12
46.619997390129,7.548304569665,12
46.625316080944,6.516797934044,12
46.625420988608,6.529853965965,12
46.625524399730,6.542910048462,12
46.625626314308,6.555966180808,12
46.629037085459,7.483033796537,12
46.629031248942,7.496091608355,12
46.629023915881,7.509149416976,12
46.629015086277,7.522207221673,12
46.629004760131,7.535265021720,12
46.634311012435,6.516644523452,12
46.634415937507,6.529702728328,12
46.634519365788,6.542760983779,12
46.634621297278,6.555819289080,12
46.634721731977,6.568877643504,12
46.638036975101,7.469981197339,12
46.638032634406,7.483041184582,12
46.638026796920,7.496101169355,12
46.638019462642,7.509161150931,12
46.638010631573,7.522221128583,12
46.643305938001,6.516491061636,12
46.643410880482,6.529551440192,12
46.643514325923,6.542611869324,12
46.643616274324,6.555672348305,12
46.643716725686,6.568732876408,12
46.643815680007,6.581793452908,12
46.643913137290,6.594854077077,12
46.647032518843,7.469986414171,12
46.647028177428,7.483048575095,12
46.647022338973,7.496110733548,12
46.647015003479,7.509172888804,12
46.647006170945,7.522235040135,12
46.652405817298,6.529400101557,12
46.652509279899,6.542462705095,12
46.652611245212,6.555525358482,12
46.652711713237,6.568588060991,12
46.652810683973,6.581650811896,12
46.652908157422,6.594713610471,12
46.653004133583,6.607776455988,12
46.653098612456,6.620839347722,12
46.656028056428,7.469991632745,12
46.656023714293,7.483055968074,12
46.656017874869,7.496120300933,12
46.656010538158,7.509184630594,12
46.661504227484,6.542313491093,12
46.661606209709,6.555378319611,12
46.661706694397,6.568443197252,12
46.661805681548,6.581508123288,12
46.661903171163,6.594573096994,12
46.661999163242,6.607638117643,12
46.662093657785,6.620703184507,12
46.662186654791,6.633768296861,12
46.662278154261,6.646833453978,12
46.665027780723,7.443863827633,12
46.665026432940,7.456930340855,12
46.665023587621,7.469996853060,12
46.665019244766,7.483063363520,12
46.665013404374,7.496129871510,12
46.670701668932,6.568298285190,12
46.670800672499,6.581365387084,12
46.670898178280,6.594432536646,12
46.670994186277,6.607499733152,12
46.671088696490,6.620566975873,12
46.671181708918,6.633634264084,12
46.671273223561,6.646701597057,12
46.671363240419,6.659768974066,12
46.671451759493,6.672836394385,12
46.674023156209,7.430796008606,12
46.674023305987,7.443864697976,12
46.674021957981,7.456933387054,12
46.674019112190,7.470002075116,12
46.674014768615,7.483070761433,12
46.674008927255,7.496139445280,12
46.679893178539,6.594291929427,12
46.679989202455,6.607361302515,12
46.680083728337,6.620430721819,12
46.680176756186,6.633500186612,12
46.680268286003,6.646569696168,12
46.680358317786,6.659639249759,12
46.680446851536,6.672708846660,12
46.680533887254,6.685778486144,12
46.683013880885,7.404652972788,12
46.683017026754,7.417723837141,12
46.683018674591,7.430794702657,12
46.683018824394,7.443865568609,12
46.683017476164,7.456936434270,12
46.683014629902,7.470007298913,12
46.683010285606,7.483078161813,12
46.689078753093,6.620294422345,12
46.689171796364,6.633366064446,12
46.689263341353,6.646437751310,12
46.689353388061,6.659509482209,12
46.689441936488,6.672581256418,12
46.689528986634,6.685653073210,12
46.689614538498,6.698724931857,12
46.689698592081,6.711796831634,12
46.691998603755,7.378501234861,12
46.692004746709,7.391574272016,12
46.692009391381,7.404647311788,12
46.692012537772,7.417720353449,12
46.692014185881,7.430793396272,12
46.692014335709,7.443866439532,12
46.692012987256,7.456939482501,12
46.692010140522,7.470012524452,12
46.698258389379,6.646305762483,12
46.698348451012,6.659379671416,12
46.698437014116,6.672453623658,12
46.698524078689,6.685527618483,12
46.698609644733,6.698601655164,12
46.698693712248,6.711675732975,12
46.698776281232,6.724749851188,12
46.698857351687,6.737824009077,12
46.700986462638,7.365416004060,12
46.700994105139,7.378491215907,12
46.701000249111,7.391566431096,12
46.701004894553,7.404641648901,12
46.701008041465,7.417716868595,12
46.701009689847,7.430792089452,12
46.701009839700,7.443867310745,12
46.701008491024,7.456942531748,12
46.707343506406,6.659249817380,12
46.707432084185,6.672325948381,12
46.707519163187,6.685402121965,12
46.707604743411,6.698478337405,12
46.707688824857,6.711554593974,12
46.707771407525,6.724630890946,12
46.707852491414,6.737707227594,12
46.707932076526,6.750783603192,12
46.709962171327,7.339249034734,12
46.709972812651,7.352326416474,12
46.709981955197,7.365403803010,12
46.709989598965,7.378481193615,12
46.709995743954,7.391558587563,12
46.710000390166,7.404635984127,12
46.710003537600,7.417713382581,12
46.710005186256,7.430790782197,12
46.716427146464,6.672198230586,12
46.716514239894,6.685276583655,12
46.716599834298,6.698354978579,12
46.716683929675,6.711433414633,12
46.716766526026,6.724511891090,12
46.716847623351,6.737590407222,12
46.716927221649,6.750668962304,12
46.717005320921,6.763747555609,12
46.717230624579,6.802983557592,12
46.718916729399,7.299993823020,12
46.718931869564,7.313073365497,12
46.718945510704,7.326152914949,12
46.718957652817,7.339232470651,12
46.718968295904,7.352312031876,12
46.718977439965,7.365391597896,12
46.718985084999,7.378471167986,12
46.718991231007,7.391550741419,12
46.718995877989,7.404630317468,12
46.718999025944,7.417709895405,12
46.725679026469,6.711312194951,12
46.725761636503,6.724392851618,12
46.725842747262,6.737473547960,12
46.725922358747,6.750554283252,12
46.726000470957,6.763635056767,12
46.726077083893,6.776715867778,12
46.726152197553,6.789796715558,12
46.726225811940,6.802877599381,12
46.726297927051,6.815958518519,12
46.726368542888,6.829039472247,12
46.727895554136,7.286888997809,12
46.727912196085,7.299970712793,12
46.727927338759,7.313052435480,12
46.727940982158,7.326134165142,12
46.727953126283,7.339215901054,12
46.727963771133,7.352297642489,12
46.727972916709,7.365379388720,12
46.727980563009,7.378461139020,12
46.727986710036,7.391542892663,12
46.734756738722,6.724273772530,12
46.734837862916,6.737356649809,12
46.734917487587,6.750439566036,12
46.734995612736,6.763522520487,12
46.735072238361,6.776605512433,12
46.735147364463,6.789688541149,12
46.735220991043,6.802771605907,12
46.735293118099,6.815854705982,12
46.735363745632,6.828937840645,12
46.735432873643,6.842021009172,12
46.736853221828,7.260695933130,12
46.736872865579,7.273779811465,12
46.736891009808,7.286863698955,12
46.736907654513,7.299947594875,12
46.736922799695,7.313031498497,12
46.736936445355,7.326115409096,12
46.736948591491,7.339199325943,12
46.736959238104,7.352283248314,12
46.736968385195,7.365367175480,12
46.743832970079,6.737239712767,12
46.743912607937,6.750324810656,12
46.743990746023,6.763409946768,12
46.744067384338,6.776495120375,12
46.744142522882,6.789580330752,12
46.744216161655,6.802665577172,12
46.744288300656,6.815750858907,12
46.744358939886,6.828836175232,12
46.744428079344,6.841921525420,12
46.744495719031,6.855006908743,12
46.744561858947,6.868092324476,12
46.744626499091,6.881177771892,12
46.745827515975,7.247580212425,12
46.745848662751,7.260666262538,12
46.745868309755,7.273752322533,12
46.745886456989,7.286838391685,12
46.745903104450,7.299924469266,12
46.745918252141,7.313010554549,12
46.745931900060,7.326096646809,12
46.745944048208,7.339182745318,12
46.752985870586,6.763297335610,12
46.753211323542,6.802559513174,12
46.753283474488,6.815646977297,12
46.753354125414,6.828734476008,12
46.753423276321,6.841822008583,12
46.753490927208,6.854909574293,12
46.753557078075,6.867997172413,12
46.753621728923,6.881084802215,12
46.753684879751,6.894172462974,12
46.753746530559,6.907260153961,12
46.753806681348,6.920347874452,12
46.754776144058,7.221371917133,12
46.754800294375,7.234460127687,12
46.754822944672,7.247548349578,12
46.754844094949,7.260636582078,12
46.754863745207,7.273724824460,12
46.754881895445,7.286813075998,12
46.754898545663,7.299901335966,12
46.754913695862,7.312989603636,12
46.762278639363,6.815543061150,12
46.762349301986,6.828632742974,12
46.762418464340,6.841722458660,12
46.762486126427,6.854812207483,12
46.762552288246,6.867901988715,12
46.762616949797,6.880991801630,12
46.762680111080,6.894081645501,12
46.762741772094,6.907171519601,12
46.762801932841,6.920261423203,12
46.762860593320,6.933351355582,12
46.762917753531,6.946441316010,12
46.762973413474,6.959531303761,12
46.763718746616,7.195154927050,12
46.763745901467,7.208245295864,12
46.763771556050,7.221335677468,12
46.763795710364,7.234426071135,12
46.763818364411,7.247516476138,12
46.763839518190,7.260606891750,12
46.763859171701,7.273697317245,12
46.763877324944,7.286787751895,12
46.771413643168,6.841622875653,12
46.771481316455,6.854714808313,12
46.771547489225,6.867806773383,12
46.771612161479,6.880898770136,12
46.771675333217,6.893990797844,12
46.771737004438,6.907082855782,12
46.771797175143,6.920174943223,12
46.771855845332,6.933267059440,12
46.771913015004,6.946359203705,12
46.771968684160,6.959451375294,12
46.772022852800,6.972543573479,12
46.772075520923,6.985635797533,12
46.772126688530,6.998728046729,12
46.772519673758,7.116559301019,12
46.772555836201,7.129651761675,12
46.772590498129,7.142744239481,12
46.772623659540,7.155836733710,12
46.772655320434,7.168929243634,12
46.772685480813,7.182021768528,12
46.772714140675,7.195114307665,12
46.772741300020,7.208206860317,12
46.772766958850,7.221299425759,12
46.772791117162,7.234392003264,12
46.772813774959,7.247484592105,12
46.772834932239,7.260577191555,12
46.780607363738,6.880805707733,12
46.780670545930,6.893899920005,12
46.780732227358,6.906994162506,12
46.780792408021,6.920088434511,12
46.780851087919,6.933182735291,12
46.780908267053,6.946277064120,12
46.780963945422,6.959371420272,12
46.781018123027,6.972465803020,12
46.781070799867,6.985560211637,12
46.781121975942,6.998654645397,12
46.781171651252,7.011749103574,12
46.781219825798,7.024843585439,12
46.781266499579,7.037938090267,12
46.781311672596,7.051032617331,12
46.781355344847,7.064127165904,12
46.781397516335,7.077221735260,12
46.781438187057,7.090316324672,12
46.781477357015,7.103410933414,12
46.781515026208,7.116505560758,12
46.781551194636,7.129600205978,12
46.781585862300,7.142694868347,12
46.781619029199,7.155789547139,12
46.781650695334,7.168884241627,12
46.781680860704,7.181978951085,12
46.781709525309,7.195073674785,12
46.781736689149,7.208168412001,12
46.781762352225,7.221263162006,12
46.781786514536,7.234357924074,12
46.781809176083,7.247452697478,12
46.789787631241,6.920001897066,12
46.789846320849,6.933098383135,12
46.789903509444,6.946194897254,12
46.789959197027,6.959291438695,12
46.790013383596,6.972388006732,12
46.790066069152,6.985484600638,12
46.790117253696,6.998581219687,12
46.790166937226,7.011677863152,12
46.790215119743,7.024774530306,12
46.790261801248,7.037871220424,12
46.790306981739,7.050967932777,12
46.790350661217,7.064064666639,12
46.790392839682,7.077161421284,12
46.790433517135,7.090258195985,12
46.790472693574,7.103354990015,12
46.790510369000,7.116451802648,12
46.790546543414,7.129548633158,12
46.790581216814,7.142645480816,12
46.790614389201,7.155742344897,12
46.790646060576,7.168839224674,12
46.790676230937,7.181936119420,12
46.790704900285,7.195033028409,12
46.790732068620,7.208129950914,12
46.790757735943,7.221226886209,12
46.790781902252,7.234323833566,12
46.798954438740,6.959211430562,12
46.799008634274,6.972310184613,12
46.799061328547,6.985408964534,12
46.799112521558,6.998507769598,12
46.799162213309,7.011606599078,12
46.799210403797,7.024705452247,12
46.799257093025,7.037804328378,12
46.799302280991,7.050903226746,12
46.799345967696,7.064002146623,12
46.799388153139,7.077101087282,12
46.799428837321,7.090200047998,12
46.799468020242,7.103299028043,12
46.799505701902,7.116398026690,12
46.799541882300,7.129497043214,12
46.799576561437,7.142596076887,12
46.799609739312,7.155695126983,12
46.799641415926,7.168794192774,12
46.799671591279,7.181893273535,12
46.799700265370,7.194992368539,12
46.808157479267,7.011535311350,12
46.808205677727,7.024636351259,12
46.808252374678,7.037737414131,12
46.808297570119,7.050838499238,12
46.808341264050,7.063939605855,12
46.808383456472,7.077040733255,12
46.808424147384,7.090141880711,12
46.808463336786,7.103243047496,12
46.808501024679,7.116344232884,12
46.808537211061,7.129445436147,12
