46.06166785,6.45910877,13
46.06177937,6.47202995,13
46.06188941,6.48495118,13
46.06199797,6.49787246,13
46.06309435,6.64000990,13
46.06318513,6.65293177,13
46.06327444,6.66585368,13
46.06336226,6.67877564,13
46.06344860,6.69169764,13
46.06353346,6.70461968,13
46.07054958,6.44602426,13
46.07066259,6.45894751,13
46.07077413,6.47187081,13
46.07088419,6.48479416,13
46.07099276,6.49771757,13
46.07109986,6.51064104,13
46.07120547,6.52356455,13
46.07130960,6.53648812,13
46.07141225,6.54941174,13
46.07151342,6.56233540,13
46.07161311,6.57525912,13
46.07171132,6.58818289,13
46.07190329,6.61403056,13
46.07199705,6.62695447,13
46.07208933,6.63987842,13
46.07218013,6.65280241,13
46.07226945,6.66572646,13
46.07235729,6.67865054,13
46.07244364,6.69157467,13
46.07252852,6.70449884,13
46.07261191,6.71742305,13
46.07269383,6.73034730,13
46.07871156,6.35538478,13
46.07883497,6.36830975,13
46.07907734,6.39415987,13
46.07919631,6.40708502,13
46.07931379,6.42001023,13
46.07942979,6.43293549,13
46.07954431,6.44586081,13
46.07965735,6.45878618,13
46.07976890,6.47171161,13
46.07987898,6.48463710,13
46.07998757,6.49756264,13
46.08009468,6.51048823,13
46.08020031,6.52341387,13
46.08030446,6.53633957,13
46.08040713,6.54926531,13
46.08050832,6.56219111,13
46.08060802,6.57511695,13
46.08070624,6.58804285,13
46.08080299,6.60096879,13
46.08089825,6.61389478,13
46.08099202,6.62682081,13
46.08108432,6.63974689,13
46.08117514,6.65267302,13
46.08126447,6.66559919,13
46.08135232,6.67852540,13
46.08143869,6.69145165,13
46.08152358,6.70437795,13
46.08160699,6.71730429,13
46.08168892,6.73023067,13
46.08176936,6.74315709,13
46.08184833,6.75608355,13
46.08192581,6.76901004,13
46.08745486,6.32935236,13
46.08758125,6.34227934,13
46.08770616,6.35520638,13
46.08782959,6.36813347,13
46.08795154,6.38106063,13
46.08807200,6.39398785,13
46.08819099,6.40691513,13
46.08830849,6.41984246,13
46.08842451,6.43276985,13
46.08853905,6.44569730,13
46.08865211,6.45862481,13
46.08876368,6.47155237,13
46.08887378,6.48447998,13
46.08898239,6.49740765,13
46.08908952,6.51033537,13
46.08919517,6.52326314,13
46.08929933,6.53619096,13
46.08940202,6.54911884,13
46.08950322,6.56204676,13
46.08960294,6.57497474,13
46.08970118,6.58790276,13
46.08979794,6.60083083,13
46.08989321,6.61375895,13
46.08998701,6.62668711,13
46.09007932,6.63961532,13
46.09017015,6.65254357,13
46.09025950,6.66547187,13
46.09034737,6.67840021,13
46.09043375,6.69132860,13
46.09051866,6.70425703,13
46.09060208,6.71718549,13
46.09068402,6.73011400,13
46.09076448,6.74304255,13
46.09084346,6.75597114,13
46.09092095,6.76889976,13
46.09099696,6.78182843,13
46.09619215,6.30331161,13
46.09632153,6.31624059,13
46.09644943,6.32916963,13
46.09657584,6.34209874,13
46.09670077,6.35502791,13
46.09682422,6.36795713,13
46.09694619,6.38088642,13
46.09706668,6.39381577,13
46.09718568,6.40674518,13
46.09730320,6.41967464,13
46.09741924,6.43260416,13
46.09753380,6.44553374,13
46.09764688,6.45846337,13
46.09808436,6.51018245,13
46.09819003,6.52311236,13
46.09829421,6.53604231,13
46.09839691,6.54897231,13
46.09849813,6.56190237,13
46.09859787,6.57483247,13
46.09869613,6.58776262,13
46.09879290,6.60069282,13
46.09888819,6.61362307,13
46.09898200,6.62655336,13
46.09907433,6.63948370,13
46.09916518,6.65241409,13
46.09925454,6.66534452,13
46.09942882,6.69120550,13
46.09951374,6.70413606,13
46.09959718,6.71706666,13
46.09967913,6.72999729,13
46.09975960,6.74292797,13
46.09983859,6.75585869,13
46.09991610,6.76878944,13
46.09999213,6.78172024,13
46.10006667,6.79465107,13
46.10505580,6.29019351,13
46.10518669,6.30312456,13
46.10531609,6.31605567,13
46.10544400,6.32898684,13
46.10557044,6.34191808,13
46.10569539,6.35484938,13
46.10581886,6.36778073,13
46.10594085,6.38071215,13
46.10606136,6.39364363,13
46.10618038,6.40657517,13
46.10629792,6.41950676,13
46.10641398,6.43243841,13
46.10652856,6.44537012,13
46.10759281,6.57469016,13
46.10778787,6.60055477,13
46.10788318,6.61348715,13
46.10867425,6.72988055,13
46.10875473,6.74281335,13
46.10883374,6.75574620,13
46.10891126,6.76867909,13
46.10898730,6.78161201,13
46.10906185,6.79454497,13
46.10913493,6.80747797,13
46.11309249,6.19947386,13
46.11337357,6.22533936,13
46.11351188,6.23827220,13
46.11364872,6.25120512,13
46.11391794,6.27707115,13
46.11405032,6.29000426,13
46.11418123,6.30293744,13
46.11431065,6.31587068,13
46.11443859,6.32880399,13
46.11456504,6.34173735,13
46.11469002,6.35467078,13
46.11481351,6.36760427,13
46.11782889,6.75563368,13
46.11790642,6.76856869,13
46.11798247,6.78150375,13
46.11805704,6.79443884,13
46.11813013,6.80737397,13
46.11820173,6.82030913,13
46.11827185,6.83324433,13
46.11834049,6.84617956,13
46.11840765,6.85911483,13
46.11847332,6.87205012,13
46.12208685,6.19926963,13
46.12222816,6.21220447,13
46.12236798,6.22513938,13
46.12250632,6.23807436,13
46.12264318,6.25100941,13
46.12277855,6.26394453,13
46.12291244,6.27687971,13
46.12304485,6.28981495,13
46.12317578,6.30275026,13
46.12330522,6.31568563,13
46.12343318,6.32862107,13
46.12355966,6.34155657,13
46.12705224,6.79433267,13
46.12712534,6.80726993,13
46.12719695,6.82020723,13
46.12726709,6.83314456,13
46.12733574,6.84608192,13
46.12740291,6.85901932,13
46.12746859,6.87195675,13
46.12753279,6.88489421,13
46.12759551,6.89783170,13
46.13108123,6.19906533,13
46.13122256,6.21200230,13
46.13136240,6.22493935,13
46.13150076,6.23787646,13
46.13163764,6.25081364,13
46.13177304,6.26375088,13
46.13190695,6.27668820,13
46.13203938,6.28962558,13
46.13217033,6.30256302,13
46.13612056,6.80716586,13
46.13626233,6.83304475,13
46.13633099,6.84598425,13
46.13639817,6.85892378,13
46.13646387,6.87186334,13
46.13652808,6.88480293,13
46.13659081,6.89774256,13
46.13665206,6.91068221,13
46.13964265,6.16004405,13
46.14007561,6.19886095,13
46.14021696,6.21180006,13
46.14035683,6.22473924,13
46.14049521,6.23767848,13
46.14063212,6.25061780,13
46.14076754,6.26355718,13
46.14090147,6.27649662,13
46.14103392,6.28943613,13
46.14116489,6.30237571,13
46.14532625,6.84588654,13
46.14552337,6.88471163,13
46.14558611,6.89765338,13
46.14564737,6.91059517,13
46.14570714,6.92353699,13
46.14834086,6.13395135,13
46.14848966,6.14689224,13
46.14863697,6.15983320,13
46.14878279,6.17277423,13
46.14892714,6.18571533,13
46.14906999,6.19865651,13
46.14921137,6.21159775,13
46.15002847,6.28924663,13
46.15458142,6.89756418,13
46.15464269,6.91050810,13
46.15470247,6.92345206,13
46.15497914,6.98817224,13
46.15503003,7.00111635,13
46.15512734,7.02700466,13
46.15517378,7.03994884,13
46.15718483,6.12079322,13
46.15733514,6.13373617,13
46.15748395,6.14667919,13
46.15763129,6.15962228,13
46.15777714,6.17256545,13
46.15792150,6.18550869,13
46.15806439,6.19845200,13
46.15820579,6.21139537,13
46.16369781,6.92336709,13
46.16375612,6.93631321,13
46.16392215,6.97515172,13
46.16397453,6.98809795,13
46.16402542,7.00104420,13
46.16407483,7.01399047,13
46.16412275,7.02693677,13
46.16416919,7.03988309,13
46.16421415,7.05282944,13
46.16602728,6.10763081,13
46.16617909,6.12057582,13
46.16632941,6.13352091,13
46.16647826,6.14646606,13
46.16662561,6.15941129,13
46.16677149,6.17235660,13
46.16691588,6.18530197,13
46.17275147,6.93623035,13
46.17280831,6.94917863,13
46.17286366,6.96212694,13
46.17291753,6.97507527,13
46.17296991,6.98802363,13
46.17302082,7.00097202,13
46.17307023,7.01392043,13
46.17311816,7.02686886,13
46.17316461,7.03981732,13
46.17320958,7.05276580,13
46.17325306,7.06571430,13
46.17486819,6.09446413,13
46.17502151,6.10741120,13
46.17517334,6.12035835,13
46.17532370,6.13330557,13
46.17547256,6.14625287,13
46.17561995,6.15920023,13
46.18191292,6.97499879,13
46.18196531,6.98794929,13
46.18201622,7.00089981,13
46.18216004,7.03975152,13
46.18220501,7.05270214,13
46.18224850,7.06565278,13
46.18370757,6.08129318,13
46.18386240,6.09424232,13
46.18401575,6.10719152,13
46.18416761,6.12014081,13
46.18431799,6.13309017,13
46.18446688,6.14603960,13
46.19120045,7.05263846,13
46.19124395,7.06559123,13
46.19254542,6.06811796,13
46.19270176,6.08106915,13
46.19285662,6.09402042,13
46.19300999,6.10697177,13
46.19316188,6.11992319,13
46.19331228,6.13287469,13
46.20019590,7.05257475,13
46.20023940,7.06552966,13
46.20138174,6.05493845,13
46.20153960,6.06789171,13
46.20169596,6.08084505,13
46.20185085,6.09379846,13
46.20200424,6.10675194,13
46.20215616,6.11970550,13
46.20923486,7.06546808,13
46.21037589,6.05470999,13
46.21053377,6.06766539,13
46.21069017,6.08062086,13
46.21084508,6.09357641,13
46.21099850,6.10653204,13
46.21823033,7.06540647,13
46.21827236,7.07836568,13
46.21831291,7.09132491,13
46.21835197,7.10428416,13
46.21921066,6.04152400,13
46.21937005,6.05448146,13
46.21952796,6.06743899,13
46.21968438,6.08039660,13
46.21983931,6.09335429,13
46.22726784,7.07830619,13
46.22730839,7.09126756,13
46.22734746,7.10422895,13
46.22738504,7.11719036,13
46.22804389,6.02833372,13
46.22820479,6.04129324,13
46.22836421,6.05425284,13
46.22852214,6.06721252,13
46.22867859,6.08017227,13
46.23630388,7.09121020,13
46.23634295,7.10417373,13
46.23638054,7.11713728,13
46.23687559,6.01513916,13
46.23703800,6.02810075,13
46.23719893,6.04106241,13
46.23735838,6.05402415,13
46.23751634,6.06698597,13
46.23767281,6.07994786,13
46.24537605,7.11708417,13
46.24541215,7.13004988,13
46.24586968,6.01490397,13
46.24603212,6.02786769,13
46.24619308,6.04083149,13
46.24635255,6.05379538,13
46.24651053,6.06675934,13
46.25440767,7.12999890,13
46.25444230,7.14296677,13
46.25469981,6.00170290,13
46.25486377,6.01466869,13
46.25502624,6.02763456,13
46.25518722,6.04060050,13
46.25534672,6.05356653,13
46.26340319,7.12994790,13
46.26343782,7.14291791,13
46.26347097,7.15588794,13
46.26352841,5.98849755,13
46.26369388,6.00146540,13
46.26385787,6.01443333,13
46.26402036,6.02740135,13
46.26418138,6.04036944,13
46.27239871,7.12989689,13
46.27243335,7.14286904,13
46.27246651,7.15584121,13
46.27249817,7.16881340,13
46.27252835,7.18178560,13
46.27252246,5.98825783,13
46.27268796,6.00122782,13
46.27285197,6.01419790,13
46.27301449,6.02716805,13
46.27317553,6.04013829,13
46.28142889,7.14282015,13
46.28146205,7.15579447,13
46.28149372,7.16876880,13
46.28152390,7.18174314,13
46.28168203,6.00099016,13
46.28184607,6.01396238,13
46.28200862,6.02693468,13
46.29042442,7.14277125,13
46.29045759,7.15574771,13
46.29048926,7.16872418,13
46.29051945,7.18170067,13
46.29067611,6.00075242,13
46.29084018,6.01372679,13
46.29945313,7.15570093,13
46.29948481,7.16867955,13
46.29967019,6.00051460,13
46.29983429,6.01349111,13
46.30844868,7.15565414,13
46.30848037,7.16863491,13
46.30851057,7.18161569,13
46.30866428,6.00027670,13
46.30882840,6.01325536,13
46.31747592,7.16859025,13
46.31750613,7.18157318,13
46.31753485,7.19455612,13
46.31765837,6.00003872,13
46.31782252,6.01301953,13
46.32650169,7.18153065,13
46.32653041,7.19451574,13
46.32665246,5.99980066,13
46.32681663,6.01278361,13
46.33552598,7.19447535,13
46.33555322,7.20746260,13
46.33548086,5.98657749,13
46.33564655,5.99956251,13
46.33581075,6.01254762,13
46.34452156,7.19443494,13
46.34454880,7.20742435,13
46.34457455,7.22041376,13
46.34459882,7.23340319,13
46.34430771,5.97335002,13
46.34447492,5.98633712,13
46.34464064,5.99932429,13
46.34480487,6.01231155,13
46.35351713,7.19439452,13
46.35354438,7.20738608,13
46.35357014,7.22037764,13
46.35359441,7.23336922,13
46.35330175,5.97310742,13
46.35346899,5.98609666,13
46.35363474,5.99908599,13
46.35379899,6.01207539,13
46.36251270,7.19435409,13
46.36253996,7.20734779,13
46.36256572,7.22034151,13
46.36258999,7.23333524,13
46.36261278,7.24632898,13
46.36212704,5.95987342,13
46.36229579,5.97286473,13
46.36246306,5.98585613,13
46.36262883,5.99884760,13
46.36279312,6.01183916,13
46.37150828,7.19431364,13
46.37153554,7.20730950,13
46.37156130,7.22030537,13
46.37158558,7.23330125,13
46.37160837,7.24629714,13
46.37162967,7.25929304,13
46.37112105,5.95962850,13
46.37128983,5.97262196,13
46.37145713,5.98561551,13
46.37162293,5.99860914,13
46.38055689,7.22026921,13
46.38058117,7.23326724,13
46.38060396,7.24626529,13
46.38062527,7.25926334,13
46.38011507,5.95938349,13
46.38028388,5.97237911,13
46.38045119,5.98537481,13
46.38061702,5.99837059,13
46.38957676,7.23323323,13
46.38959956,7.24623342,13
46.38962087,7.25923363,13
46.38964068,7.27223385,13
46.38910908,5.95913841,13
46.38927792,5.97213618,13
46.38944527,5.98513403,13
46.38961112,5.99813197,13
46.39857235,7.23319920,13
46.39859515,7.24620155,13
46.39861646,7.25920391,13
46.39863628,7.27220629,13
46.39793274,5.94589339,13
46.39810309,5.95889324,13
46.39827196,5.97189316,13
46.39843934,5.98489317,13
46.39860522,5.99789326,13
46.40756795,7.23316516,13
46.40759075,7.24616967,13
46.40761206,7.25917418,13
46.40763189,7.27217871,13
46.40675485,5.93264407,13
46.40692672,5.94564599,13
46.40709711,5.95864799,13
46.40726600,5.97165007,13
46.40743341,5.98465223,13
46.41653924,7.22012446,13
46.41656354,7.23313111,13
46.41658635,7.24613777,13
46.41660766,7.25914444,13
46.41662749,7.27215112,13
46.41574881,5.93239443,13
46.41592071,5.94539850,13
46.41609112,5.95840265,13
46.41626005,5.97140689,13
46.41642748,5.98441121,13
46.42558194,7.24610586,13
46.42560326,7.25911469,13
46.42562309,7.27212353,13
46.42474276,5.93214470,13
46.42491470,5.94515092,13
46.42508514,5.95815724,13
46.42525409,5.97116363,13
46.43455472,7.23306297,13
46.43457754,7.24607395,13
46.43459886,7.25908493,13
46.43461869,7.27209593,13
46.43463703,7.28510693,13
46.43465388,7.29811794,13
46.43373672,5.93189488,13
46.43390868,5.94490327,13
46.43407915,5.95791174,13
46.43424813,5.97092029,13
46.44359446,7.25905516,13
46.44361429,7.27206831,13
46.44363264,7.28508147,13
46.44364949,7.29809464,13
46.44273067,5.93164499,13
46.44290266,5.94465553,13
46.44307316,5.95766616,13
46.44324217,5.97067687,13
46.45256872,7.24601008,13
46.45259005,7.25902538,13
46.45260989,7.27204069,13
46.45262824,7.28505601,13
46.45172463,5.93139500,13
46.45189665,5.94440771,13
46.45206717,5.95742049,13
46.45223621,5.97043336,13
46.46158565,7.25899559,13
46.46160549,7.27201306,13
46.46162384,7.28503054,13
46.46164070,7.29804802,13
46.46071858,5.93114494,13
46.46089063,5.94415980,13
46.46106118,5.95717475,13
46.46123025,5.97018977,13
46.47058124,7.25896579,13
46.47060109,7.27198542,13
46.47061944,7.28500505,13
46.47063631,7.29802470,13
46.46953896,5.91787785,13
46.46971253,5.93089479,13
46.46988461,5.94391181,13
46.47005519,5.95692892,13
46.47022428,5.96994611,13
46.47957684,7.25893598,13
46.47959669,7.27195777,13
46.47961504,7.28497956,13
46.47963191,7.29800137,13
46.47853289,5.91762546,13
46.47870648,5.93064456,13
46.47887859,5.94366374,13
46.47904920,5.95668301,13
46.48857243,7.25890616,13
46.48859228,7.27193011,13
46.48861064,7.28495407,13
46.48862751,7.29797803,13
46.48752680,5.91737298,13
46.48770043,5.93039424,13
46.48787256,5.94341558,13
46.48804320,5.95643701,13
46.49756802,7.25887633,13
46.49758787,7.27190244,13
46.49760624,7.28492856,13
46.49762311,7.29795469,13
46.49652072,5.91712041,13
46.49669438,5.93014384,13
46.49686654,5.94316734,13
46.49703721,5.95619093,13
46.50656360,7.25884649,13
46.50658346,7.27187476,13
46.50660183,7.28490304,13
46.50661870,7.29793133,13
46.50551463,5.91686777,13
46.50568832,5.92989335,13
46.50586051,5.94291902,13
46.50603121,5.95594478,13
46.51555919,7.25881664,13
46.51557905,7.27184707,13
46.51559742,7.28487752,13
46.51561429,7.29790797,13
46.51450855,5.91661503,13
46.51468226,5.92964278,13
46.51485448,5.94267062,13
46.51502520,5.95569853,13
46.52455477,7.25878678,13
46.52457463,7.27181938,13
46.52459301,7.28485198,13
46.52460989,7.29788460,13
46.52350245,5.91636221,13
46.52367620,5.92939213,13
46.52384844,5.94242213,13
46.52401920,5.95545221,13
46.53355035,7.25875690,13
46.53357022,7.27179167,13
46.53358859,7.28482644,13
46.53360547,7.29786123,13
46.53362086,7.31089602,13
46.53249636,5.91610931,13
46.53267013,5.92914139,13
46.53284241,5.94217355,13
46.53301319,5.95520580,13
46.54256579,7.27176395,13
46.54258417,7.28480089,13
46.54260106,7.29783784,13
46.54261645,7.31087480,13
46.54131497,5.90282216,13
46.54149026,5.91585632,13
46.54166406,5.92889057,13
46.54183636,5.94192490,13
46.54200718,5.95495931,13
46.55154149,7.25869713,13
46.55156137,7.27173623,13
46.55157975,7.28477533,13
46.55159664,7.29781445,13
46.55161203,7.31085357,13
46.55048416,5.91560325,13
46.55065799,5.92863966,13
46.55083032,5.94167616,13
46.55100116,5.95471274,13
46.56055694,7.27170850,13
46.56057533,7.28474977,13
46.56059222,7.29779105,13
46.56060761,7.31083234,13
46.55947805,5.91535009,13
46.55965191,5.92838867,13
46.55982427,5.94142734,13
46.55999514,5.95446609,13
46.56955251,7.27168075,13
46.56957090,7.28472419,13
46.56958779,7.29776764,13
46.56960319,7.31081109,13
46.56847194,5.91509685,13
46.56864583,5.92813760,13
46.56881822,5.94117843,13
46.56898911,5.95421935,13
46.57854807,7.27165300,13
46.57856646,7.28469861,13
46.57858336,7.29774422,13
46.57859876,7.31078985,13
46.57746583,5.91484353,13
46.57763974,5.92788644,13
46.57781216,5.94092944,13
46.57798309,5.95397253,13
46.58756202,7.28467301,13
46.58757892,7.29772080,13
46.58759432,7.31076859,13
46.58645971,5.91459012,13
46.58663365,5.92763520,13
46.58680610,5.94068037,13
46.58697705,5.95372563,13
46.59655758,7.28464741,13
46.59657448,7.29769737,13
46.59658989,7.31074733,13
46.59660380,7.32379730,13
46.59545358,5.91433662,13
46.59562756,5.92738388,13
46.59580003,5.94043122,13
46.59597101,5.95347864,13
46.59614050,5.96652615,13
46.60555313,7.28462180,13
46.60557004,7.29767393,13
46.60558545,7.31072606,13
46.60559936,7.32377820,13
46.60444745,5.91408304,13
46.60462146,5.92713247,13
46.60479396,5.94018198,13
46.60496497,5.95323157,13
46.60513448,5.96628125,13
46.61454868,7.28459618,13
46.61456559,7.29765048,13
46.61458100,7.31070478,13
46.61459491,7.32375909,13
46.61344132,5.91382937,13
46.61361535,5.92688097,13
46.61378788,5.93993266,13
46.61395892,5.95298442,13
46.61412846,5.96603627,13
46.62350592,7.25845765,13
46.62352582,7.27151410,13
46.62354422,7.28457056,13
46.62356113,7.29762702,13
46.62357655,7.31068350,13
46.62260924,5.92662939,13
46.62278180,5.93968325,13
46.62295287,5.95273719,13
46.62312244,5.96579121,13
46.63252135,7.27148629,13
46.63253976,7.28454492,13
46.63255667,7.29760356,13
46.63160312,5.92637773,13
46.63177571,5.93943376,13
46.63194681,5.95248988,13
46.63211641,5.96554607,13
46.64151688,7.27145847,13
46.64153529,7.28451928,13
46.64155221,7.29758009,13
46.64059700,5.92612599,13
46.64076962,5.93918419,13
46.64094074,5.95224248,13
46.64111037,5.96530085,13
46.64127850,5.97835930,13
46.65051240,7.27143065,13
46.65053082,7.28449362,13
46.65054773,7.29755661,13
46.65056315,7.31061961,13
46.64976352,5.93893454,13
46.64993467,5.95199500,13
46.65010432,5.96505554,13
46.65027248,5.97811617,13
46.65952633,7.28446796,13
46.65954325,7.29753312,13
46.65955868,7.31059829,13
46.65875741,5.93868480,13
46.65892859,5.95174743,13
46.65909827,5.96481015,13
46.65926646,5.97787296,13
46.66850343,7.27137496,13
46.66852185,7.28444229,13
46.66853877,7.29750963,13
46.66855419,7.31057697,13
46.66775130,5.93843498,13
46.66792251,5.95149979,13
46.66809222,5.96456468,13
46.66826043,5.97762966,13
46.67749893,7.27134711,13
46.67751735,7.28441661,13
46.67753428,7.29748613,13
46.67754971,7.31055565,13
46.67674518,5.93818507,13
46.67691641,5.95125206,13
46.67708615,5.96431913,13
46.67725439,5.97738629,13
46.68647450,7.25824757,13
46.68649442,7.27131924,13
46.68651285,7.28439093,13
46.68652978,7.29746262,13
46.68654521,7.31053432,13
46.68573905,5.93793508,13
46.68591031,5.95100425,13
46.68608008,5.96407350,13
46.68624835,5.97714283,13
46.69546998,7.25821752,13
46.69548991,7.27129137,13
46.69550834,7.28436523,13
46.69552527,7.29743910,13
46.69473291,5.93768501,13
46.69490421,5.95075636,13
46.69507400,5.96382779,13
46.69524230,5.97689930,13
46.69540909,5.98997089,13
46.70446546,7.25818746,13
46.70448539,7.27126349,13
46.70450382,7.28433953,13
46.70452076,7.29741557,13
46.70389809,5.95050838,13
46.70406791,5.96358199,13
46.70423624,5.97665568,13
46.70440306,5.98972945,13
46.71343950,7.24507919,13
46.71346093,7.25815739,13
46.71348086,7.27123560,13
46.71349930,7.28431381,13
46.71351624,7.29739204,13
46.71289197,5.95026032,13
46.71306182,5.96333611,13
46.71323017,5.97641198,13
46.71339702,5.98948793,13
46.72245639,7.25812731,13
46.72247633,7.27120770,13
46.72249477,7.28428809,13
46.72188584,5.95001218,13
46.72205572,5.96309015,13
46.72222410,5.97616820,13
46.72239098,5.98924633,13
46.72255636,6.00232454,13
46.73145184,7.25809722,13
46.73147179,7.27117979,13
46.73149023,7.28426236,13
46.73104961,5.96284411,13
46.73121801,5.97592434,13
46.73138492,5.98900465,13
46.73155033,6.00208504,13
46.74044729,7.25806712,13
46.74046724,7.27115187,13
46.74048568,7.28423662,13
46.74050263,7.29732139,13
46.74004349,5.96259798,13
46.74021192,5.97568040,13
46.74037886,5.98876289,13
46.74054429,6.00184547,13
46.74942128,7.24495009,13
46.74944273,7.25803701,13
46.74946268,7.27112394,13
46.74948112,7.28421088,13
46.74949807,7.29729783,13
46.74903736,5.96235178,13
46.74920582,5.97543637,13
46.74937279,5.98852105,13
46.74953825,6.00160581,13
46.74970221,6.01469064,13
46.75841670,7.24491778,13
46.75843816,7.25800689,13
46.75845811,7.27109600,13
46.75847656,7.28418512,13
46.75849351,7.29727425,13
46.75819971,5.97519227,13
46.75836670,5.98827913,13
46.75853219,6.00136607,13
46.75869618,6.01445309,13
46.75885867,6.02754019,13
46.76741212,7.24488547,13
46.76743357,7.25797675,13
46.76745353,7.27106805,13
46.76747198,7.28415936,13
46.76719359,5.97494808,13
46.76736061,5.98803713,13
46.76752613,6.00112625,13
46.76769015,6.01421546,13
46.76785266,6.02730474,13
46.77640752,7.24485314,13
46.77642898,7.25794661,13
46.77644894,7.27104009,13
46.77646740,7.28413358,13
46.77635451,5.98779505,13
46.77652006,6.00088636,13
46.77668410,6.01397775,13
46.77684665,6.02706921,13
46.78537996,7.23172516,13
46.78540292,7.24482081,13
46.78542438,7.25791646,13
46.78544435,7.27101213,13
46.78546281,7.28410780,13
46.78534840,5.98755288,13
46.78551397,6.00064638,13
46.78567805,6.01373995,13
46.78584062,6.02683361,13
46.78600169,6.03992734,13
46.79437534,7.23169063,13
46.79439831,7.24478846,13
46.79441977,7.25788630,13
46.79443974,7.27098415,13
46.79450788,6.00040632,13
46.79467198,6.01350208,13
46.79483458,6.02659793,13
46.79499567,6.03969384,13
46.80334624,7.21855608,13
46.80337071,7.23165609,13
46.80339368,7.24475610,13
46.80341515,7.25785613,13
46.80343512,7.27095617,13
46.80350178,6.00016619,13
46.80366590,6.01326414,13
46.80382853,6.02636216,13
46.80398965,6.03946027,13
46.80414927,6.05255845,13
46.81231562,7.20541716,13
46.81234160,7.21851934,13
46.81236608,7.23162153,13
46.81238905,7.24472373,13
46.81241052,7.25782595,13
46.81243050,7.27092817,13
46.81249567,5.99992597,13
46.81265982,6.01302611,13
46.81282247,6.02612632,13
46.81298362,6.03922662,13
46.81314327,6.05232699,13
46.81330141,6.06542744,13
46.82131097,7.20537822,13
46.82133695,7.21848258,13
46.82136143,7.23158696,13
46.82138441,7.24469136,13
46.82140588,7.25779576,13
46.82165372,6.01278800,13
46.82181640,6.02589040,13
46.82197757,6.03899289,13
46.82213725,6.05209545,13
46.82229542,6.06519808,13
46.82245209,6.07830080,13
46.83027881,7.19223272,13
46.83030630,7.20533926,13
46.83033229,7.21844582,13
46.83035677,7.23155239,13
46.83037975,7.24465897,13
46.83081032,6.02565441,13
46.83097152,6.03875908,13
46.83113122,6.05186383,13
46.83128942,6.06496865,13
46.83144611,6.07807356,13
46.83927413,7.19219156,13
46.83930162,7.20530029,13
46.83932761,7.21840904,13
46.83935210,7.23151780,13
46.84012518,6.05163213,13
46.84028341,6.06473915,13
46.84044013,6.07784624,13
46.84059535,6.09095341,13
46.84824044,7.17903948,13
46.84826944,7.19215039,13
46.84829693,7.20526131,13
46.84832293,7.21837225,13
46.84834742,7.23148320,13
46.84911913,6.05140036,13
46.84927738,6.06450957,13
46.84943413,6.07761885,13
46.84958937,6.09072821,13
46.84974311,6.10383764,13
46.85720522,7.16588302,13
46.85723573,7.17899610,13
46.85726473,7.19210920,13
46.85729223,7.20522232,13
46.85731823,7.21833544,13
46.85811307,6.05116851,13
46.85827134,6.06427991,13
46.85842812,6.07739139,13
46.85858339,6.09050294,13
46.85873716,6.10361456,13
46.85888942,6.11672626,13
46.86616848,7.15272218,13
46.86620049,7.16583744,13
46.86623101,7.17895271,13
46.86626002,7.19206801,13
46.86628752,7.20518331,13
46.86631353,7.21829863,13
46.86726530,6.06405018,13
46.86742210,6.07716385,13
46.86757739,6.09027759,13
46.86773118,6.10339140,13
46.86788347,6.11650529,13
46.86803426,6.12961926,13
46.87513021,7.13955695,13
46.87516373,7.15267439,13
46.87519575,7.16579184,13
46.87522627,7.17890931,13
46.87525529,7.19202679,13
46.87528280,7.20514429,13
46.87641606,6.07693623,13
46.87657138,6.09005216,13
46.87672520,6.10316817,13
46.87687752,6.11628426,13
46.87702833,6.12940041,13
46.87717763,6.14251664,13
46.88409041,7.12638734,13
46.88412545,7.13950695,13
46.88415898,7.15262658,13
46.88419100,7.16574623,13
46.88422153,7.17886589,13
46.88425055,7.19198557,13
46.88556536,6.08982667,13
46.88571921,6.10294487,13
46.88587154,6.11606314,13
46.88602238,6.12918149,13
46.88617171,6.14229992,13
46.88631954,6.15541841,13
46.89304909,7.11321334,13
46.89308563,7.12633513,13
46.89312067,7.13945694,13
46.89315421,7.15257876,13
46.89318624,7.16570061,13
46.89321677,7.17882246,13
46.89471320,6.10272149,13
46.89486556,6.11584196,13
46.89501642,6.12896251,13
46.89516578,6.14208312,13
46.89531363,6.15520381,13
46.89545998,6.16832457,13
46.90200624,7.10003496,13
46.90204429,7.11315892,13
46.90208084,7.12628291,13
46.90211589,7.13940691,13
46.90214943,7.15253093,13
46.90218147,7.16565496,13
46.90385957,6.11562070,13
46.90401045,6.12874344,13
46.90415983,6.14186625,13
46.90430771,6.15498914,13
46.90445408,6.16811209,13
46.90459895,6.18123512,13
46.91096186,7.08685218,13
46.91100142,7.09997833,13
46.91103948,7.11310449,13
46.91107604,7.12623067,13
46.91111109,7.13935686,13
46.91114464,7.15248308,13
46.91300447,6.12852431,13
46.91315387,6.14164932,13
46.91330177,6.15477440,13
46.91344817,6.16789955,13
46.91359306,6.18102477,13
46.91991595,7.07366502,13
46.91995702,7.08679334,13
46.91999659,7.09992168,13
46.92003466,7.11305003,13
46.92007122,7.12617841,13
46.92010628,7.13930680,13
46.92214790,6.14143231,13
46.92229583,6.15455958,13
46.92244225,6.16768693,13
46.92258716,6.18081435,13
46.92273057,6.19394183,13
46.92287248,6.20706939,13
46.92886851,7.06047346,13
46.92891109,7.07360396,13
46.92895217,7.08673447,13
46.92899175,7.09986501,13
46.92902982,7.11299556,13
46.92906639,7.12612613,13
46.93128987,6.15434470,13
46.93143631,6.16747424,13
46.93158125,6.18060385,13
46.93172468,6.19373354,13
46.93186661,6.20686329,13
46.93200704,6.21999311,13
46.93781953,7.04727751,13
46.93786363,7.06041018,13
46.93790622,7.07354287,13
46.93794731,7.08667559,13
46.93798689,7.09980832,13
46.93802497,7.11294107,13
46.94028389,6.15412974,13
46.94043036,6.16726148,13
46.94057532,6.18039329,13
46.94071878,6.19352518,13
46.94086073,6.20665713,13
46.94100118,6.21978915,13
46.94114012,6.23292123,13
46.94127756,6.24605339,13
46.94141349,6.25918560,13
46.94672190,7.02094234,13
46.94676902,7.03407716,13
46.94681463,7.04721201,13
46.94685874,7.06034688,13
46.94690134,7.07348177,13
46.94694243,7.08661668,13
46.94698202,7.09975161,13
46.94956938,6.18018266,13
46.94971286,6.19331675,13
46.94985484,6.20645089,13
46.94999531,6.21958511,13
46.95013428,6.23271940,13
46.95027174,6.24585375,13
46.95040769,6.25898817,13
46.95054214,6.27212265,13
46.95067508,6.28525720,13
46.95566835,7.00773542,13
46.95571698,7.02087242,13
46.95576410,7.03400945,13
46.95580972,7.04714649,13
46.95585383,7.06028356,13
46.95589644,7.07342065,13
46.95593754,7.08655776,13
46.95870693,6.19310825,13
46.95884893,6.20624459,13
46.95898943,6.21938101,13
46.95912841,6.23251750,13
46.95926590,6.24565405,13
46.95940187,6.25879066,13
46.95953634,6.27192735,13
46.95966931,6.28506409,13
46.95980077,6.29820090,13
46.95993072,6.31133778,13
46.96005917,6.32447471,13
46.96456160,6.98138495,13
46.96461325,6.99452410,13
46.96466340,7.00766328,13
46.96471203,7.02080248,13
46.96475917,7.03394170,13
46.96480479,7.04708095,13
46.96484891,7.06022022,13
46.96798353,6.21917684,13
46.96812254,6.23231553,13
46.96826004,6.24545428,13
46.96839604,6.25859310,13
46.96853054,6.27173198,13
46.96866352,6.28487092,13
46.96879500,6.29800994,13
46.96892498,6.31114901,13
46.96905345,6.32428815,13
46.96918041,6.33742734,13
46.96930586,6.35056660,13
46.97344879,6.95502576,13
46.97350346,6.96816706,13
46.97355662,6.98130839,13
46.97360828,6.99444974,13
46.97365843,7.00759112,13
46.97370708,7.02073252,13
46.97375422,7.03387394,13
46.97379985,7.04701539,13
46.97739020,6.25839546,13
46.97752471,6.27153655,13
46.97765772,6.28467769,13
46.97778922,6.29781890,13
46.97791922,6.31096018,13
46.97804771,6.32410152,13
46.97817469,6.33724292,13
46.97830017,6.35038437,13
46.97842414,6.36352589,13
46.97854660,6.37666747,13
46.98238759,6.94180129,13
46.98244377,6.95494477,13
46.98249845,6.96808827,13
46.98255163,6.98123180,13
46.98260329,6.99437535,13
46.98265345,7.00751893,13
46.98270211,7.02066253,13
46.98274926,7.03380616,13
46.98651887,6.27134105,13
46.98665190,6.28448440,13
46.98678343,6.29762781,13
46.98691344,6.31077129,13
46.98704196,6.32391483,13
46.98716896,6.33705843,13
46.98729446,6.35020209,13
46.98741845,6.36334581,13
46.98754093,6.37648959,13
46.98766191,6.38963343,13
46.99126564,6.91542681,13
46.99132485,6.92857243,13
46.99138255,6.94171808,13
46.99143875,6.95486375,13
46.99149343,6.96800946,13
46.99154662,6.98115519,13
46.99159829,6.99430094,13
46.99164846,7.00744672,13
46.99603619,6.32372807,13
46.99616321,6.33687388,13
46.99628873,6.35001974,13
46.99641274,6.36316566,13
46.99653525,6.37631165,13
46.99665625,6.38945769,13
46.99677574,6.40260379,13
46.99689372,6.41574994,13
46.99701020,6.42889616,13
46.99723863,6.45518875,13
46.99746104,6.48148156,13
46.99950972,6.77071517,13
46.99958551,6.78386263,13
46.99965980,6.79701014,13
47.00007387,6.87589586,13
47.00013761,6.88904360,13
47.00019984,6.90219136,13
47.00026057,6.91533916,13
47.00031979,6.92848698,13
47.00037750,6.94163483,13
47.00043370,6.95478271,13
47.00048840,6.96793062,13
47.00054159,6.98107855,13
47.00059328,6.99422650,13
47.00528299,6.34983733,13
47.00540702,6.36298546,13
47.00552955,6.37613364,13
47.00565057,6.38928189,13
47.00577008,6.40243019,13
47.00588808,6.41557855,13
47.00600458,6.42872697,13
47.00611957,6.44187544,13
47.00623305,6.45502397,13
47.00634502,6.46817255,13
47.00645549,6.48132118,13
47.00656445,6.49446987,13
47.00667191,6.50761861,13
47.00677786,6.52076740,13
47.00688230,6.53391625,13
47.00826805,6.73115448,13
47.00834838,6.74430403,13
47.00842720,6.75745363,13
47.00850451,6.77060326,13
47.00858031,6.78375292,13
47.00865461,6.79690263,13
47.00872740,6.81005237,13
47.00879869,6.82320214,13
47.00886847,6.83635195,13
47.00893674,6.84950179,13
47.00900350,6.86265167,13
47.00906876,6.87580157,13
47.00913251,6.88895151,13
47.00919475,6.90210148,13
47.00925548,6.91525148,13
47.00931471,6.92840150,13
47.00937243,6.94155156,13
47.00942865,6.95470164,13
47.00948335,6.96785175,13
47.01452383,6.37595558,13
47.01464487,6.38910603,13
47.01476440,6.40225654,13
47.01488242,6.41540710,13
47.01499894,6.42855772,13
47.01511395,6.44170840,13
47.01522745,6.45485913,13
47.01533944,6.46800991,13
47.01544993,6.48116075,13
47.01555891,6.49431164,13
47.01566638,6.50746259,13
47.01577235,6.52061358,13
47.01587680,6.53376463,13
47.01597975,6.54691573,13
47.01608120,6.56006687,13
47.01618113,6.57321807,13
47.01627956,6.58636931,13
47.01637648,6.59952060,13
47.01647189,6.61267193,13
47.01656580,6.62582331,13
47.01665820,6.63897474,13
47.01674909,6.65212621,13
47.01683847,6.66527772,13
47.01692635,6.67842928,13
47.01701272,6.69158088,13
47.01709758,6.70473252,13
47.01718094,6.71788420,13
47.01726278,6.73103592,13
47.01734312,6.74418768,13
47.01742196,6.75733947,13
47.01749928,6.77049131,13
47.01757510,6.78364318,13
47.01764941,6.79679509,13
47.01772222,6.80994703,13
47.01779351,6.82309901,13
47.01786330,6.83625102,13
47.01793158,6.84940307,13
47.01799836,6.86255515,13
47.01806362,6.87570726,13
47.01812738,6.88885940,13
47.01818964,6.90201157,13
47.01825038,6.91516377,13
47.02375871,6.40208283,13
47.02387675,6.41523560,13
47.02399329,6.42838842,13
47.02410831,6.44154130,13
47.02422183,6.45469424,13
47.02433384,6.46784723,13
47.02444435,6.48100027,13
47.02455335,6.49415337,13
47.02466084,6.50730651,13
47.02476682,6.52045971,13
47.02487129,6.53361297,13
47.02497426,6.54676627,13
47.02507572,6.55991962,13
47.02517567,6.57307301,13
47.02527412,6.58622646,13
47.02537105,6.59937995,13
47.02546648,6.61253349,13
47.02556040,6.62568708,13
47.02565282,6.63884071,13
47.02574372,6.65199438,13
47.02583312,6.66514810,13
47.02592101,6.67830186,13
47.02600740,6.69145566,13
47.02609227,6.70460951,13
47.02617564,6.71776339,13
47.02625750,6.73091732,13
47.02633786,6.74407128,13
47.02641670,6.75722528,13
47.02649404,6.77037932,13
47.02656987,6.78353340,13
47.02664419,6.79668751,13
47.02671701,6.80984166,13
47.02678832,6.82299584,13
47.02685812,6.83615006,13
47.02692641,6.84930431,13
47.02699320,6.86245859,13
47.02705847,6.87561291,13
47.02712224,6.88876725,13
47.02718451,6.90192163,13
47.02724526,6.91507603,13
47.03298762,6.42821906,13
47.03321620,6.45452929,13
47.03343875,6.48083973,13
47.03354777,6.49399503,13
47.03365528,6.50715039,13
47.03376128,6.52030579,13
47.03386577,6.53346125,13
47.03396875,6.54661676,13
47.03407023,6.55977231,13
47.03417020,6.57292791,13
47.03426866,6.58608357,13
47.03436561,6.59923926,13
47.03446105,6.61239501,13
47.03455499,6.62555080,13
47.03464742,6.63870663,13
47.03473834,6.65186251,13
47.03482776,6.66501844,13
47.03491566,6.67817440,13
47.03500206,6.69133041,13
47.03508695,6.70448646,13
47.03517033,6.71764255,13
47.03525221,6.73079868,13
47.03533257,6.74395485,13
47.03541143,6.75711106,13
47.03548878,6.77026730,13
47.03556463,6.78342358,13
47.03563896,6.79657990,13
47.03598802,6.86236200,13
47.03605331,6.87551852,13
47.04286023,6.53330948,13
47.04296323,6.54646720,13
47.04306472,6.55962496,13
47.04316471,6.57278277,13
47.04326318,6.58594062,13
47.04336015,6.59909853,13
47.04345561,6.61225648,13
47.04354956,6.62541448,13
47.04364201,6.63857252,13
47.04373294,6.65173060,13
47.04382237,6.66488873,13
47.04391029,6.67804690,13
47.04399670,6.69120512,13
47.04408161,6.70436337,13
47.04416501,6.71752167,13
47.04424689,6.73068000,13
