45.819314909129,7.263670499308,12
45.819334221058,7.276535659542,12
45.819352058793,7.289400828931,12
45.819368422335,7.302266006749,12
45.816850500691,8.202806062529,12
45.816762196530,8.215669981470,12
45.816672418177,8.228533856520,12
45.816581165630,8.241397686953,12
45.828310014245,7.263641835207,12
45.828329329427,7.276509103094,12
45.828347170167,7.289376380138,12
45.828363536466,7.302243665611,12
45.825845190668,8.202931257209,12
45.825756871633,8.215797283805,12
45.825667078155,8.228663266510,12
45.825575810237,8.241529204597,12
45.825483067877,8.254395097341,12
45.837284341313,7.250743794852,12
45.837305134437,7.263613161237,12
45.837324452872,7.276482537505,12
45.837342296617,7.289351922928,12
45.837358665672,7.302221316781,12
45.834751561810,8.215924629964,12
45.834661753210,8.228792721049,12
45.834570469919,8.241660767516,12
45.834477711939,8.254528768640,12
45.834383479269,8.267396723693,12
45.846279472845,7.250713001909,12
45.846300269471,7.263584477400,12
45.846319591159,7.276455962773,12
45.846337437909,7.289327457303,12
45.843656443106,8.228922220137,12
45.843565144444,8.241792375710,12
45.843472370844,8.254662485939,12
45.843378122305,8.267532550098,12
45.855274618986,7.250682198373,12
45.855295419114,7.263555783695,12
45.855314744055,7.276429378900,12
45.855332593809,7.289302983261,12
45.852651147611,8.229051763774,12
45.852559833577,8.241924029178,12
45.852467044357,8.254796249239,12
45.852372779950,8.267668423229,12
45.864247500440,7.237775698975,12
45.864269779503,7.250651384244,12
45.864290583132,7.263527080123,12
45.864309911326,7.276402785885,12
45.861645866492,8.229181351960,12
45.861554537086,8.242055727921,12
45.861461732246,8.254930058539,12
45.861367451971,8.267804343085,12
45.873242671349,7.237742762971,12
45.873264954162,7.250620559522,12
45.873285761293,7.263498366683,12
45.873305092740,7.276376183727,12
45.870640599515,8.229310984695,12
45.870549254738,8.242187471939,12
45.870456434277,8.255063913839,12
45.870362138133,8.267940309668,12
45.870266366306,8.280816658699,12
45.882214093673,7.224829918424,12
45.882237856167,7.237709815648,12
45.882260142730,7.250589724207,12
45.882280953362,7.263469643376,12
45.879543986298,8.242319261231,12
45.879451150217,8.255197815139,12
45.879356838205,8.268076322976,12
45.879261050261,8.280954784015,12
45.891209288168,7.224794847049,12
45.891233054661,7.237676857006,12
45.891255344974,7.250558878299,12
45.891276159107,7.263440910201,12
45.888538731533,8.242451095798,12
45.888445879832,8.255331762439,12
45.888351551952,8.268212383009,12
45.888255747891,8.281092956782,12
45.888158467651,8.293973483032,12
45.900179249187,7.211875652276,12
45.900204496106,7.224759763629,12
45.900228266597,7.237643887045,12
45.900250560660,7.250528021798,12
45.900271378294,7.263412167159,12
45.897440622890,8.255465755740,12
45.897346279141,8.268348489769,12
45.897250458964,8.281231177001,12
45.897153162358,8.294113816709,12
45.909174466087,7.211838442628,12
45.909199717253,7.224724668166,12
45.909223491742,7.237610905766,12
45.909245789554,7.250497154703,12
45.906435379157,8.255599795040,12
45.906341019539,8.268484643254,12
45.906245183245,8.281369444671,12
45.906147870275,8.294254198564,12
45.918169695963,7.211801220210,12
45.918194951375,7.224689560658,12
45.918218729862,7.237577913169,12
45.918241031424,7.250466277015,12
45.915430148399,8.255733880342,12
45.915335772913,8.268620843466,12
45.915239920502,8.281507759792,12
45.927164938581,7.211763985022,12
45.927190198239,7.224654441106,12
45.927213980725,7.237544909252,12
45.927236286037,7.250435388735,12
45.924424930383,8.255868011643,12
45.924330539029,8.268757090402,12
45.924234670501,8.281646122365,12
45.924137324800,8.294535106803,12
45.936133452382,7.198834177409,12
45.936160193708,7.211726737065,12
45.936185457613,7.224619309510,12
45.936209244096,7.237511894017,12
45.936231553158,7.250404489861,12
45.933419724877,8.256002188944,12
45.933325317653,8.268893384065,12
45.933229433009,8.281784532389,12
45.933132070943,8.294675633188,12
45.945128715289,7.198794799595,12
45.945155461110,7.211689476337,12
45.945180729261,7.224584165869,12
45.945204519743,7.237478867463,12
45.942414531645,8.256136412246,12
45.942320108554,8.269029724454,12
45.942224207792,8.281922989864,12
45.954123990239,7.198755408286,12
45.954150740555,7.211652202840,12
45.954176012953,7.224549010184,12
45.954199807432,7.237445829591,12
45.951502311499,8.243375205457,12
45.951409350457,8.256270681548,12
45.951314911496,8.269166111568,12
45.951218994618,8.282061494791,12
45.963091044021,7.185817103904,12
45.963119276998,7.198716003481,12
45.963146031808,7.211614916573,12
45.963171308452,7.224513842455,12
45.960497157739,8.243507402221,12
45.960404181076,8.256404996850,12
45.960309726248,8.269302545408,12
45.960213793253,8.282200047169,12
45.972086337612,7.185775566341,12
45.972114575332,7.198676585181,12
45.972141334637,7.211577617537,12
45.972166615528,7.224478662682,12
45.969492015555,8.243639644260,12
45.969399023272,8.256539358152,12
45.969304552575,8.269439025974,12
45.969208603463,8.282338646998,12
45.981051921419,7.172830889970,12
45.981081642545,7.185734014556,12
45.981109885008,7.198637153385,12
45.981136648808,7.211540305730,12
45.981161933946,7.224443470865,12
45.978486884712,8.243771931574,12
45.978393876810,8.256673765455,12
45.978299390244,8.269575553265,12
45.978203425015,8.282477294278,12
45.990047232469,7.172787203250,12
45.990076958587,7.185692448551,12
45.990105205793,7.198597708095,12
45.990131974089,7.211502981154,12
45.987481764979,8.243904264162,12
45.987388741456,8.256808218758,12
45.987294239022,8.269712127283,12
45.987198257677,8.282615989010,12
45.987100797420,8.295519803214,12
45.999042554395,7.172743501584,12
45.999072285505,7.185650868325,12
45.999100537454,7.198558249309,12
45.999127310244,7.211465643808,12
45.996476656122,8.244036642025,12
45.996383616979,8.256942718061,12
45.996289098676,8.269848748026,12
45.996193101214,8.282754731194,12
46.008006671455,7.159790311034,12
46.008037886964,7.172699784971,12
46.008067623065,7.185609273878,12
46.008095879757,7.198518777027,12
46.005471557906,8.244169065163,12
46.005378503143,8.257077263364,12
46.005283968972,8.269985415495,12
46.005187955393,8.282893520828,12
46.017002009192,7.159744456583,12
46.017033229941,7.172656053412,12
46.017062971033,7.185567665210,12
46.017091232469,7.198479291250,12
46.017118014249,7.211390930807,12
46.014558060827,8.231391167138,12
46.014466470100,8.244301533575,12
46.014373399716,8.257211854668,12
46.014278849677,8.270122129690,12
46.014182819981,8.283032357914,12
46.026028583094,7.172612306906,12
46.026058329178,7.185526042321,12
46.026086595357,7.198439791978,12
46.026113381631,7.211353555152,12
46.023461392469,8.244434047262,12
46.023368306465,8.257346491971,12
46.023273740557,8.270258890610,12
46.023177694744,8.283171242451,12
46.035023946189,7.172568545454,12
46.035053697264,7.185484405211,12
46.035081968187,7.198400279211,12
46.035108758956,7.211316166727,12
46.032456324780,8.244566606224,12
46.032363223156,8.257481175275,12
46.032268641380,8.270395698256,12
46.032172579450,8.283310174440,12
46.044019318993,7.172524769056,12
46.044049075060,7.185442753881,12
46.044077350725,7.198360752948,12
46.044104145989,7.211278765532,12
46.044129460852,7.224196790905,12
46.041358149556,8.257615904579,12
46.041263551911,8.270532552628,12
46.041167473864,8.283449153880,12
46.041069915417,8.296365707608,12
46.053044462331,7.185401088329,12
46.053072742739,7.198321213190,12
46.053099542498,7.211241351567,12
46.053124861608,7.224161502734,12
46.050353085432,8.257750679884,12
46.050258471918,8.270669453726,12
46.050162377755,8.283588180771,12
46.050064802942,8.296506860292,12
46.062039858844,7.185359408557,12
46.062068143996,7.198281659937,12
46.062094948250,7.211203924833,12
46.062120271605,7.224126202518,12
46.059253401167,8.270806401550,12
46.059157290887,8.283727255114,12
46.059059699709,8.296648061154,12
46.058960627633,8.309568818943,12
46.071063554261,7.198242093188,12
46.071090363010,7.211166485329,12
46.071115690612,7.224090890259,12
46.071139537068,7.237015307251,12
46.068248339425,8.270943396099,12
46.068152213028,8.283866376908,12
46.068054605485,8.296789310192,12
46.067955516795,8.309712195226,12
46.080058973302,7.198202512944,12
46.080085786545,7.211129033055,12
46.080111118394,7.224055565955,12
46.080134968848,7.236982110917,12
46.077337947578,8.258155281798,12
46.077243286459,8.271080437374,12
46.077147143945,8.284005546153,12
46.077049520037,8.296930607408,12
46.076950414733,8.309855620412,12
46.089081218623,7.211091568011,12
46.089106554719,7.224020229607,12
46.089130409171,7.236948903265,12
46.089152781980,7.249877588259,12
46.086426114367,8.245362910761,12
46.086332919023,8.258290241104,12
46.086238242035,8.271217525375,12
46.086142083404,8.284144762850,12
46.086044443131,8.297071952800,12
46.098076659010,7.211054090197,12
46.098101999352,7.223984881214,12
46.098125857802,7.236915684294,12
46.098148234362,7.249846498710,12
46.095421109741,8.245495786645,12
46.095327898776,8.258425246409,12
46.095233205920,8.271354660102,12
46.095137031172,8.284284026998,12
46.107072107473,7.211016599614,12
46.107097452061,7.223949520778,12
46.107121314509,7.236882454004,12
46.107143694818,7.249815398567,12
46.107164592988,7.262748353738,12
46.104416113190,8.245628707804,12
46.104322886605,8.258560297715,12
46.104228177880,8.271491841554,12
46.104131987016,8.284423338597,12
46.116092912612,7.223914148297,12
46.116116779059,7.236849212396,12
46.116139163118,7.249784287831,12
46.116160064788,7.262719373875,12
46.113502884298,8.232827908111,12
46.113411124481,8.245761674238,12
46.113317882276,8.258695395021,12
46.113223157683,8.271629069733,12
46.113126950702,8.284562697647,12
46.125088380772,7.223878763772,12
46.125112251217,7.236815959469,12
46.125134639026,7.249753166501,12
46.125155544198,7.262690384143,12
46.122406143381,8.245894685946,12
46.122312885556,8.258830538327,12
46.122218145094,8.271766344637,12
46.122121921996,8.284702104149,12
46.134107730751,7.236782695223,12
46.134130122309,7.249722034579,12
46.134151030983,7.262661384544,12
46.134170456772,7.275600744393,12
46.131492960218,8.233089712881,12
46.131401169657,8.246027742929,12
46.131307896211,8.258965727633,12
46.131213139881,8.271903666267,12
46.143103217426,7.236749419659,12
46.143125612735,7.249690892064,12
46.143146524910,7.262632375078,12
46.143165953952,7.275573867975,12
46.140578331807,8.220280474375,12
46.140488009008,8.233220682090,12
46.140396203075,8.246160845187,12
46.140302914009,8.259100962940,12
46.140208141810,8.272041034622,12
46.152098711011,7.236716132776,12
46.152121110069,7.249659738955,12
46.152142025746,7.262603355744,12
46.152161458042,7.275546982416,12
46.149573402629,8.220409354359,12
46.149483064706,8.233351695847,12
46.149391243402,8.246293992719,12
46.149297938716,8.259236244247,12
46.161094211272,7.236682834574,12
46.161116614080,7.249628575254,12
46.161137533258,7.262574326543,12
46.161156968807,7.275520087714,12
46.158657349544,8.207593758286,12
46.158568480127,8.220538278165,12
46.158478127080,8.233482754154,12
46.158386290404,8.246427185526,12
46.158292970098,8.259371571554,12
46.170112124532,7.249597400959,12
46.170133047212,7.262545287474,12
46.170152486014,7.275493183871,12
46.170170440937,7.288441089424,12
46.167739848773,8.194773892421,12
46.167652448359,8.207720590690,12
46.167563564067,8.220667245796,12
46.167473195897,8.233613857010,12
46.179085230886,7.236616204214,12
46.179107641193,7.249566216071,12
46.179128567375,7.262516238537,12
46.179148009430,7.275466270886,12
46.179165967358,7.288416312390,12
46.179182441160,7.301366362324,12
46.176734968424,8.194898631972,12
46.176647553383,8.207847466193,12
46.176558654216,8.220796257249,12
46.176468270922,8.233745004415,12
46.188103163830,7.249535020590,12
46.188124093513,7.262487179733,12
46.188143538821,7.275439348758,12
46.188161499755,7.288391526940,12
46.188177976313,7.301343713550,12
46.185730094051,8.195023413896,12
46.185642664383,8.207974384793,12
46.185553750340,8.220925312527,12
46.185463351923,8.233876196369,12
46.197119625394,7.262458111061,12
46.197139073955,7.275412417489,12
46.197157037893,7.288366733072,12
46.197173517208,7.301321057085,12
46.197188511901,7.314275388801,12
46.194637781124,8.208101346492,12
46.194548852207,8.221054411628,12
46.194458438666,8.234007432873,12
46.206134614597,7.275385477077,12
46.206152581541,7.288341930789,12
46.206169063612,7.301298392930,12
46.206184060813,7.314254862773,12
46.203632903375,8.208228351289,12
46.203543959582,8.221183554552,12
46.203453530918,8.234138713925,12
46.215130160516,7.275358527524,12
46.215148130464,7.288317120089,12
46.215164615292,7.301275721083,12
46.215179615001,7.314234329780,12
46.215193129590,7.327192945453,12
46.212628030901,8.208355399183,12
46.212539072233,8.221312741300,12
46.212448628446,8.234270039527,12
46.212356699538,8.247227293136,12
46.224143684429,7.288292300973,12
46.224160172014,7.301253041546,12
46.224175174230,7.314213789822,12
46.224188691079,7.327174545074,12
46.224200722560,7.340135306575,12
46.221796654452,8.182563398018,12
46.221710651645,8.195522965316,12
46.221623163470,8.208482490176,12
46.221534189926,8.221441971872,12
46.221443731015,8.234401409677,12
46.221351786736,8.247360802865,12
46.233139243203,7.288267473440,12
46.233155733544,7.301230354318,12
46.233170738269,7.314193242898,12
46.233184257378,7.327156138455,12
46.233196290870,7.340119040261,12
46.233206838746,7.353081947589,12
46.230791820835,8.182686251500,12
46.230705803649,8.195647959102,12
46.230618300847,8.208609624266,12
46.230529312429,8.221571246267,12
46.230438838394,8.234532824377,12
46.230346878743,8.247494357869,12
46.242166306884,7.314172689009,12
46.242179828252,7.327137725596,12
46.242191863756,7.340102768432,12
46.242202413395,7.353067816791,12
46.242211477169,7.366032869945,12
46.242219055079,7.378997927169,12
46.239871537492,8.169845256285,12
46.239786991793,8.182809146628,12
46.239700960229,8.195772995260,12
46.239613442800,8.208736801455,12
46.251161879840,7.314152128155,12
46.251175403469,7.327119306497,12
46.251187440984,7.340086491089,12
46.251197992386,7.353053681203,12
46.251207057675,7.366020876114,12
46.251214636852,7.378988075093,12
46.251220729915,7.391955277416,12
46.248866726923,8.169966051305,12
46.248782167093,8.182932083403,12
46.248696121151,8.195898073791,12
46.248608589095,8.208864021742,12
46.260170982794,7.327100881159,12
46.260183022321,7.340070208232,12
46.260193575486,7.353039540827,12
46.260202642290,7.366008878219,12
46.260210222733,7.378978219680,12
46.260216316814,7.391947564483,12
46.260220924535,7.404916911903,12
46.257945008061,8.157118671682,12
46.257861920462,8.170086887246,12
46.257777346503,8.183055061826,12
46.257691286181,8.196023194695,12
46.257603739499,8.208991285126,12
46.269189162462,7.353025395662,12
46.269198230781,7.365996876261,12
46.269205812490,7.378968360929,12
46.269211907589,7.391939848939,12
46.269216516079,7.404911339565,12
46.266940219358,8.157237405338,12
46.266857117877,8.170207764108,12
46.266772529787,8.183178081895,12
46.266686455088,8.196148357970,12
46.278193822913,7.365984870240,12
46.278201405889,7.378958498840,12
46.278207502007,7.391932130783,12
46.278212111267,7.404905765341,12
46.278215233668,7.417879401789,12
46.275935434297,8.157356179189,12
46.275852318935,8.170328681892,12
46.275767716715,8.183301143611,12
46.275681627636,8.196273563619,12
46.287197002697,7.378948633414,12
46.287203099833,7.391924410014,12
46.287207709863,7.404900189231,12
46.287210832786,7.417875970337,12
46.285012294783,8.144500305618,12
46.284930652645,8.157474993236,12
46.284847523401,8.170449640597,12
46.284762907051,8.183424246973,12
46.296192602680,7.378938764650,12
46.296198700835,7.391916686634,12
46.296203311634,7.404894611234,12
46.296206435079,7.417872537723,12
46.294007529940,8.144617014478,12
46.293925874168,8.157593847479,12
46.293842731043,8.170570640223,12
46.293758100562,8.183547391983,12
46.305194304778,7.391908960641,12
46.305198916348,7.404889031350,12
46.305202040314,7.417869103949,12
46.305203676677,7.430849177710,12
46.303082949841,8.131754744166,12
46.303002768039,8.144733762807,12
46.302921098634,8.157712741918,12
46.302837941626,8.170691680771,12
46.302753297016,8.183670578640,12
46.314189911431,7.391901232037,12
46.314194523770,7.404883449581,12
46.314197648258,7.417865669013,12
46.314199284895,7.430847889609,12
46.312078204034,8.131869385131,12
46.311998008847,8.144850550607,12
46.311916325809,8.157831676552,12
46.311833154919,8.170812762240,12
46.323185520560,7.391893500821,12
46.323190133669,7.404877865924,12
46.323193258678,7.417862232917,12
46.323194895588,7.430846601073,12
46.323195044397,7.443830969665,12
46.321073460703,8.131984064841,12
46.320993252131,8.144967377877,12
46.320911555459,8.157950651382,12
46.320828370688,8.170933884630,12
46.332185745809,7.404872280382,12
46.332188871340,7.417858795660,12
46.332190508523,7.430845312102,12
46.332190657357,7.443831828979,12
46.332189317844,7.456818345566,12
46.330147453223,8.119113283171,12
46.330068719614,8.132098783296,12
46.329988497657,8.145084244617,12
46.329906787351,8.158069666408,12
46.341181359958,7.404866692952,12
46.341184486011,7.417855357242,12
46.341186123467,7.430844022695,12
46.341186272326,7.443832688583,12
46.341184932590,7.456821354181,12
46.341182104256,7.469810018762,12
46.339219985429,8.106238204145,12
46.339142727280,8.119225891359,12
46.339063980534,8.132213540495,12
46.338983745191,8.145201150828,12
46.338902021253,8.158188721630,12
46.350180102457,7.417851917663,12
46.350181740186,7.430842732853,12
46.350181889071,7.443833548478,12
46.350180549110,7.456824363813,12
46.350177720305,7.469815178130,12
46.350173402656,7.482805990704,12
46.348215274150,8.106348700615,12
46.348138003112,8.119338537566,12
46.348059243229,8.132328336439,12
46.347978994502,8.145318096509,12
46.359177358448,7.430841442575,12
46.359177507357,7.443834408663,12
46.359176167173,7.456827374460,12
46.359173337897,7.469820339240,12
46.359169019527,7.482813302276,12
46.359163212064,7.495806262841,12
46.359155915509,7.508799220208,12
46.357210564413,8.106459234379,12
46.357133280487,8.119451221792,12
46.357054507467,8.132443171128,12
46.356974245354,8.145435081660,12
46.368173126953,7.443835269138,12
46.368171786545,7.456830386123,12
46.368168956797,7.469825502091,12
46.368164637707,7.482820616314,12
46.368158829276,7.495815728067,12
46.368151531503,7.508810836623,12
46.368142744389,7.521805941255,12
46.368132467934,7.534801041235,12
46.366281663459,8.093575629485,12
46.366205855985,8.106569805437,12
46.366128559170,8.119563944037,12
46.366049773014,8.132558044561,12
46.365969497516,8.145552106281,12
46.377164576773,7.469830666683,12
46.377160256963,7.482827932820,12
46.377154447563,7.495825196486,12
46.377147148573,7.508822456956,12
46.377138359994,7.521819713501,12
46.377128081826,7.534816965395,12
46.377116314067,7.547814211912,12
46.377103056719,7.560811452325,12
46.377088309782,7.573808685907,12
46.375276968747,8.093684085923,12
46.375201148633,8.106680413788,12
46.375123838929,8.119676704302,12
46.375045039636,8.132672956739,12
46.386155877060,7.482835251793,12
46.386150066692,7.495834668098,12
46.386142766486,7.508834081206,12
46.386133976442,7.521833490390,12
46.386123696559,7.534832894924,12
46.386111926839,7.547832294080,12
46.386098667281,7.560831687132,12
46.386083917885,7.573831073353,12
46.386067678651,7.586830452017,12
46.386049949578,7.599829822397,12
46.384346617793,8.080794061800,12
46.384272274877,8.093792578928,12
46.384196442123,8.106791059432,12
46.384119119530,8.119789502586,12
46.384040307100,8.132787907662,12
46.395138385007,7.508845709375,12
46.395129593498,7.521847271923,12
46.395119311902,7.534848829821,12
46.395107540220,7.547850382342,12
46.395094278452,7.560851928758,12
46.395079526597,7.573853468344,12
46.395063284656,7.586855000373,12
46.395045552629,7.599856524118,12
46.395026330515,7.612858038852,12
46.395005618315,7.625859543848,12
46.393624457293,8.028897404332,12
46.393556062330,8.041898214054,12
46.393486177281,8.054898990059,12
46.393414802145,8.067899731619,12
46.393341936924,8.080900438009,12
46.393267581616,8.093901108502,12
46.393191736221,8.106901742370,12
46.393114400741,8.119902338888,12
46.404103153976,7.547868476699,12
46.404089889998,7.560872177206,12
46.404075135685,7.573875870882,12
46.404058891037,7.586879557000,12
46.404041156054,7.599883234835,12
46.404021930737,7.612886903659,12
46.404001215085,7.625890562746,12
46.403979009099,7.638894211368,12
46.403955312777,7.651897848800,12
46.403930126122,7.664901474315,12
46.403373486124,7.859953932823,12
46.402752165601,8.002989174154,12
46.402686739909,8.015992203220,12
46.402619823883,8.028995200023,12
46.402551417521,8.041998163835,12
46.402481520826,8.055001093930,12
46.402410133795,8.068003989581,12
46.402337256430,8.081006850061,12
46.402262888730,8.094009674643,12
46.402187030695,8.107012462602,12
46.402109682326,8.120015213210,12
46.413070744915,7.573898280964,12
46.413054497560,7.586904121899,12
46.413036759622,7.599909954549,12
46.413017531101,7.612915778189,12
46.412996811998,7.625921592091,12
46.412974602311,7.638927395530,12
46.412950902041,7.651933187777,12
46.412925711189,7.664938968108,12
46.412899029753,7.677944735794,12
46.412870857734,7.690950490110,12
46.412368978438,7.860023748850,12
46.412319938257,7.873029239677,12
46.412269407494,7.886034706232,12
46.412108871705,7.925050953009,12
46.412052378609,7.938056315215,12
46.411994394930,7.951061649517,12
46.411934920669,7.964066955189,12
46.411873955824,7.977072231504,12
46.411811500396,7.990077477734,12
46.411747554385,8.003082693154,12
46.411682117792,8.016087877036,12
46.411615190615,8.029093028654,12
46.411546772855,8.042098147282,12
46.411476864513,8.055103232192,12
46.422013131375,7.612944662441,12
46.421992408819,7.625952631885,12
46.421970195432,7.638960590865,12
46.421946491214,7.651968538653,12
46.421921296165,7.664976474525,12
46.421894610284,7.677984397753,12
46.421866433572,7.690992307610,12
46.421836766028,7.704000203369,12
46.421805607653,7.717008084305,12
46.421772958447,7.730015949690,12
46.421458094869,7.834078225745,12
46.421412028181,7.847085918474,12
46.421364470662,7.860093588386,12
46.421315422311,7.873101234753,12
46.421264883129,7.886108856850,12
46.421212853115,7.899116453950,12
46.421159332270,7.912124025325,12
46.421104320594,7.925131570250,12
46.421047818086,7.938139087998,12
46.420989824748,7.951146577842,12
46.420930340577,7.964154039055,12
46.420869365576,7.977161470910,12
46.420806899743,7.990168872682,12
46.420742943079,8.003176243643,12
46.420677495583,8.016183583066,12
46.420610557256,8.029190890226,12
46.430965788229,7.638993797373,12
46.430942080063,7.652003901429,12
46.430916880816,7.665013993567,12
46.430862009084,7.691034139185,12
46.430832336599,7.704044191211,12
46.430801173034,7.717054228414,12
46.430768518389,7.730064250066,12
46.430734372665,7.743074255440,12
46.430698735861,7.756084243810,12
46.430582878971,7.795114099631,12
46.430541277848,7.808124012718,12
46.430498185646,7.821133905169,12
46.430453602364,7.834143776255,12
46.430407528002,7.847153625251,12
46.430359962561,7.860163451429,12
46.430310906040,7.873173254064,12
46.430260358439,7.886183032427,12
46.430208319759,7.899192785794,12
46.430154789999,7.912202513436,12
46.430099769159,7.925212214628,12
46.429985254240,7.951231534753,12
46.429925760162,7.964241152232,12
46.429864775003,7.977250740355,12
46.429802298765,7.990260298393,12
46.429738331448,8.003269825621,12
46.429672873050,8.016279321311,12
46.439857584040,7.691075984836,12
46.439827906612,7.704088193855,12
46.439796737857,7.717100388050,12
46.439764077774,7.730112566694,12
46.439729926363,7.743124729061,12
46.439694283624,7.756136874423,12
46.439657149556,7.769149002055,12
46.439618524161,7.782161111230,12
46.439578407438,7.795173201221,12
46.439536799387,7.808185271301,12
46.439493700008,7.821197320743,12
46.439449109300,7.834209348822,12
46.439403027265,7.847221354810,12
46.439355453902,7.860233337981,12
46.439306389211,7.873245297608,12
46.439255833192,7.886257232964,12
46.438860183873,7.977340039837,12
46.438797697230,7.990351754868,12
46.448823475834,7.704132211300,12
46.448792301889,7.717146563213,12
46.448759636367,7.730160899575,12
46.448725479269,7.743175219659,12
46.448689830595,7.756189522740,12
46.448652690344,7.769203808090,12
46.448614058517,7.782218074982,12
46.448573935114,7.795232322691,12
46.448532320134,7.808246550489,12
46.448489213578,7.821260757649,12
46.448444615446,7.834274943446,12
46.448398525737,7.847289107152,12
46.457755193936,7.730209248708,12
46.457721031152,7.743225727236,12
46.457685376542,7.756242188760,12
46.457648230108,7.769258632553,12
46.457609591849,7.782275057889,12
46.466643768614,7.769313475446,12
