46.375551500123,6.832976732235,12
46.375620170206,6.845973229268,12
46.375687350700,6.858969759437,12
46.375753041604,6.871966322015,12
46.375817242919,6.884962916276,12
46.375879954644,6.897959541493,12
46.384331868397,6.793880676324,12
46.384405019443,6.806879222228,12
46.384476680650,6.819877803448,12
46.384546852020,6.832876419257,12
46.384615533552,6.845875068929,12
46.384682725246,6.858873751737,12
46.384748427102,6.871872466955,12
46.384812639119,6.884871213855,12
46.384875361299,6.897869991711,12
46.384936593641,6.910868799796,12
46.384996336145,6.923867637384,12
46.385054588811,6.936866503748,12
46.392939017579,6.728770928272,12
46.393019631250,6.741771440061,12
46.393098754834,6.754771990799,12
46.393176388332,6.767772579759,12
46.393252531744,6.780773206216,12
46.393327185069,6.793773869442,12
46.393400348308,6.806774568710,12
46.393472021461,6.819775303295,12
46.393542204527,6.832776072469,12
46.393610897507,6.845776875505,12
46.393678100400,6.858777711678,12
46.393743813208,6.871778580260,12
46.393808035929,6.884779480525,12
46.393870768563,6.897780411745,12
46.393932011112,6.910781373195,12
46.393991763574,6.923782364148,12
46.394050025949,6.936783383876,12
46.394106798239,6.949784431654,12
46.401596858167,6.676643055464,12
46.401683446612,6.689645558279,12
46.401768544721,6.702648102949,12
46.401852152496,6.715650688749,12
46.401934269936,6.728653314952,12
46.402014897041,6.741655980831,12
46.402094033812,6.754658685659,12
46.402171680248,6.767661428709,12
46.402247836350,6.780664209256,12
46.402322502117,6.793667026572,12
46.402395677549,6.806669879931,12
46.402467362646,6.819672768606,12
46.402537557409,6.832675691870,12
46.402606261837,6.845678648996,12
46.402673475931,6.858681639259,12
46.402739199689,6.871684661931,12
46.402803433114,6.884687716286,12
46.402866176203,6.897690801597,12
46.402927428958,6.910693917137,12
46.402987191378,6.923697062179,12
46.403045463463,6.936700235998,12
46.403102245214,6.949703437866,12
46.403157536630,6.962706667057,12
46.403211337712,6.975709922844,12
46.410414376950,6.650507596480,12
46.410503960989,6.663512168218,12
46.410592054444,6.676516783266,12
46.410678657316,6.689521440896,12
46.410763769605,6.702526140383,12
46.410847391312,6.715530880998,12
46.410929522435,6.728535662017,12
46.411010162975,6.741540482711,12
46.411089312933,6.754545342355,12
46.411166972307,6.767550240221,12
46.411243141098,6.780555175583,12
46.411317819307,6.793560147715,12
46.411391006932,6.806565155890,12
46.411922846946,6.910606431621,12
46.411982619325,6.923611731479,12
46.412040901120,6.936617060113,12
46.412097692332,6.949622416797,12
46.412152992961,6.962627800803,12
46.412206803008,6.975633211406,12
46.412259122471,6.988638647877,12
46.412309951351,7.001644109492,12
46.412359289649,7.014649595522,12
46.412407137363,7.027655105242,12
46.412453494494,7.040660637924,12
46.412498361043,7.053666192843,12
46.412583622390,7.079677366481,12
46.419225873114,6.624363648957,12
46.419318453740,6.637370287438,12
46.419409543534,6.650376970682,12
46.419499142497,6.663383697961,12
46.419587250629,6.676390468550,12
46.419673867930,6.689397281722,12
46.419758994399,6.702404136749,12
46.419842630037,6.715411032906,12
46.419924774843,6.728417969466,12
46.420005428818,6.741424945701,12
46.420084591962,6.754431960886,12
46.420313136405,6.793453232871,12
46.421093139359,6.949541368447,12
46.421148449201,6.962548907995,12
46.421202268213,6.975556474138,12
46.421254596392,6.988564066151,12
46.421305433741,7.001571683307,12
46.421354780258,7.014579324878,12
46.421402635944,7.027586990139,12
46.421449000798,7.040594678363,12
46.421493874821,7.053602388823,12
46.421537258013,7.066610120791,12
46.421579150374,7.079617873543,12
46.421619551903,7.092625646351,12
46.421658462601,7.105633438488,12
46.421695882467,7.118641249227,12
46.428031343445,6.598211214356,12
46.428126921652,6.611219917398,12
46.428221008779,6.624228666657,12
46.428313604826,6.637237461404,12
46.428404709794,6.650246300915,12
46.428494323682,6.663255184461,12
46.428582446490,6.676264111317,12
46.428669078219,6.689273080755,12
46.428754218868,6.702282092050,12
46.428837868437,6.715291144473,12
46.430143905117,6.962469988631,12
46.430197733093,6.975479711041,12
46.430250069989,6.988489459321,12
46.430300915806,7.001499232743,12
46.430350270543,7.014509030581,12
46.430398134200,7.027518852109,12
46.430444506778,7.040528696600,12
46.430489388276,7.053538563326,12
46.430532778694,7.066548451562,12
46.430574678033,7.079558360580,12
46.430615086292,7.092568289654,12
46.430654003471,7.105578238058,12
46.430691429571,7.118588205064,12
46.436830784731,6.572050294137,12
46.436929361512,6.585061059559,12
46.437026446964,6.598071872651,12
46.437122041089,6.611082732686,12
46.437216143886,6.624093638937,12
46.437308755355,6.637104590677,12
46.437399875496,6.650115587179,12
46.437489504308,6.663126627718,12
46.437577641793,6.676137711566,12
46.439245543028,6.988414827386,12
46.439296397313,7.001426757801,12
46.439345760270,7.014438712631,12
46.439393631899,7.027450691151,12
46.439440012200,7.040462692634,12
46.439484901172,7.053474716353,12
46.439528298817,7.066486761581,12
46.439570205134,7.079498827592,12
46.439610620123,7.092510913658,12
46.439649543784,7.105523019054,12
46.439686976116,7.118535143053,12
46.439722917121,7.131547284928,12
46.439757366798,7.144559443952,12
46.445624193757,6.545880889759,12
46.445725770105,6.558893715381,12
46.445825854877,6.571906590125,12
46.445924448073,6.584919513266,12
46.446021549692,6.597932484076,12
46.446117159735,6.610945501828,12
46.446211278202,6.623958565797,12
46.446303905092,6.636971675255,12
46.446395040406,6.649984829475,12
46.448435516830,7.040396666467,12
46.448480413278,7.053410847903,12
46.448606153163,7.092453518362,12
46.448645083305,7.105467781476,12
46.448682521871,7.118482063193,12
46.448718468861,7.131496362786,12
46.448752924274,7.144510679528,12
46.448785888111,7.157525012692,12
46.448817360371,7.170539361553,12
46.454516144220,6.532717886322,12
46.454619229305,6.545732820538,12
46.454720822564,6.558747804604,12
46.454820924000,6.571762837792,12
46.454919533610,6.584777919376,12
46.455016651396,6.597793048629,12
46.455112277357,6.610808224825,12
46.455206411493,6.623823447237,12
46.457640621802,7.105412525324,12
46.457678066601,7.118428965484,12
46.457714019576,7.131445423520,12
46.457748480725,7.144461898706,12
46.457781450051,7.157478390314,12
46.457812927551,7.170494897618,12
46.457842913227,7.183511419891,12
46.463300480642,6.506533573844,12
46.463406567033,6.519550565351,12
46.463511161350,6.532567608160,12
46.463614263594,6.545584701545,12
46.463715873766,6.558601844779,12
46.463815991864,6.571619037136,12
46.463914617889,6.584636277889,12
46.464011751842,6.597653566312,12
46.466673610074,7.118375849927,12
46.466709569033,7.131394467132,12
46.466744035919,7.144413101486,12
46.466777010732,7.157431752263,12
46.466808493473,7.170450418736,12
46.466838484140,7.183469100179,12
46.466866982734,7.196487795864,12
46.466893989256,7.209506505065,12
46.466919503704,7.222525227055,12
46.472187864848,6.493359826023,12
46.472295461217,6.506378925394,12
46.472401565263,6.519398076795,12
46.472506176989,6.532417279499,12
46.472609296393,6.545436532778,12
46.472710923476,6.558455835907,12
46.472811058237,6.571475188159,12
46.472909700677,6.584494588807,12
46.475705116999,7.131343493620,12
46.475739589622,7.144364287869,12
46.475772569923,7.157385098541,12
46.475804057903,7.170405924909,12
46.475834053562,7.183426766245,12
46.475862556900,7.196447621825,12
46.475889567916,7.209468490921,12
46.475915086611,7.222489372806,12
46.475939112984,7.235510266753,12
46.475982688767,7.261552087930,12
46.481073718951,6.480181757767,12
46.481182825793,6.493202965003,12
46.481290440066,6.506224224994,12
46.481396561770,6.519245537015,12
46.481501190903,6.532266900339,12
46.481604327467,6.545288314239,12
46.481705971461,6.558309777988,12
46.484768127390,7.157338429147,12
46.484799620610,7.170361416134,12
46.484829621260,7.183384418091,12
46.484858129341,7.196407434291,12
46.484885144851,7.209430464007,12
46.484910667793,7.222453506512,12
46.484934698164,7.235476561079,12
46.484957235966,7.248499626983,12
46.484978281199,7.261522703496,12
46.484997833861,7.274545789892,12
46.485015893954,7.287568885444,12
46.489845931339,6.453976106738,12
46.489958041971,6.466999367627,12
46.490068659785,6.480022682726,12
46.490177784780,6.493046051307,12
46.490285416958,6.506069472645,12
46.490391556318,6.519092946011,12
46.490496202860,6.532116470681,12
46.493825187000,7.183342055716,12
46.493853699824,7.196367233262,12
46.493880719829,7.209392424323,12
46.493906247017,7.222417628174,12
46.493930281387,7.235442844087,12
46.493952822939,7.248468071336,12
46.493973871673,7.261493309195,12
46.493993427588,7.274518556937,12
46.494011490686,7.287543813834,12
46.494028060966,7.300569079161,12
46.498727210583,6.440787286129,12
46.498840832930,6.453812654153,12
46.498952962212,6.466838077114,12
46.499063598427,6.479863554284,12
46.499172741576,6.492889084936,12
46.499280391659,6.505914668345,12
46.499386548675,6.518940303783,12
46.502876292616,7.209354371869,12
46.502901824050,7.222381737791,12
46.502925862418,7.235409115776,12
46.502948407720,7.248436505097,12
46.502969459955,7.261463905027,12
46.502989019124,7.274491314839,12
46.503007085227,7.287518733808,12
46.503023658263,7.300546161206,12
46.507606956291,6.427594140737,12
46.507722090851,6.440621615896,12
46.507835732097,6.453649146717,12
46.507947880029,6.466676732474,12
46.508058534646,6.479704372441,12
46.508167695948,6.492732065890,12
46.508275363935,6.505759812096,12
46.511943990077,7.248404928264,12
46.511965045814,7.261434490990,12
46.511984608236,7.274464063600,12
46.512002677343,7.287493645365,12
46.512019253136,7.300523235560,12
46.512034335614,7.313552833457,12
46.512047924778,7.326582438331,12
46.516485167485,6.414396669112,12
46.516601814755,6.427426251404,12
46.516716968462,6.440455890085,12
46.516830628607,6.453485584429,12
46.516942795188,6.466515333708,12
46.517053468206,6.479545137197,12
46.520960629014,7.261405067087,12
46.520980194690,7.274436803218,12
46.520998266802,7.287468548506,12
46.521014845351,7.300500302223,12
46.521029930338,7.313532063643,12
46.521043521761,7.326563832039,12
46.521055619621,7.339595606684,12
46.525361843187,6.401194869804,12
46.525480003663,6.414226559228,12
46.525596670329,6.427258305768,12
46.525711843182,6.440290108697,12
46.525825522225,6.453321967288,12
46.525937707456,6.466353880816,12
46.529975778252,7.274409533695,12
46.529993853369,7.287443443231,12
46.530010434675,7.300477361195,12
46.530025522170,7.313511286863,12
46.530039115853,7.326545219507,12
46.530051215725,7.339579158400,12
46.530061821785,7.352613102815,12
46.534236982419,6.387988741364,12
46.534356656598,6.401022537918,12
46.534474836718,6.414056392315,12
46.534591522778,6.427090303828,12
46.534706714778,6.440124271731,12
46.534820412719,6.453158295296,12
46.539021110877,7.313490503118,12
46.539034706820,7.326526600735,12
46.539046808704,7.339562704601,12
46.539057416527,7.352598813990,12
46.539066530291,7.365634928176,12
46.539074149996,7.378671046430,12
46.543231772580,6.387814186024,12
46.543351466651,6.400850148278,12
46.543469666414,6.413886168374,12
46.543586371869,6.426922245586,12
46.543701583016,6.439958379187,12
46.548016696227,7.313469712408,12
46.548030294430,7.326507975724,12
46.548042398325,7.339546245289,12
46.548053007912,7.352584520377,12
46.548062123190,7.365622800261,12
46.548069744161,7.378661084214,12
46.548075870824,7.391699371511,12
46.552105350632,6.374601502097,12
46.552226559151,6.387639572205,12
46.552346273113,6.400677700883,12
46.552464492519,6.413715887404,12
46.552581217369,6.426754131040,12
46.557037984355,7.339529780462,12
46.557048595705,7.352570221975,12
46.557057712499,7.365610668284,12
46.557065334736,7.378651118662,12
46.557071462417,7.391691572382,12
46.557076095542,7.404732028719,12
46.560977389776,6.361384484685,12
46.561100113239,6.374424662648,12
46.561221341897,6.387464899906,12
46.561341075751,6.400505195734,12
46.561459314800,6.413545549405,12
46.566044179674,7.352555918784,12
46.566053297982,7.365598532243,12
46.566060921486,7.378641149771,12
46.566067050185,7.391683770642,12
46.566071684080,7.404726394128,12
46.569972127936,6.361205418155,12
46.570094871787,6.374247763993,12
46.570216120586,6.387290169128,12
46.570335874331,6.400332632831,12
46.570454133023,6.413375154378,12
46.575048879408,7.365586392139,12
46.575056504178,7.378631177543,12
46.575062633896,7.391675966289,12
46.575067268560,7.404720757652,12
46.575070408171,7.417765550903,12
46.578966861805,6.361026291694,12
46.579089626045,6.374070806133,12
46.579210894983,6.387115379869,12
46.579330668620,6.400160012174,12
46.584052082580,7.378621201977,12
46.584058213315,7.391668159325,12
46.584062848749,7.404715119289,12
46.584065988882,7.417762081141,12
46.587961591150,6.360847105302,12
46.588084375778,6.373893789068,12
46.588205664856,6.386940532131,12
46.593053788210,7.391660349749,12
46.593058424414,7.404709479039,12
46.593061565069,7.417758610219,12
46.593063210173,7.430807742561,12
46.596956315737,6.360667858979,12
46.597079120753,6.373716712798,12
46.602043225576,7.378601240833,12
46.602049358348,7.391652537560,12
46.602053995321,7.404703836903,12
46.602057136497,7.417755138135,12
46.602058781875,7.430806440530,12
46.602058931455,7.443857743360,12
46.605826713883,6.347437588152,12
46.605951035333,6.360488552726,12
46.606073860737,6.373539577322,12
46.611044923494,7.391644722760,12
46.611049561237,7.404698192880,12
46.611052702935,7.417751664890,12
46.611054348586,7.430805138063,12
46.611054498190,7.443858611671,12
46.611053151749,7.456912084989,12
46.614821407618,6.347256050464,12
46.614945749705,6.360309186541,12
46.615068595497,6.373362382641,12
46.620045121929,7.404692546971,12
46.620048264148,7.417748190485,12
46.620049910072,7.430803835161,12
46.620050059701,7.443859480273,12
46.620048713036,7.456915125094,12
46.620045870076,7.469970768898,12
46.623816095895,6.347074452119,12
46.623940458619,6.360129760426,12
46.624063324799,6.373185128755,12
46.629040677163,7.404686899176,12
46.629043819903,7.417744714918,12
46.629045466100,7.430802531823,12
46.629045615754,7.443860349164,12
46.629044268866,7.456918166215,12
46.629041425434,7.469975982248,12
46.632684898330,6.333835372607,12
46.632810778481,6.346892793119,12
46.632935161841,6.359950274379,12
46.638039369967,7.417741238191,12
46.638041016437,7.430801228051,12
46.638041166117,7.443861218346,12
46.638039819004,7.456921208351,12
46.638036975101,7.469981197339,12
46.641552156031,6.320591946554,12
46.641679554107,6.333651479270,12
46.641805455143,6.346711073461,12
46.641929859139,6.359770728402,12
46.647036560850,7.430799923843,12
46.647036710554,7.443862087818,12
46.647035363219,7.456924251503,12
46.647032518843,7.469986414171,12
46.647028177428,7.483048575095,12
46.650546784517,6.320405817429,12
46.650674203726,6.333467524550,12
46.650800125647,6.346529293148,12
46.650924550280,6.359591122494,12
46.656032248834,7.443862957581,12
46.656030901275,7.456927295671,12
46.656028056428,7.469991632745,12
46.656023714293,7.483055968074,12
46.659412468734,6.307155806146,12
46.659541406612,6.320219626196,12
46.659668846954,6.333283508449,12
46.659794789760,6.346347452177,12
46.659919235029,6.359411456655,12
46.665027780723,7.443863827633,12
46.665026432940,7.456930340855,12
46.665023587621,7.469996853060,12
46.665019244766,7.483063363520,12
46.665013404374,7.496129871510,12
46.668407062823,6.306967376949,12
46.668536022083,6.320033372856,12
46.668663483558,6.333099430965,12
46.668789447248,6.346165550551,12
46.674021957981,7.456933387054,12
46.674019112190,7.470002075116,12
46.674014768615,7.483070761433,12
46.674008927255,7.496139445280,12
46.677271171380,6.293710775359,12
46.677401650054,6.306778884919,12
46.677530630695,6.319847057408,12
46.677658113303,6.332915292100,12
46.677784097879,6.345983588268,12
46.683017476164,7.456936434270,12
46.683014629902,7.470007298913,12
46.683010285606,7.483078161813,12
46.683004443277,7.496149022242,12
46.686265729890,6.293520043188,12
46.686396230194,6.306590330056,12
46.686525232217,6.319660679853,12
46.686652735958,6.332731091853,12
46.686778741418,6.345801565328,12
46.692012987256,7.456939482501,12
46.692010140522,7.470012524452,12
46.692005795506,7.483085564660,12
46.691999952209,7.496158602397,12
46.695260281075,6.293329247459,12
46.695390803009,6.306401712360,12
46.695519826414,6.319474240190,12
46.695647351288,6.332546830223,12
46.701005643817,7.470017751733,12
46.701001298081,7.483092969974,12
46.700995453816,7.496168185744,12
46.700988111020,7.509243398317,12
46.704254824703,6.293138388170,12
46.704385368267,6.306213031830,12
46.704514413053,6.319287738420,12
46.709996793099,7.483100377754,12
46.709990947865,7.496177772284,12
46.709983603853,7.509255163616,12
46.709974761062,7.522332551024,12
46.709964419494,7.535409933781,12
46.713249360540,6.292947465323,12
46.713379925734,6.306024288468,12
46.713508991901,6.319101174542,12
46.713636559042,6.332178122818,12
46.718986434123,7.496187362016,12
46.718979088894,7.509266932832,12
46.718970244639,7.522346499725,12
46.718959901357,7.535426061967,12
46.718948059049,7.548505618831,12
46.722111802254,6.279677539219,12
46.722243888352,6.292756478917,12
46.722374475176,6.305835482272,12
46.722503562725,6.318914548556,12
46.722631150999,6.331993677043,12
46.727974565911,7.509278705967,12
46.727965720190,7.522360453070,12
46.727955375195,7.535442195522,12
46.727943530925,7.548523932596,12
46.731106299931,6.279484308319,12
46.731238407907,6.292565428953,12
46.731369016360,6.305646613243,12
46.731498125291,6.318727860463,12
46.736970034670,7.509290483020,12
46.736961187484,7.522374411058,12
46.736950840775,7.535458334446,12
46.736938994544,7.548542252456,12
46.736925648789,7.561626164362,12
46.740100789116,6.279291013134,12
46.740232918970,6.292374315430,12
46.740363549054,6.305457681382,12
46.740492679365,6.318541110263,12
46.745956646287,7.522388373690,12
46.745946297865,7.535474478739,12
46.745934449671,7.548560578410,12
46.745921101706,7.561646671978,12
46.745906253970,7.574732758715,12
46.749095269577,6.279097653666,12
46.749227421309,6.292183138348,12
46.749358073022,6.305268686687,12
46.749487224716,6.318354297954,12
46.754941746230,7.535490628401,12
46.754929896074,7.548578910459,12
46.754916545899,7.561667186414,12
46.754901695705,7.574755455537,12
46.754885345490,7.587843717104,12
46.757956067201,6.265816626501,12
46.758089741080,6.278904229913,12
46.758221914691,6.291991897708,12
46.758352588034,6.305079629159,12
46.758481761108,6.318167423539,12
46.763925333520,7.548597248603,12
46.763911981134,7.561687707670,12
46.763897128481,7.574778159906,12
46.763880775560,7.587868604584,12
46.767084203392,6.278710741876,12
46.767216398881,6.291800593509,12
46.767347093854,6.304890508797,12
46.772920761774,7.548615592841,12
46.772907407178,7.561708235746,12
46.772892552067,7.574800871820,12
46.772876196439,7.587893500336,12
46.775944938148,6.265425217742,12
46.776078656279,6.278517189555,12
46.776210873647,6.291609225751,12
46.776341590249,6.304701325603,12
46.776470806087,6.317793488384,12
46.781916180603,7.548633943174,12
46.781902823798,7.561728770642,12
46.781887966228,7.574823591279,12
46.781871607893,7.587918404359,12
46.784939359251,6.265229415847,12
46.785073099509,6.278323572950,12
46.785205338754,6.291417794435,12
46.785336076987,6.304512079576,12
46.790911589775,7.548652299602,12
46.790898230760,7.561749312359,12
46.790883370731,7.574846318285,12
46.790867009689,7.587943316654,12
46.790849147634,7.601040306739,12
46.793798506817,6.251937270935,12
46.793933770463,6.265033548943,12
46.794067532848,6.278129892060,12
46.794199793971,6.291226299560,12
46.794330553833,6.304322770715,12
46.799893627830,7.561769860895,12
46.799878765343,7.574869052836,12
46.799862401594,7.587968237220,12
46.799844536585,7.601067413320,12
46.802792885530,6.251739152281,12
46.802928171551,6.264837617029,12
46.803061956062,6.277936146886,12
46.803194239064,6.291034741126,12
46.803325020556,6.304133399022,12
46.808889014776,7.561790416253,12
46.808874149831,7.574891794934,12
46.808857783375,7.587993166057,12
46.808839915410,7.601094528897,12
46.811787253885,6.251540967892,12
46.811922562281,6.264641620105,12
46.812056368918,6.277742337428,12
46.812188673798,6.290843119133,12
46.817884391365,7.561810978430,12
46.817869523961,7.574914544576,12
46.817853154798,7.588018103166,12
46.817835283878,7.601121653471,12
46.820781611649,6.251342717767,12
46.820916942419,6.264445558172,12
46.821050771184,6.277548463686,12
46.821183097942,6.290651433582,12
46.826879757362,7.561831547427,12
46.826864887499,7.574937301765,12
46.826848515630,7.588043048546,12
46.826830641755,7.601148787042,12
46.829911311734,6.264249431229,12
46.830045162625,6.277354525659,12
46.830177511261,6.290459684473,12
46.830308357642,6.303564906942,12
46.835875112535,7.561852123245,12
46.835860240214,7.574960066500,12
46.835843865638,7.588068002197,12
46.835825988807,7.601175929610,12
46.838905669990,6.264053239276,12
46.839039543008,6.277160523349,12
46.839171913522,6.290267871804,12
46.839302781533,6.303375283916,12
46.844883828927,7.548762566155,12
46.844870456650,7.561872705883,12
46.844855581870,7.574982838780,12
46.844839204588,7.588092964120,12
46.844821324802,7.601203081175,12
46.847900016956,6.263856982313,12
46.848033912100,6.276966456754,12
46.848166304492,6.290075995577,12
46.848297194133,6.303185598057,12
46.853865789474,7.561893295341,12
46.853850912236,7.575005618606,12
46.853834532246,7.588117934314,12
46.853816649505,7.601230241737,12
46.856894352397,6.263660660340,12
46.857028269667,6.276772325874,12
46.857160683938,6.289884055791,12
46.857291595209,6.302995849365,12
46.857421003480,6.316107705867,12
46.862861110774,7.561913891619,12
46.862846231077,7.575028405978,12
46.862829848380,7.588142912779,12
46.862811962684,7.601257411296,12
46.865888676080,6.263464273358,12
46.866022615477,6.276578130711,12
46.866155051626,6.289692052447,12
46.866285984526,6.302806037839,12
46.871856420315,7.561934494718,12
46.871841538160,7.575051200895,12
46.871825152757,7.588167899515,12
46.871807264106,7.601284589852,12
46.874882987772,6.263267821365,12
46.875016949296,6.276383871263,12
46.875149407322,6.289499985544,12
46.875280361853,6.302616163481,12
46.880851717866,7.561955104637,12
46.880836833252,7.575074003359,12
46.880820445142,7.588192894523,12
46.880802553536,7.601311777404,12
46.883877287240,6.263071304364,12
46.884011270890,6.276189547532,12
46.884143750795,6.289307855082,12
46.884274726955,6.302426226289,12
46.889847003192,7.561975721376,12
46.889832116120,7.575096813368,12
46.889815725303,7.588217897803,12
46.889797830741,7.601338973953,12
46.892871574250,6.262874722352,12
46.893005580026,6.275995159515,12
46.893138081809,6.289115661062,12
46.893269079600,6.302236226264,12
46.898842276061,7.561996344935,12
46.898827386530,7.575119630923,12
46.898810993006,7.588242909353,12
46.898793095489,7.601366179500,12
46.901865848569,6.262678075330,12
46.901999876471,6.275800707215,12
46.902132400133,6.288923403483,12
46.902263419553,6.302046163406,12
46.902392934732,6.315168986259,12
46.907837536238,7.562016975315,12
46.907822644249,7.575142456024,12
46.907806248018,7.588267929175,12
46.907788347546,7.601393394043,12
46.910860109963,6.262481363299,12
46.910994159992,6.275606190631,12
46.911126705532,6.288731082345,12
46.911257746582,6.301856037715,12
46.916846173449,7.548909929528,12
46.916832783491,7.562037612514,12
46.916817889043,7.575165288670,12
46.916801490106,7.588292957268,12
46.916783586679,7.601420617583,12
46.919854358200,6.262284586258,12
46.919988430355,6.275411609762,12
46.920120997773,6.288538697649,12
46.920252060453,6.301665849191,12
46.925828017586,7.562058256534,12
46.925813120680,7.575188128862,12
46.925796719035,7.588317993633,12
46.925778812653,7.601447850120,12
46.928848593045,6.262087744207,12
46.928982687327,6.275216964609,12
46.929115276623,6.288346249394,12
46.929246360933,6.301475597834,12
46.934836632668,7.548946831318,12
46.934823238290,7.562078907374,12
46.934808338925,7.575210976600,12
46.934791934574,7.588343038269,12
46.937976930675,6.275022255172,12
46.938109541849,6.288153737580,12
46.938240647788,6.301285283644,12
46.938370248493,6.314416892637,12
46.943831841958,7.548965291355,12
46.943818445369,7.562099565035,12
46.943803543546,7.575233831884,12
46.943787136488,7.588368091176,12
46.946971160165,6.274827481450,12
46.947103793217,6.287961162207,12
46.947234920786,6.301094906621,12
46.947364542872,6.314228713963,12
46.952827037390,7.548983757486,12
46.952813638591,7.562120229515,12
46.952798734309,7.575256694714,12
46.952782324545,7.588393152355,12
46.955965375563,6.274632643445,12
46.956098030494,6.287768523276,12
46.956229179693,6.300904466764,12
46.956358823161,6.314040473181,12
46.961822218730,7.549002229713,12
46.961808817722,7.562140900816,12
46.961793910981,7.575279565089,12
46.961777498510,7.588418221805,12
46.964959576637,6.274437741155,12
46.965092253446,6.287575820787,12
46.965223424275,6.300713964074,12
46.965353089124,6.313852170291,12
46.965481247994,6.326990438711,12
46.970817385747,7.549020708034,12
46.970803982528,7.562161578937,12
46.970789073329,7.575302443010,12
46.970772658151,7.588443299526,12
46.973953763154,6.274242774581,12
46.974086461841,6.287383054738,12
46.974217654299,6.300523398552,12
46.974347340530,6.313663805294,12
46.974475520533,6.326804274240,12
46.979824437407,7.535896114916,12
46.979812538205,7.549039192449,12
46.979799132776,7.562182263879,12
46.979784221119,7.575325328477,12
46.983080655444,6.287190225131,12
46.983211869533,6.300332770196,12
46.983341577145,6.313475378190,12
46.983469778281,6.326618048386,12
46.988819577036,7.535912404175,12
46.988807675873,7.549057682959,12
46.988794268233,7.562202955640,12
46.988779354118,7.575348221490,12
46.992074834023,6.286997331965,12
46.992206069742,6.300142079007,12
46.992335798735,6.313286888978,12
46.992464021004,6.326431761151,12
46.992590736549,6.339576694800,12
46.997825098041,7.522781212664,12
46.997814701641,7.535928698803,12
46.997802798516,7.549076179564,12
46.997789388666,7.562223654222,12
46.997774472092,7.575371122048,12
47.001200254693,6.299951324985,12
47.001330005068,6.313098337658,12
47.001458248470,6.326245412534,12
47.001584984900,6.339392548885,12
47.006820209102,7.522795309959,12
47.006809810988,7.535944998800,12
47.006797905901,7.549094682264,12
47.006784493841,7.562244359624,12
47.006769574809,7.575394030153,12
47.010194424153,6.299760508130,12
47.010324195909,6.312909724231,12
47.010452460445,6.326059002534,12
47.010579217759,6.339208342314,12
47.010704467852,6.352357742843,12
47.015815304671,7.522809411898,12
47.015804904844,7.535961304167,12
47.015792997795,7.549113191058,12
47.015779583525,7.562265071846,12
47.019188577888,6.299569628441,12
47.019318371026,6.312721048696,12
47.019446656695,6.325872531153,12
47.019573434894,6.339024075086,12
47.019698705623,6.352175679768,12
47.024810384516,7.522823518480,12
47.024799982975,7.535977614902,12
47.024788073965,7.549131705947,12
47.024774657485,7.562285790888,12
47.028312530186,6.312532311053,12
47.028440836987,6.325685998389,12
47.028567636071,6.338839747201,12
47.028692927437,6.351993556763,12
47.028816711085,6.365147426347,12
47.033814343939,7.509681323753,12
47.033805448403,7.522837629705,12
47.033795045149,7.535993931007,12
47.033783134177,7.549150226931,12
47.033769715487,7.562306516751,12
47.037306673154,6.312343511303,12
47.037435001089,6.325499404244,12
47.037561821057,6.338655358661,12
47.037687133060,6.351811373826,12
47.037810937096,6.364967449015,12
47.042809393101,7.509693234018,12
47.042800496099,7.522851745575,12
47.042790091132,7.536010252480,12
47.042778178198,7.549168754009,12
47.046429148766,6.325312748717,12
47.046555989619,6.338470909463,12
47.046681322258,6.351629130959,12
47.046805146682,6.364787412478,12
47.046927462891,6.377945753293,12
47.051811816089,7.496544426390,12
47.051804425838,7.509705148201,12
47.051795527371,7.522865866087,12
47.051785120690,7.536026579323,12
47.051773205794,7.549187287182,12
47.055550141523,6.338286399610,12
47.055675494798,6.351446828161,12
47.055799339611,6.364607316736,12
47.055921675960,6.377767864606,12
47.060812716391,7.483391205371,12
47.060806833385,7.496554137435,12
47.060799441917,7.509717066301,12
47.060790541985,7.522879991244,12
47.060780133590,7.536042911535,12
47.064544276536,6.338101829099,12
47.064669650448,6.351264465432,12
47.064793515648,6.364427161788,12
47.064915872137,6.377589917439,12
47.065036719915,6.390752731660,12
47.069807717764,7.483398711827,12
47.069801833790,7.496563851672,12
47.069794441105,7.509728988320,12
47.069785539708,7.522894121043,12
47.069775129600,7.536059249116,12
47.073663788972,6.351082042772,12
47.073787674561,6.364246947635,12
47.073910051190,6.377411911793,12
47.074030918859,6.390576934521,12
47.074150277569,6.403742015091,12
47.078807077996,7.470238869928,12
47.078802702013,7.483406220750,12
47.078796817071,7.496573569102,12
47.078789423168,7.509740914256,12
47.078780520306,7.522908255487,12
47.082781816116,6.364066674276,12
47.082904212885,6.377233847667,12
47.083025100446,6.390401079627,12
47.083144478799,6.403568369430,12
47.083262347944,6.416735716349,12
47.087802045608,7.470244172085,12
47.087797668904,7.483413732140,12
47.087791782993,7.496583289724,12
47.087784387874,7.509752844111,12
47.091775940080,6.363886341713,12
47.091898356989,6.377055725061,12
47.092019264441,6.390225166979,12
47.092138662437,6.403394666740,12
47.092256550977,6.416564223616,12
47.096799863595,7.457077704228,12
47.096796995628,7.470249475984,12
47.096792618204,7.483421245997,12
47.096786731325,7.496593013539,12
47.096779334989,7.509764777884,12
47.100892483269,6.376877543976,12
47.101013410612,6.390049196577,12
47.101132828252,6.403220907021,12
47.101250736186,6.416392674581,12
47.101367134416,6.429564498530,12
47.105794796262,7.457080799185,12
47.105791927823,7.470254781625,12
47.105787549680,7.483428762321,12
47.105781661832,7.496602740546,12
47.110007538726,6.389873168421,12
47.110126976008,6.403047090274,12
47.110244903337,6.416221069243,12
47.110361320714,6.429395104601,12
47.110476228137,6.442569195622,12
47.114791069830,7.443907700291,12
47.114789710872,7.457083895157,12
47.114786841961,7.470260089006,12
47.114782463098,7.483436281111,12
47.114776574281,7.496612470746,12
47.119001648548,6.389697082510,12
47.119121105473,6.402873216498,12
47.119239052197,6.416049407601,12
47.119355488720,6.429225655094,12
47.119470415042,6.442401958250,12
47.123785815352,7.430730177853,12
47.123785966372,7.443908585145,12
47.123784607191,7.457086992146,12
47.123781737808,7.470265398129,12
47.123777358224,7.483443802369,12
47.123771468439,7.496622204138,12
47.128115216414,6.402699285693,12
47.128233182533,6.415877689657,12
47.128349638202,6.429056150010,12
47.128464583422,6.442234666025,12
47.128578018192,6.455413236977,12
47.132780693345,7.430728850137,12
47.132780844389,7.443909470289,12
47.132779484985,7.457090090150,12
47.132776615130,7.470270708993,12
47.132772234826,7.483451326093,12
47.137227294111,6.415705915409,12
47.137343768927,6.428886589348,12
47.137458733045,6.442067318949,12
47.137572186464,6.455248103486,12
47.137684129186,6.468428942233,12
47.141773890812,7.417544688684,12
47.141775552580,7.430727521986,12
47.141775703649,7.443910355723,12
47.141774344021,7.457093189170,12
47.141771473695,7.470276021599,12
47.146221386698,6.415534084858,12
47.146337880660,6.428716973108,12
47.146452863676,6.441899917021,12
47.146566335746,6.455082915869,12
47.146678296869,6.468265968927,12
47.146788747046,6.481449075468,12
47.150765557795,7.404356099336,12
47.150768730783,7.417541145786,12
47.150770392824,7.430726193399,12
47.150770543918,7.443911241447,12
47.150769184067,7.457096289205,12
47.155446975083,6.441732460240,12
47.155560465803,6.454917674126,12
47.155672445327,6.468102942220,12
47.155782913657,6.481288263798,12
47.155891870793,6.494473638131,12
47.159755693317,7.391163080643,12
47.159760378020,7.404350340241,12
47.159763551529,7.417537601727,12
47.159765213843,7.430724864377,12
47.159765364963,7.443912127462,12
47.164441067032,6.441564948608,12
47.164554576402,6.454752378255,12
47.164666574328,6.467939862112,12
47.164777060811,6.481127399452,12
47.164886035852,6.494314989548,12
47.164993499449,6.507502631673,12
47.168744296398,7.377965631155,12
47.168750493314,7.391155103899,12
47.168755178787,7.404344579259,12
47.168758352818,7.417534056508,12
47.168760015405,7.430723534919,12
47.168760166549,7.443913013767,12
47.173548667310,6.454587028259,12
47.173660683637,6.467776728604,12
47.173771188274,6.480966482431,12
47.173880181219,6.494156289015,12
47.173987662473,6.507346147628,12
47.174093632035,6.520536057544,12
47.177731366060,7.364763749422,12
47.177739075686,7.377955435311,12
47.177745273620,7.391147124543,12
47.177749959863,7.404338816390,12
47.177753134415,7.417530510127,12
47.182654773022,6.467613541694,12
47.182765295812,6.480805512735,12
47.182874306662,6.493997536532,12
47.182981805572,6.507189612359,12
47.183087792543,6.520381739488,12
47.183192267574,6.533573917193,12
47.183295230665,6.546766144747,12
47.186680161191,7.311975768577,12
47.186693919842,7.325169651042,12
47.186706166553,7.338363539757,12
47.186716901325,7.351557433994,12
47.186726124157,7.364751333027,12
47.186733835049,7.377945236129,12
47.186740034002,7.391139142574,12
47.186744721015,7.404333051635,12
47.191759383192,6.480644490364,12
47.191868411947,6.493838732100,12
47.191975928514,6.507033025865,12
47.192081932893,6.520227370933,12
47.192186425084,6.533421766578,12
47.192289405086,6.546616212071,12
47.192390872901,6.559810706687,12
47.195674891581,7.311954476363,12
47.195688652492,7.325150576767,12
47.195700901214,7.338346683420,12
47.195711637749,7.351542795596,12
47.195720862096,7.364738912568,12
47.195728574255,7.377935033610,12
47.195734774226,7.391131157994,12
47.200862496841,6.493679875718,12
47.200970031065,6.506876388148,12
47.201076052852,6.520072951880,12
47.201180562202,6.533269566189,12
47.201283559117,6.546466230347,12
47.201385043595,6.559662943628,12
47.201485015636,6.572859705304,12
47.201583475241,6.586056514650,12
47.204599424534,7.259139977935,12
47.204619237450,7.272338264740,12
47.204637537929,7.285536560701,12
47.204654325973,7.298734865090,12
47.204669601580,7.311933177183,12
47.204683364750,7.325131496252,12
47.204695615485,7.338329821570,12
47.204706353783,7.351528152410,12
47.204715579644,7.364726488047,12
47.204723293070,7.377924827753,12
47.204729494058,7.391123170801,12
47.209964112991,6.506719699206,12
47.210070152186,6.519918482329,12
47.210174678696,6.533117316027,12
47.210277692522,6.546316199575,12
47.210379193663,6.559515132246,12
47.210479182120,6.572714113313,12
47.210577657892,6.585913142049,12
47.210674620979,6.599112217728,12
47.213525577770,7.219508337848,12
47.213549931993,7.232708812215,12
47.213572773532,7.245909297918,12
47.213594102385,7.259109794230,12
47.213613918555,7.272310300425,12
47.213632222039,7.285510815775,12
47.213649012839,7.298711339555,12
47.213664290954,7.311911871038,12
47.213678056384,7.325112409497,12
47.219168774333,6.532965016093,12
47.219271805070,6.546166119756,12
47.219373322875,6.559367272543,12
47.219473327746,6.572568473725,12
47.219571819684,6.585769722577,12
47.219668798689,6.598971018371,12
47.219764264762,6.612172360382,12
47.219858217901,6.625373747881,12
47.219950658107,6.638575180144,12
47.222494352360,7.206268801509,12
47.222520223515,7.219471483928,12
47.222544581736,7.232674178411,12
47.222567427024,7.245876884229,12
47.222588759379,7.259079600657,12
47.222608578802,7.272282326967,12
47.222626885291,7.285485062434,12
47.222643678847,7.298687806329,12
47.228367430994,6.559219364517,12
47.228467452281,6.572422786541,12
47.228565960385,6.585626256234,12
47.228662955309,6.598829772869,12
47.228758437051,6.612033335721,12
47.228852405612,6.625236944062,12
47.228944860991,6.638440597166,12
47.229035803189,6.651644294305,12
47.229125232206,6.664848034754,12
47.231432682421,7.179819947276,12
47.231461584185,7.193024824231,12
47.231488972767,7.206229714703,12
47.231514848168,7.219434617964,12
47.231539210387,7.232639533288,12
47.231562059425,7.245844459947,12
47.231583395282,7.259049397216,12
47.231603217958,7.272254344368,12
47.237560079762,6.585482743020,12
47.237657090604,6.598688481222,12
47.237752588016,6.611894265641,12
47.237846571998,6.625100095548,12
47.237939042551,6.638305970219,12
47.238029999674,6.651511888925,12
47.238119443367,6.664717850941,12
47.238207373631,6.677923855539,12
47.238293790465,6.691129901994,12
47.238378693869,6.704335989577,12
47.240222051203,7.100534137962,12
47.240260038288,7.113741140128,12
47.240296511943,7.126948160171,12
47.240331472168,7.140155197363,12
47.240364918963,7.153362250977,12
47.240396852329,7.166569320287,12
47.240427272266,7.179776404567,12
47.240456178772,7.192983503089,12
47.240483571849,7.206190615128,12
47.240509451497,7.219397739955,12
47.240533817714,7.232604876846,12
47.240556670502,7.245812025072,12
47.240578009861,7.259019183908,12
47.246651204341,6.598547143430,12
47.246746717423,6.611755150141,12
47.246840716827,6.624963202341,12
47.246933202553,6.638171299303,12
47.247024174600,6.651379440302,12
47.247113632970,6.664587624610,12
47.247201577662,6.677795851501,12
47.247288008676,6.691004120248,12
47.247372926012,6.704212430124,12
47.247456329669,6.717420780402,12
47.247538219649,6.730629170357,12
47.247618595951,6.743837599261,12
47.249136058146,7.074058854896,12
47.249177078820,7.087268041422,12
47.249216585816,7.100477247278,12
47.249254579133,7.113686471737,12
47.249291058773,7.126895714072,12
47.249326024735,7.140104973556,12
47.249359477019,7.153314249463,12
47.249391415625,7.166523541065,12
47.249421840552,7.179732847637,12
47.249450751802,7.192942168452,12
47.249478149374,7.206151502783,12
47.249504033268,7.219360849903,12
47.255834839864,6.624826264439,12
47.255927340763,6.638036584419,12
47.256018327736,6.651246948436,12
47.256107800782,6.664457355762,12
47.256195759902,6.677667805671,12
47.256282205096,6.690878297435,12
47.256367136363,6.704088830329,12
47.256450553704,6.717299403626,12
47.256532457119,6.730510016598,12
47.256612846607,6.743720668520,12
47.256691722169,6.756931358665,12
47.256769083805,6.770142086305,12
47.256844931514,6.783352850715,12
47.256919265297,6.796563651168,12
47.258088016426,7.060786110113,12
47.258130557756,7.073997499602,12
47.258171585160,7.087208909146,12
47.258211098637,7.100420338020,12
47.258249098188,7.113631785497,12
47.258285583813,7.126843250850,12
47.258320555511,7.140054733352,12
47.258354013283,7.153266232276,12
47.258385957129,7.166477746897,12
47.258416387048,7.179689276487,12
47.258445303041,7.192900820319,12
47.258472705107,7.206112377668,12
47.265101946570,6.664327044396,12
47.265189920118,6.677539718048,12
47.265276379491,6.690752433556,12
47.265361324690,6.703965190194,12
47.265444755714,6.717177987234,12
47.265526672564,6.730390823950,12
47.265607075238,6.743603699615,12
47.265685963739,6.756816613503,12
47.265763338064,6.770029564887,12
47.265839198215,6.783242553040,12
47.265913544191,6.796455577237,12
47.265986375992,6.809668636749,12
47.266057693619,6.822881730850,12
47.266127497071,6.836094858814,12
47.266195786349,6.849308019914,12
47.266262561452,6.862521213423,12
47.266327822380,6.875734438615,12
47.266391569133,6.888947694764,12
47.266453801712,6.902160981141,12
47.266514520116,6.915374297021,12
47.266847032873,6.994654771164,12
47.266897152054,7.007868273216,12
47.266945757061,7.021081798957,12
47.266992847893,7.034295347661,12
47.267038424551,7.047508918601,12
47.267082487034,7.060722511051,12
47.267125035342,7.073936124283,12
47.267166069475,7.087149757571,12
47.267205589434,7.100363410188,12
47.267243595218,7.113577081408,12
47.267280086828,7.126790770504,12
47.267315064262,7.140004476750,12
47.267348527523,7.153218199418,12
47.267380476608,7.166431937782,12
47.274355490759,6.703841509717,12
47.274438935467,6.717056531226,12
47.274520865751,6.730271592411,12
47.274601281612,6.743486692546,12
47.274680183050,6.756701830903,12
47.274757570066,6.769917006756,12
47.274833442658,6.783132219378,12
47.274907800827,6.796347468043,12
47.274980644574,6.809562752024,12
47.275051973897,6.822778070595,12
47.275121788797,6.835993423028,12
47.275190089275,6.849208808597,12
47.275256875329,6.862424226575,12
47.275322146960,6.875639676236,12
47.275385904168,6.888855156853,12
47.275448146954,6.902070667699,12
47.275508875316,6.915286208049,12
47.275568089255,6.928501777174,12
47.275625788772,6.941717374348,12
47.275681973865,6.954932998845,12
47.275736644535,6.968148649938,12
47.275789800783,6.981364326900,12
47.275841442607,6.994580029005,12
47.275891570008,7.007795755527,12
47.275940182986,7.021011505737,12
47.275987281542,7.034227278910,12
47.276032865674,7.047443074319,12
47.276076935383,7.060658891237,12
47.276119490670,7.073874728938,12
47.276160531533,7.087090586695,12
47.276200057973,7.100306463782,12
47.276238069991,7.113522359471,12
47.283595465495,6.743369647312,12
47.283674379871,6.756587010864,12
47.283751779576,6.769804411911,12
47.283827664610,6.783021849728,12
47.283902034973,6.796239323588,12
47.283974890664,6.809456832763,12
47.284046231684,6.822674376528,12
47.284116058032,6.835891954156,12
47.284184369709,6.849109564919,12
47.284251166715,6.862327208092,12
47.284316449049,6.875544882948,12
47.284380216713,6.888762588760,12
47.284442469704,6.901980324801,12
47.284503208025,6.915198090344,12
47.284562431674,6.928415884664,12
47.284620140652,6.941633707033,12
47.284676334958,6.954851556724,12
47.284731014593,6.968069433012,12
47.284784179557,6.981287335169,12
47.284835829850,6.994505262468,12
47.284885965471,7.007723214184,12
47.284934586421,7.020941189589,12
47.284981692699,7.034159187957,12
47.285027284306,7.047377208560,12
47.285071361242,7.060595250673,12
47.285113923506,7.073813313569,12
47.285154971100,7.087031396520,12
47.292896246394,6.796131143870,12
47.292969114029,6.809350878966,12
47.293040466746,6.822570648651,12
47.293110304542,6.835790452199,12
47.293178627419,6.849010288883,12
47.293245435377,6.862230157976,12
47.293310728414,6.875450058751,12
47.293374506532,6.888669990483,12
47.293436769731,6.901889952444,12
47.293497518009,6.915109943908,12
47.293556751368,6.928329964147,12
47.293614469807,6.941550012436,12
47.293670673327,6.954770088048,12
47.293725361927,6.967990190256,12
47.293778535607,6.981210318333,12
47.293830194368,6.994430471553,12
47.293880338209,7.007650649188,12
47.293928967130,7.020870850513,12
47.293976081132,7.034091074801,12
47.294021680214,7.047311321325,12
47.294065764376,7.060531589358,12
47.302551048105,6.928244015625,12
47.302608776005,6.941466290559,12
47.302664988738,6.954688592817,12
47.302719686303,6.967910921670,12
47.302772868700,6.981133276393,12
47.302824535929,6.994355656258,12
47.302874687989,7.007578060540,12
