45.845326456406,6.939228243547,13
45.846086196970,7.158038735896,13
45.853216822563,6.733180717324,13
45.853296925181,6.746053303596,13
45.853375552612,6.758925928962,13
45.853452704857,6.771798592696,13
45.853528381916,6.784671294072,13
45.854263467266,6.926273285704,13
45.854321442089,6.939146382095,13
45.854377941726,6.952019506682,13
45.854861802843,7.080752143384,13
45.854978195045,7.119372361384,13
45.855014042073,7.132245804395,13
45.855048413914,7.145119264701,13
45.855081310569,7.157992741575,13
45.855112732038,7.170866234291,13
45.855142678321,7.183739742121,13
45.861876417913,6.681566676980,13
45.861962435754,6.694441210163,13
45.862046978161,6.707315785347,13
45.862130045132,6.720190401806,13
45.862211636669,6.733065058813,13
45.862291752772,6.745939755641,13
45.862370393440,6.758814491564,13
45.862447558673,6.771689265855,13
45.862523248471,6.784564077787,13
45.862597462835,6.797438926634,13
45.862670201764,6.810313811669,13
45.862946403133,6.861813699156,13
45.863316442148,6.939064492492,13
45.863372951296,6.951939727635,13
45.863427985009,6.964814990246,13
45.863533626131,6.990565594966,13
45.863584233540,7.003440935621,13
45.863633365514,7.016316300837,13
45.863681022054,7.029191689888,13
45.863771908829,7.054942536587,13
45.863815139065,7.067817992782,13
45.863856893866,7.080693469905,13
45.863897173233,7.093568967230,13
45.863935977164,7.106444484028,13
45.863973305661,7.119320019575,13
45.864009158724,7.132195573144,13
45.864043536352,7.145071144007,13
45.864076438545,7.157946731438,13
45.864107865303,7.170822334710,13
45.864137816627,7.183697953097,13
45.864166292516,7.196573585872,13
45.864193292970,7.209449232308,13
45.870783681739,6.668565931841,13
45.870871189741,6.681442533578,13
45.870957222060,6.694319178044,13
45.871041778696,6.707195864510,13
45.871124859649,6.720072592252,13
45.871206464918,6.732949360541,13
45.871286594505,6.745826168652,13
45.871365248409,6.758703015857,13
45.871442426630,6.771579901430,13
45.871518129168,6.784456824645,13
45.871592356023,6.797333784774,13
45.871665107195,6.810210781091,13
45.871736382684,6.823087812870,13
45.871806182490,6.835964879383,13
45.871874506613,6.848841979905,13
45.871941355052,6.861719113707,13
45.872006727809,6.874596280065,13
45.872070624883,6.887473478250,13
45.872133046274,6.900350707537,13
45.872193991982,6.913227967198,13
45.872253462007,6.926105256507,13
45.872367975008,6.951859921163,13
45.872423017984,6.964737295057,13
45.872476585277,6.977614695691,13
45.872528676886,6.990492122340,13
45.872579292813,7.003369574278,13
45.872628433057,7.016247050776,13
45.872676097618,7.029124551110,13
45.872722286496,7.042002074551,13
45.872766999691,7.054879620374,13
45.872810237203,7.067757187851,13
45.872851999032,7.080634776256,13
45.872892285178,7.093512384863,13
45.872931095641,7.106390012944,13
45.872968430420,7.119267659774,13
45.873004289517,7.132145324624,13
45.873038672931,7.145023006770,13
45.873071580662,7.157900705483,13
45.873103012710,7.170778420038,13
45.873132969075,7.183656149707,13
45.873161449757,7.196533893764,13
45.873188454756,7.209411651483,13
45.873213984072,7.222289422136,13
45.873238037705,7.235167204997,13
45.879598979499,6.642682337370,13
45.879689454090,6.655560963479,13
45.879778452749,6.668439633769,13
45.879865975477,6.681318347514,13
45.879952022274,6.694197103988,13
45.880036593139,6.707075902462,13
45.880119688074,6.719954742211,13
45.880201307076,6.732833622509,13
45.880281450148,6.745712542627,13
45.880360117288,6.758591501840,13
45.880437308496,6.771470499422,13
45.880513023774,6.784349534644,13
45.880587263120,6.797228606781,13
45.880660026535,6.810107715106,13
45.880731314018,6.822986858893,13
45.880801125570,6.835866037414,13
45.880869461191,6.848745249943,13
45.880936320880,6.861624495754,13
45.881001704638,6.874503774119,13
45.881065612465,6.887383084312,13
45.881128044360,6.900262425607,13
45.881189000325,6.913141797276,13
45.881248480357,6.926021198593,13
45.881363012629,6.951780087265,13
45.881418064867,6.964659573166,13
45.881471641175,6.977539085809,13
45.881523741551,6.990418624466,13
45.881574365996,7.003298188411,13
45.881623514509,7.016177776918,13
45.881671187091,7.029057389259,13
45.881717383742,7.041937024708,13
45.881762104461,7.054816682539,13
45.881805349249,7.067696362024,13
45.881847118106,7.080576062437,13
45.881887411031,7.093455783052,13
45.881926228026,7.106335523141,13
45.882066736688,7.157854663711,13
45.882098174026,7.170734490273,13
45.882128135432,7.183614331951,13
45.882156620907,7.196494188016,13
45.882183630450,7.209374057742,13
45.882209164062,7.222253940404,13
45.882233221743,7.235133835273,13
45.888408325822,6.616790428208,13
45.888501767995,6.629671076508,13
45.888593733988,6.642551770443,13
45.888684223801,6.655432509285,13
45.888773237435,6.668313292309,13
45.888860774889,6.681194118788,13
45.888946836164,6.694074987995,13
45.889582183893,6.797123392656,13
45.889726259028,6.822885870234,13
45.889796082326,6.835767161489,13
45.889864429445,6.848648486752,13
45.889931300384,6.861529845296,13
45.889996695143,6.874411236394,13
45.890060613723,6.887292659321,13
45.890123056122,6.900174113349,13
45.890184022343,6.913055597752,13
45.890243512383,6.925937111802,13
45.890413125427,6.964581824575,13
45.890466710749,6.977463449951,13
45.890518819891,6.990345101342,13
45.890569452854,7.003226778021,13
45.890618609637,7.016108479261,13
45.890666290240,7.028990204335,13
45.890712494663,7.041871952518,13
45.890757222907,7.054753723082,13
45.890800474971,7.067635515301,13
45.890842250856,7.080517328447,13
45.891151805732,7.196454468627,13
45.891178819820,7.209336451087,13
45.891204357728,7.222218446482,13
45.891228419457,7.235100454084,13
45.897308128241,6.603772874126,13
45.897403062562,6.616655589524,13
45.897496520454,6.629538351283,13
45.897588501919,6.642421158676,13
45.897679006955,6.655304010978,13
45.897768035563,6.668186907461,13
45.897855587744,6.681069847399,13
45.898791052525,6.835668251608,13
45.898859411141,6.848551690329,13
45.898926293329,6.861435162332,13
45.898991699090,6.874318666890,13
45.899055628422,6.887202203276,13
45.899179057803,6.912969368624,13
45.899238557851,6.925852996134,13
45.899461793765,6.977387788119,13
45.899752354795,7.054690742004,13
45.900223630613,7.235067061432,13
45.900246219961,7.247951193975,13
45.900267332882,7.260835337273,13
45.900286969374,7.273719490598,13
45.906009151300,6.564981671655,13
45.906206435258,6.590751092473,13
45.906302862223,6.603635874967,13
45.906397812511,6.616520704549,13
45.906491286123,6.629405580493,13
45.906583283058,6.642290502071,13
45.906673803317,6.655175468557,13
45.906762846900,6.668060479225,13
45.906850413807,6.680945533347,13
45.908050656331,6.887111716177,13
45.908174106472,6.912883109894,13
45.909218854978,7.235033657316,13
45.909241448126,7.247919904044,13
45.909262564597,7.260806161526,13
45.909282204393,7.273692429036,13
45.909300367512,7.286578705848,13
45.914902974908,6.551951528969,13
45.915003848863,6.564838280750,13
45.915103245893,6.577725081798,13
45.915201165999,6.590611931388,13
45.915297609179,6.603498828792,13
45.915392575435,6.616385773284,13
45.915486064767,6.629272764138,13
45.915578077174,6.642159800626,13
45.915668612656,6.655046882022,13
45.918277452387,7.273665358187,13
45.918295618560,7.286553749908,13
45.923479332859,6.500251010785,13
45.923586132467,6.513139673862,13
45.923691454902,6.526028389114,13
45.923795300164,6.538917155814,13
45.923897668253,6.551805973235,13
45.923998559169,6.564694840651,13
45.924097972911,6.577583757335,13
45.924195909481,6.590472722561,13
45.924292368878,6.603361735601,13
45.924387351102,6.616250795729,13
45.924480856153,6.629139902218,13
45.927272713123,7.273638278050,13
45.927290882351,7.286528785407,13
45.932365673401,6.487206213151,13
45.932473968384,6.500096939688,13
45.932580785947,6.512987719126,13
45.932686126088,6.525878550740,13
45.932789988807,6.538769433801,13
45.932892374106,6.551660367583,13
45.932993281983,6.564551351360,13
45.933092712439,6.577442384406,13
45.933190665473,6.590333465992,13
45.933382139278,6.616115771883,13
45.936267986368,7.273611188626,13
45.936286158651,7.286503812345,13
45.936364166497,7.363859709291,13
45.936371996830,7.376752377772,13
45.941360302998,6.487049972146,13
45.941468616185,6.499942815770,13
45.941575451702,6.512835712296,13
45.941680809549,6.525728660996,13
45.941784689727,6.538621661144,13
45.941887092235,6.551514712013,13
45.941988017073,6.564407812877,13
45.942087464241,6.577300963009,13
45.945263271889,7.273584089916,13
45.945281447226,7.286478830721,13
45.945298144893,7.299373580101,13
45.945327107219,7.325163101678,13
45.945339371877,7.338057872422,13
45.945350158865,7.350952648834,13
45.945359468184,7.363847430188,13
45.945367299834,7.376742215756,13
45.950245135331,6.473998769788,13
45.950354944639,6.486893677596,13
45.950463276028,6.499788639033,13
45.950570129499,6.512683653370,13
45.950675505053,6.525578719882,13
45.954258569452,7.273556981918,13
45.954276747843,7.286453840536,13
45.954293448317,7.299350707728,13
45.954308670872,7.312247582768,13
45.954322415510,7.325144464930,13
45.954334682229,7.338041353486,13
45.954345471030,7.350938247710,13
45.954354781914,7.363835146876,13
45.954362614879,7.376732050256,13
45.954368969927,7.389628957125,13
45.959239770329,6.473840303154,13
45.959349598088,6.486737329500,13
45.959457947680,6.499634409474,13
45.959564819106,6.512531542350,13
45.963272060270,7.286428841788,13
45.963288763549,7.299327827519,13
45.963303988663,7.312226821097,13
45.963317735609,7.325125821796,13
45.963330004390,7.338024828891,13
45.963340795004,7.350923841653,13
45.963350107452,7.363822859356,13
45.963357941734,7.376721881274,13
45.963364297849,7.389620906681,13
45.968123092278,6.460782690993,13
45.968234416903,6.473681782248,13
45.968344263112,6.486580927858,13
45.968452630907,6.499480127095,13
45.968559520288,6.512379379234,13
45.972313067285,7.325107172278,13
45.972325338127,7.338008298636,13
45.972353280164,7.376711708810,13
45.972359637347,7.389612853480,13
45.977117731494,6.460621995827,13
45.977229074818,6.473523207071,13
45.977338939479,6.486424472670,13
45.977447325477,6.499325791896,13
45.981348629936,7.376701532863,13
45.981354988187,7.389604797521,13
45.981359867775,7.402508064941,13
45.986112381819,6.460461245664,13
45.986223743843,6.473364577622,13
45.986333626955,6.486267963935,13
45.986442031155,6.499171403877,13
45.990350350136,7.389596738806,13
45.990355230543,7.402502126941,13
45.994879844095,6.434489699677,13
45.994994183137,6.447395042186,13
45.995107043020,6.460300440503,13
45.995218423743,6.473205893902,13
45.995328325306,6.486111401655,13
45.999345722961,7.389588677334,13
45.999350604188,7.402496186908,13
46.003874477794,6.434324595188,13
46.003988836032,6.447232059863,13
46.004101714863,6.460139580346,13
46.004213114285,6.473047155910,13
46.004323034299,6.485954785829,13
46.008334744973,7.376670984125,13
46.008341106427,7.389580613104,13
46.008345988474,7.402490244844,13
46.008349391112,7.415399878619,13
46.008351314343,7.428309513702,13
46.012869121902,6.434159434251,13
46.012983499336,6.447069021817,13
46.013096397114,6.459978665191,13
46.013207815236,6.472888363647,13
46.017330137781,7.376660794247,13
46.017336500303,7.389572546117,13
46.017341383169,7.402484300749,13
46.017344786379,7.415396057415,13
46.017346709932,7.428307815389,13
46.021747899649,6.421082562217,13
46.021863776185,6.433994216865,13
46.021978172816,6.446905928048,13
46.022091089542,6.459817695039,13
46.026325540764,7.376650600887,13
46.026331904354,7.389564476374,13
46.026336788040,7.402478354622,13
46.026340191821,7.415392234905,13
46.026342115697,7.428306116496,13
46.026342559668,7.441219998668,13
46.026341523735,7.454133880695,13
46.030742544430,6.420915164041,13
46.030858440410,6.433828943032,13
46.030972856237,6.446742778557,13
46.031085791911,6.459656669890,13
46.035332202853,7.402472406464,13
46.035335607205,7.415388411089,13
46.035337531404,7.428304417022,13
46.035337975450,7.441220423537,13
46.035336939342,7.454136429906,13
46.039737198920,6.420747708692,13
46.039853114345,6.433663612750,13
46.039967549368,6.446579573343,13
46.040080503989,6.459495589744,13
46.044332956819,7.428302716968,13
46.044333400940,7.441220848550,13
46.044332364659,7.454138979988,13
46.048614447367,6.407662223577,13
46.048731862886,6.420580196168,13
46.048847797755,6.433498226020,13
46.048962251974,6.446416312407,13
46.053328835906,7.441221273709,13
46.053327799451,7.454141530940,13
46.053325282347,7.467061787298,13
46.057490184773,6.394572486240,13
46.057609100882,6.407492527361,13
46.057726536093,6.420412626471,13
46.057842490407,6.433332782842,13
46.057956963822,6.446252995748,13
46.062324280114,7.441221699013,13
46.062323243485,7.454144082762,13
46.062320725959,7.467066465640,13
46.062316727534,7.479988846919,13
46.062304287991,7.505833601774,13
46.066484827355,6.394400604880,13
46.066603763406,6.407322773246,13
46.066721218310,6.420244999600,13
46.066837192068,6.433167283215,13
46.066951684679,6.446089623366,13
46.071319733331,7.441222124462,13
46.071318696529,7.454146635456,13
46.071316178580,7.467071145578,13
46.071312179485,7.479995654102,13
46.071306699243,7.492920160300,13
46.071299737855,7.505844663446,13
46.071291295321,7.518769162814,13
46.075479478713,6.394228664895,13
46.075598434705,6.407152961231,13
46.075715909302,6.420077315555,13
46.075831902504,6.433001727141,13
46.080311639976,7.467075827112,13
46.080307640211,7.480002463606,13
46.080302159050,7.492929097774,13
46.080295196496,7.505855728891,13
46.080286752546,7.518782356228,13
46.080276827202,7.531708979061,13
46.084353681038,6.381130299967,13
46.084474138613,6.394056666285,13
46.084593114546,6.406983091317,13
46.084710608836,6.419909574337,13
46.084826621483,6.432836114618,13
46.089297627400,7.492938038296,13
46.089290663678,7.505866798108,13
46.089282218313,7.518795554141,13
46.089272291305,7.531724305669,13
46.089260882654,7.544653051965,13
46.093348329057,6.380956113311,13
46.093468806823,6.393884609050,13
46.093587802697,6.406813163503,13
46.093705316679,6.419741775944,13
46.098293104058,7.492946981865,13
46.098286139169,7.505877871098,13
46.098277692388,7.518808756553,13
46.098267763717,7.531739637502,13
46.098256353153,7.544670513219,13
46.102221005058,6.367851300861,13
46.102342985153,6.380781867305,13
46.102463483107,6.393712493190,13
46.102582498923,6.406643177790,13
46.102700032598,6.419573920378,13
46.107281622736,7.505888947862,13
46.107273174540,7.518821963463,13
46.107263244204,7.531754974559,13
46.107251831729,7.544687980423,13
46.111215648558,6.367674864632,13
46.111337649090,6.380607561948,13
46.111458167234,6.393540318706,13
46.111577202991,6.406473134178,13
46.116268664533,7.518835174872,13
46.116258732534,7.531770316840,13
46.116247318146,7.544705453576,13
46.120086796060,6.354563599580,13
46.120210299666,6.367498368327,13
46.120332320636,6.380433197241,13
46.120452858970,6.393368085596,13
46.120571914668,6.406303032667,13
46.125254228472,7.531785664345,13
46.125242812172,7.544722932679,13
46.125229913236,7.557660195054,13
46.129204958150,6.367321811945,13
46.129326999558,6.380258773183,13
46.129447558082,6.393195793862,13
46.134249731786,7.531801017073,13
46.134238313574,7.544740417731,13
46.138076078798,6.354206161370,13
46.138199623777,6.367145195488,13
46.138321685622,6.380084289775,13
46.138442264335,6.393023443503,13
46.143255179234,7.518874836088,13
46.143245242243,7.531816375026,13
46.143233822118,7.544757908733,13
46.143220918861,7.557699436481,13
46.143206532471,7.570640957543,13
46.147070730647,6.354027351062,13
46.147194296312,6.366968518955,13
46.147316378595,6.379909747016,13
46.147436977498,6.392851034519,13
46.152240759608,7.531831738203,13
46.152229337571,7.544775405684,13
46.152216432154,7.557719067207,13
46.156065389171,6.353848479953,13
46.156188975523,6.366791782346,13
46.156311078244,6.379735144907,13
46.156431697336,6.392678566910,13
46.161246223967,7.518901299391,13
46.161236283649,7.531847106604,13
46.161224859700,7.544792908585,13
46.161211952122,7.557738704608,13
46.164934963223,6.340724171317,13
46.165060054138,6.353669548042,13
46.165183661175,6.366614985661,13
46.165305784335,6.379560483448,13
46.165426423616,6.392506040676,13
46.170231814131,7.531862480229,13
46.170220388271,7.544810417436,13
46.170207478532,7.557758348684,13
46.170193084916,7.570706273247,13
46.173929613464,6.340543042654,13
46.174054725314,6.353490555329,13
46.174178353037,6.366438128899,13
46.174300496635,6.379385762638,13
46.179215923051,7.544827932236,13
46.179203011151,7.557777999435,13
46.179188615126,7.570728059949,13
46.179172734974,7.583678113052,13
46.182924269681,6.340361852463,13
46.183049402465,6.353311501815,13
46.183173050875,6.366261212062,13
46.183295214910,6.379210982477,13
46.188211463806,7.544845452985,13
46.188198549746,7.557797656862,13
46.188184151312,7.570749854052,13
46.188168268503,7.583702043831,13
46.191792293298,6.327228875612,13
46.191918931640,6.340180600745,13
46.192044085359,6.353132387500,13
46.192167754454,6.366084235149,13
46.197207010303,7.544862979684,13
46.197194094083,7.557817320963,13
46.197179693240,7.570771655556,13
46.197163807774,7.583725982738,13
46.200786939583,6.327045424239,13
46.200913599107,6.339999287500,13
46.201038773761,6.352953212383,13
46.201162463543,6.365907198160,13
46.206189643929,7.557836991740,13
46.206175240677,7.570793464461,13
46.206159352554,7.583749929770,13
46.209653425316,6.313905970847,13
46.209781591143,6.326861910613,13
46.209908271851,6.339817912728,13
46.210033467439,6.352773976464,13
46.210157177907,6.365730101095,13
46.215198119592,7.544898050931,13
46.215185199051,7.557856669191,13
46.215170793390,7.570815280766,13
46.215154902609,7.583773884929,13
46.218648060488,6.313720255390,13
46.218776247746,6.326678334735,13
46.218902949637,6.339636476429,13
46.219028166159,6.352594679744,13
46.224180759214,7.557876353318,13
46.224166351145,7.570837104472,13
46.224150457707,7.583797848213,13
46.224133078901,7.596758583816,13
46.227642700468,6.313534476954,13
46.227770909158,6.326494696604,13
46.227897632231,6.339454978602,13
46.228022869688,6.352415322222,13
46.233176324187,7.557896044120,13
46.233161913708,7.570858935578,13
46.233146017613,7.583821819624,13
46.233128635902,7.596784695532,13
46.236637345024,6.313348635540,13
46.236765575145,6.326310996221,13
46.236892319401,6.339273419249,13
46.237017577793,6.352235903899,13
46.242171893735,7.557915741597,13
46.242157480848,7.570880774085,13
46.242141582096,7.583845799162,13
46.242124197479,7.596810816099,13
46.242105326998,7.609775824172,13
46.245631993923,6.313162731149,13
46.245760245475,6.326127233585,13
46.245887010913,6.339091798369,13
46.246012290239,6.352056424774,13
46.251153052329,7.570902619993,13
46.251137150920,7.583869786825,13
46.251119763398,7.596836945518,13
46.251100889763,7.609804095346,13
46.254626646930,6.312976763778,13
46.254754919913,6.325943408696,13
46.254881706535,6.338910115961,13
46.255007006795,6.351876884847,13
46.260148627919,7.570924473302,13
46.260132723853,7.583893782615,13
46.260115333425,7.596863083789,13
46.260096456637,7.609832376098,13
46.263621303813,6.312790733430,13
46.263749598227,6.325759521554,13
46.263876406031,6.338728372026,13
46.264001727226,6.351697284119,13
46.269144207385,7.570946334011,13
46.269128300662,7.583917786531,13
46.269110907329,7.596889230912,13
46.269092027386,7.609860666428,13
46.272486161634,6.299633771122,13
46.272615964338,6.312604640104,13
46.272744280183,6.325575572160,13
46.272871109170,6.338546566564,13
46.272996451300,6.351517622590,13
46.278139790493,7.570968202120,13
46.278123881113,7.583941798573,13
46.278106484874,7.596915386886,13
46.278087601778,7.609888966335,13
46.281480803889,6.299445470159,13
46.281610628271,6.312418483799,13
46.281738965548,6.325391560513,13
46.281865815718,6.338364699575,13
46.287135377010,7.570990077631,13
46.287119464973,7.583965818741,13
46.287102065829,7.596941551713,13
46.287083179578,7.609917275819,13
46.290475449319,6.299257105493,13
46.290605295381,6.312232264516,13
46.290733654089,6.325207486614,13
46.290860525442,6.338182771059,13
46.296130966703,7.571011960542,13
46.296115052008,7.583989847036,13
46.296097649959,7.596967725391,13
46.296078760554,7.609945594880,13
46.299470097691,6.299068677123,13
46.299599965433,6.312045982255,13
46.299728345571,6.325023350461,13
46.299855238107,6.338000781016,13
46.305140989087,7.558053810839,13
46.305126559338,7.571033850854,13
46.305110641986,7.584013883457,13
46.305093237031,7.596993907921,13
46.305074344473,7.609973923519,13
46.308464748772,6.298880185049,13
46.308594638193,6.311859637015,13
46.308723039763,6.324839152056,13
46.308849953482,6.337818729446,13
46.314122154682,7.571055748566,13
46.314106234672,7.584037928004,13
46.314088826812,7.597020099302,13
46.314069931100,7.610002261735,13
46.317589313429,6.311673228798,13
46.317717736430,6.324654891399,13
46.317844671332,6.337636616348,13
46.317970118134,6.350618402919,13
46.323132187068,7.558093319270,13
46.323117752501,7.571077653679,13
46.323101829834,7.584061980677,13
46.323084419068,7.597046299535,13
46.323065520202,7.610030609529,13
46.326583990907,6.311486757602,13
46.326712435340,6.324470568489,13
46.326839391424,6.337454441724,13
46.326964859161,6.350438376580,13
46.332127789538,7.558113083498,13
46.332113352562,7.571099566193,13
46.332097427239,7.584086041476,13
46.332080013567,7.597072508621,13
46.335448715935,6.298314326604,13
46.335578670395,6.311300223428,13
46.335707136258,6.324286183326,13
46.335834113525,6.337272205572,13
46.335959602196,6.350258289440,13
46.341123394017,7.558132854402,13
46.341108954633,7.571121486108,13
46.341093026652,7.584110110402,13
46.341075610075,7.597098726557,13
46.344573351657,6.311113626275,13
46.344701838952,6.324101735910,13
46.344828837402,6.337089907893,13
46.344954347008,6.350078141498,13
46.350143417324,7.532171049765,13
46.350131953220,7.545161843852,13
46.350119000272,7.558152631980,13
46.350104558479,7.571143413423,13
46.350088627841,7.584134187454,13
46.353438036644,6.297936769122,13
46.353568034462,6.310926966145,13
46.353696543188,6.323917226242,13
46.353823562821,6.336907548687,13
46.353949093361,6.349897932754,13
46.359139029194,7.532186533093,13
46.359127563178,7.545179477643,13
46.359114608069,7.558172416233,13
46.359100163867,7.571165348139,13
46.362432699078,6.297747894826,13
46.362562718576,6.310740243036,13
46.362691248733,6.323732654321,13
46.362818289549,6.336725127954,13
46.362943841023,6.349717663209,13
46.368134642373,7.532202021646,13
46.368123174444,7.545197117383,13
46.368110217175,7.558192207162,13
46.368095770564,7.571187290255,13
46.371557403766,6.310553456949,13
46.371685955354,6.323548020148,13
46.371813017352,6.336542645694,13
46.371938589761,6.349537332862,13
46.377140236877,7.519220262540,13
46.377130256627,7.532217515423,13
46.377118786786,7.545214763074,13
46.377105827356,7.558212004766,13
46.377091378336,7.571209239772,13
46.380552089797,6.310366607884,13
46.380680662817,6.323363323722,13
46.380807745998,6.336360101907,13
46.380933339342,6.349356941714,13
46.386135853638,7.519233608902,13
46.386125871723,7.532233014424,13
46.386114399970,7.545232414713,13
46.386101438380,7.558231809044,13
46.386086986951,7.571231196690,13
46.389546776438,6.310179695840,13
46.389675370888,6.323178565043,13
46.389802475253,6.336177496593,13
46.389928089531,6.349176489764,13
46.390052213722,6.362175543831,13
46.395131471007,7.519246959762,13
46.395121487428,7.532248518649,13
46.395110013763,7.545250072303,13
46.395097050012,7.558251619998,13
46.398670079336,6.322993744111,13
46.398797204883,6.335994829751,13
46.398922840095,6.348995977013,13
46.399046984973,6.361997185169,13
46.404127088751,7.519260315121,13
46.404117103509,7.532264028097,13
46.404105627932,7.545267735842,13
46.404092662020,7.558271437627,13
46.407664787925,6.322808860927,13
46.407791934655,6.335812101383,13
46.407917590802,6.348815403460,13
46.408041756366,6.361818766432,13
46.413122706638,7.519273674978,13
46.413112719732,7.532279542770,13
46.413101242243,7.545285405330,13
46.416659496424,6.322623915490,13
46.416786664336,6.335629311487,13
46.416912341418,6.348634769106,13
46.417036527668,6.361640287619,13
46.422118324434,7.519287039334,13
46.422108335864,7.532295062667,13
46.422096856462,7.545303080768,13
46.422083886230,7.558311092911,13
46.425654204597,6.322438907801,13
46.425781393693,6.335446460065,13
46.425907091709,6.348454073950,13
46.426031298645,6.361461748730,13
46.431113941905,7.519300408188,13
46.431103951671,7.532310587788,13
46.431092470358,7.545320762156,13
46.431079497965,7.558330930565,13
46.434648912214,6.322253837858,13
46.434776122492,6.335263547115,13
46.434901841442,6.348273317992,13
46.435026069065,6.361283149765,13
46.440109558818,7.519313781540,13
46.440099566921,7.532326118133,13
46.440088083695,7.545338449493,13
46.440075109142,7.558350774895,13
46.443643619039,6.322068705663,13
46.443770850500,6.335080572638,13
46.443896590385,6.348092501233,13
46.444020838693,6.361104490723,13
46.444143595426,6.374116540382,13
46.449095181379,7.532341653701,13
46.449083696242,7.545356142780,13
46.452765577483,6.334897536634,13
46.452891338303,6.347911623673,13
46.453015607297,6.360925771606,13
46.453138384468,6.373939979708,13
46.453259669813,6.386954247251,13
46.453379463334,6.399968573508,13
46.458090794813,7.532357194494,13
46.458079307764,7.545373842016,13
46.458066328889,7.558390483579,13
46.461886084963,6.347730685310,13
46.462010374644,6.360746992413,13
46.462133172252,6.373763359684,13
46.462254477787,6.386779786396,13
46.462374291248,6.399796271822,13
46.467086406990,7.532372740511,13
46.467074918028,7.545391547202,13
46.467061936993,7.558410347934,13
46.467047463884,7.571429141980,13
46.471005140499,6.360568153144,13
46.471127958545,6.373586680309,13
46.471249284269,6.386605266916,13
46.471369117672,6.399623912237,13
46.471487458754,6.412642615546,13
46.476100522459,7.506346343612,13
46.476092016228,7.519367319935,13
46.476082017675,7.532388291752,13
46.476070526801,7.545409258337,13
46.476057543605,7.558430218964,13
46.476043068088,7.571451172905,13
46.480122743113,6.373409941584,13
46.480244089027,6.386430688811,13
46.480363942371,6.399451494752,13
46.480482303146,6.412472358681,13
46.485103149577,7.493334438115,13
46.485096134500,7.506357578837,13
46.485087626852,7.519380715779,13
46.485077626636,7.532403848217,13
46.485066133849,7.545426975422,13
46.485053148493,7.558450096669,13
46.489117525724,6.373233143508,13
46.489238891827,6.386256052081,13
46.489358765113,6.399279019368,13
46.489477145580,6.412302044643,13
46.494104284253,7.480318210648,13
46.494098760826,7.493343515767,13
46.494091744582,7.506368817834,13
46.494083235519,7.519394116122,13
46.494073233639,7.532419409905,13
46.494061738940,7.545444698456,13
46.498112306144,6.373056286082,13
46.498233692437,6.386081356726,13
46.498353585663,6.399106486084,13
46.498471985823,6.412131673430,13
46.498588892917,6.425156918038,13
46.503103925509,7.467297659761,13
46.503099894230,7.480325129276,13
46.503094369885,7.493352596466,13
46.503087352473,7.506380060604,13
46.503078841995,7.519407520964,13
46.507228490621,6.385906602746,13
46.507348403789,6.398933894901,13
46.507466823642,6.411961245044,13
46.507583750181,6.424988652449,13
46.512095501783,7.480332050226,13
46.512089976519,7.493361680213,13
46.512082957940,7.506391307148,13
46.516223286148,6.385731790142,13
46.516343219257,6.398761245819,13
46.516461658803,6.411790759484,13
46.516578604786,6.424820330411,13
46.516694057206,6.437849957872,13
46.521095139298,7.467307177663,13
46.521091106678,7.480338973497,13
46.521085580495,7.493370767007,13
46.521078560749,7.506402557464,13
46.525338031834,6.398588538838,13
46.525456491073,6.411620216751,13
46.525573456500,6.424651951925,13
46.525688928117,6.437683743634,13
46.530093281452,7.454277977327,13
46.530090741972,7.467311939008,13
46.530086708682,7.480345899090,13
46.530081181580,7.493379856848,13
46.530074160667,7.506413811553,13
46.534451320219,6.411449616843,13
46.534568305090,6.424483516991,13
46.534683795903,6.437517473674,13
46.534797792655,6.450551486165,13
46.539089927266,7.441244447768,13
46.539088881424,7.454280575295,13
46.539086341522,7.467316701950,13
46.539082307561,7.480352827006,13
46.539076779541,7.493388949736,13
46.539069757460,7.506425069415,13
46.543446146006,6.411278959762,13
46.543563150323,6.424315025609,13
46.543678660331,6.437351147991,13
46.543792676031,6.450387326180,13
46.548085075761,7.428206587537,13
46.548085524054,7.441244880908,13
46.548084478038,7.454283174134,13
46.548081937715,7.467321466487,13
46.548077903083,7.480359757242,13
46.548072374143,7.493398045672,13
46.552557991964,6.424146477779,13
46.552673521168,6.437184766585,13
46.552787555816,6.450223111199,13
46.552900095908,6.463261510895,13
46.557078725961,7.415164395183,13
46.557080668884,7.428204854397,13
46.557081117251,7.441245314193,13
46.557080071061,7.454285773843,13
46.557077530316,7.467326232621,13
46.557073495013,7.480366689801,13
46.561552829780,6.423977873500,13
46.561668378181,6.437018329456,13
46.561782431777,6.450058841221,13
46.561894990568,6.463099408066,13
46.566074314936,7.415160494313,13
46.566076258182,7.428203120677,13
46.566076706623,7.441245747623,13
46.566075660260,7.454288374423,13
46.570663231136,6.436851836605,13
46.570777303680,6.449894516245,13
46.570889881171,6.462937250966,13
46.575066461231,7.402111799205,13
46.575069899853,7.415156592137,13
46.575071843422,7.428201386377,13
46.575072291938,7.441246181198,13
46.575071245401,7.454290975874,13
46.579658079800,6.436685288031,13
46.579772171291,6.449730136272,13
46.579884767482,6.462775039595,13
46.579995868371,6.475819997272,13
46.584057106792,7.389058767623,13
46.584062041287,7.402105727121,13
46.584065480480,7.415152688655,13
46.584067424371,7.428199651496,13
46.584067872962,7.441246614918,13
46.584066826251,7.454293578196,13
46.588652923939,6.436518683735,13
46.588767034379,6.449565701303,13
46.588879649269,6.462612773952,13
46.588990768609,6.475659900956,13
46.593046250640,7.376001398117,13
46.593052681504,7.389050524181,13
46.593057616817,7.402099653006,13
46.593061056582,7.415148783866,13
46.593063000796,7.428197916034,13
46.593063449461,7.441247048784,13
46.597761892708,6.449401211336,13
46.597874526298,6.462450454038,13
46.597985664089,6.475499751094,13
46.598095306082,6.488549101778,13
46.602041819526,7.375990981866,13
46.602048251457,7.389042277982,13
46.602053187590,7.402093576860,13
46.602056627926,7.415144877772,13
46.606756746047,6.449236666372,13
46.606869398335,6.462288079851,13
46.606980554578,6.475339547686,13
46.607090214774,6.488391069148,13
46.611029454375,7.362927098726,13
46.611037383420,7.375980562132,13
46.611043816419,7.389034029026,13
46.611048753372,7.402087498682,13
46.611052194279,7.415140970372,13
46.615864265149,6.462125651394,13
46.615975439843,6.475179290731,13
46.616085118242,6.488232983697,13
46.616193300346,6.501286729564,13
46.620015585072,7.349858873311,13
46.620025011728,7.362914504006,13
46.620032942090,7.375970138916,13
46.620039376157,7.389025777313,13
46.620044313930,7.402081418472,13
46.624859126505,6.461963168665,13
46.624970319649,6.475018980231,13
46.625080016251,6.488074845426,13
46.625188216310,6.501130763522,13
46.625294919826,6.514186733792,13
46.625400126799,6.527242755511,13
46.628973871483,7.310670725936,13
46.628987789333,7.323728511856,13
46.629000210640,7.336786304171,13
46.629011135404,7.349844102154,13
46.629020563625,7.362901905078,13
46.629028495303,7.375959712216,13
46.629034930437,7.389017522843,13
46.629039869029,7.402075336231,13
46.633853982169,6.461800631664,13
46.633965193765,6.474858616185,13
46.634074908570,6.487916654334,13
46.634183126583,6.500974745385,13
46.634289847805,6.514032888610,13
46.634395072236,6.527091083283,13
46.634498799875,6.540149328678,13
46.637969409940,7.310649430982,13
46.637983330099,7.323709389856,13
46.637995753468,7.336769355126,13
46.638006680044,7.349829326063,13
46.638016109830,7.362889301941,13
46.638024042824,7.375949282034,13
46.638030479026,7.389009265616,13
46.642960061956,6.474698198593,13
46.643069794964,6.487758410422,13
46.643178030932,6.500818675153,13
46.643284769860,6.513878992058,13
46.643390011749,6.526939360411,13
46.643493756598,6.539999779486,13
46.643596004407,6.553060248555,13
46.646932606416,7.284503885898,13
46.646949522964,7.297566003483,13
46.646964942473,7.310628128917,13
46.646978864942,7.323690261471,13
46.646991290371,7.336752400421,13
46.647002218760,7.349814545038,13
46.647011650110,7.362876694597,13
46.647019584420,7.375938848370,13
46.652172929123,6.500662552826,13
46.652279685757,6.513725044137,13
46.652384945103,6.526787586896,13
46.652488707162,6.539850180376,13
46.652590971932,6.552912823851,13
46.652691739415,6.565975516594,13
46.655868385635,7.245285406293,13
46.655889796854,7.258349670380,13
46.655909710784,7.271413944495,13
46.655928127427,7.284478227911,13
46.655945046781,7.297542519902,13
46.655960468847,7.310606819741,13
46.655974393626,7.323671126702,13
46.655986821116,7.336735440056,13
46.655997751319,7.349799759079,13
46.661274595263,6.513571044846,13
46.661379872067,6.526635762737,13
46.661483651335,6.539700531348,13
46.661585933067,6.552765349954,13
46.661686717262,6.565830217828,13
46.664840978041,7.232186785887,13
46.664863890347,7.245253214351,13
46.664885305116,7.258319653569,13
46.664905222349,7.271386102815,13
46.664923642046,7.284452561363,13
46.664940564207,7.297519028485,13
46.664955988831,7.310585503455,13
46.664969915919,7.323651985547,13
46.670374792406,6.526483887933,13
46.670478588884,6.539550832402,13
46.670580887577,6.552617826865,13
46.670681688485,6.565684870596,13
46.670780991608,6.578751962868,13
46.670878796947,6.591819102955,13
46.673812058438,7.219083814511,13
46.673836472328,7.232152407350,13
46.673859388433,7.245221011671,13
46.673880806754,7.258289626746,13
46.673900727290,7.271358251849,13
46.673919150042,7.284426886253,13
46.673936075008,7.297495529232,13
46.679473519575,6.539401083537,13
46.679575835229,6.552470254583,13
46.679676652850,6.565539474896,13
46.679775972438,6.578608743751,13
46.679873793992,6.591678060420,13
46.679970117514,6.604747424177,13
46.682629575499,7.140622913202,13
46.682662981635,7.153693598475,13
46.682694889738,7.166764299590,13
46.682725299808,7.179835015819,13
46.682754211845,7.192905746436,13
46.682781625849,7.205976490715,13
46.682807541820,7.219047247928,13
46.682831959758,7.232118017349,13
46.682854879662,7.245188798252,13
46.682876301534,7.258259589909,13
46.682896225373,7.271330391595,13
46.688570775790,6.552322633108,13
46.688671610123,6.565394030729,13
46.688770946176,6.578465476891,13
46.688868783947,6.591536970869,13
46.688965123437,6.604608511934,13
46.689059964645,6.617680099360,13
46.689153307572,6.630751732422,13
46.691553704096,7.114427595850,13
46.691590112333,7.127500424568,13
46.691625022288,7.140573270582,13
46.691658433961,7.153646133163,13
46.691690347354,7.166719011585,13
46.691720762465,7.179791905123,13
46.691749679295,7.192864813048,13
46.691777097843,7.205937734634,13
46.691803018110,7.219010669156,13
46.691827440096,7.232083615885,13
46.691850363800,7.245156574095,13
46.697666560073,6.565248538095,13
46.697765912590,6.578322162291,13
46.697863766577,6.591395834301,13
46.697960122035,6.604469553400,13
46.698054978963,6.617543318860,13
46.698148337361,6.630617129955,13
46.698240197229,6.643690985957,13
46.698330558568,6.656764886141,13
46.700471807609,7.088223621907,13
46.700511218939,7.101298591890,13
46.700549131740,7.114373580621,13
46.700585546011,7.127448587373,13
46.700620461752,7.140523611419,13
46.700653878963,7.153598652034,13
46.700685797645,7.166673708490,13
46.700716217798,7.179748780060,13
46.700745139420,7.192823866019,13
46.700772562513,7.205898965639,13
46.700798487076,7.218974078194,13
46.700822913110,7.232049202956,13
46.706760871446,6.578178799949,13
46.706858741649,6.591254650718,13
46.706955113075,6.604330548576,13
46.707049985722,6.617406492795,13
46.707143359592,6.630482482648,13
46.707235234683,6.643558517410,13
46.707325610996,6.656634596353,13
46.707414488532,6.669710718751,13
46.707501867289,6.682786883876,13
46.707587747269,6.695863091003,13
46.709199233374,7.009702773118,13
46.709247643904,7.022779794111,13
46.709294555655,7.035856838213,13
46.709339968628,7.048933904696,13
46.709383882824,7.062010992833,13
46.709426298241,7.075088101899,13
46.709467214881,7.088165231166,13
46.709506632742,7.101242379908,13
46.709544551825,7.114319547397,13
46.709580972131,7.127396732908,13
46.709615893658,7.140473935714,13
46.709649316408,7.153551155088,13
46.709681240379,7.166628390303,13
46.709711665572,7.179705640632,13
46.709740591988,7.192782905350,13
46.709768019625,7.205860183729,13
46.715950096324,6.604191497461,13
46.716044984691,6.617269621165,13
46.716138374031,6.630347790503,13
46.716230264345,6.643426004749,13
46.716320655633,6.656504263177,13
46.716409547895,6.669582565059,13
46.716496941130,6.682660909669,13
46.716582835339,6.695739296281,13
46.716667230522,6.708817724167,13
46.716750126678,6.721896192601,13
46.717930010305,6.944235655686,13
46.718040338643,6.970393830504,13
46.718093254273,6.983472957298,13
46.718144670876,6.996552109381,13
46.718194588453,7.009631286024,13
46.718243007003,7.022710486502,13
46.718289926527,7.035789710088,13
46.718335347025,7.048868956056,13
46.718379268497,7.061948223678,13
46.718421690942,7.075027512228,13
46.718462614361,7.088106820980,13
46.718502038754,7.101186149206,13
46.718539964120,7.114265496180,13
46.718576390460,7.127344861176,13
46.718611317773,7.140424243466,13
46.718644746061,7.153503642324,13
46.725133380446,6.630213053518,13
46.725225285984,6.643293447974,13
46.725315692246,6.656373886612,13
46.725404599234,6.669454368704,13
46.725492006947,6.682534893525,13
46.725577915385,6.695615460346,13
46.725662324549,6.708696068443,13
46.725745234438,6.721776717087,13
46.725826645052,6.734857405553,13
46.725906556392,6.747938133113,13
46.725984968457,6.761018899041,13
46.726061881248,6.774099702611,13
46.726491873222,6.852585273803,13
46.726558291090,6.865666320516,13
46.726808969814,6.917990818378,13
46.726867891308,6.931072016964,13
46.726925313528,6.944153243744,13
46.726981236473,6.957234497993,13
46.727035660144,6.970315778982,13
46.727088584539,6.983397085986,13
46.727140009660,6.996478418279,13
46.727189935507,7.009559775132,13
46.727238362079,7.022641155821,13
46.727285289376,7.035722559617,13
46.727330717398,7.048803985795,13
46.727374646146,7.061885433627,13
46.727417075619,7.074966902387,13
46.727458005817,7.088048391349,13
46.727497436741,7.101129899785,13
46.727535368390,7.114211426970,13
46.734310720601,6.656243466659,13
46.734399642315,6.669326129687,13
46.734487064506,6.682408835443,13
46.734572987173,6.695491583200,13
46.734657410318,6.708574372232,13
46.734740333940,6.721657201812,13
46.734821758039,6.734740071214,13
46.734901682615,6.747822979710,13
46.734980107668,6.760905926574,13
46.735057033198,6.773988911079,13
46.735132459205,6.787071932499,13
46.735206385689,6.800154990107,13
46.735278812650,6.813238083176,13
46.735349740087,6.826321210980,13
46.735419168002,6.839404372792,13
46.735487096394,6.852487567886,13
46.735553525263,6.865570795533,13
46.735618454609,6.878654055009,13
46.735681884432,6.891737345587,13
46.735743814732,6.904820666539,13
46.735804245509,6.917904017139,13
46.735863176763,6.930987396660,13
46.735920608494,6.944070804376,13
46.735976540701,6.957154239560,13
46.736030973386,6.970237701485,13
46.736083906548,6.983321189425,13
46.736135340187,6.996404702653,13
46.736185274303,7.009488240443,13
46.736233708896,7.022571802067,13
46.736280643966,7.035655386799,13
46.736326079513,7.048738993912,13
46.736370015537,7.061822622680,13
46.736412452038,7.074906272376,13
46.736453389015,7.087989942273,13
46.743568050471,6.695367664843,13
46.743652487597,6.708452635536,13
46.743735424951,6.721537646777,13
46.743816862535,6.734622697840,13
46.743896800347,6.747707787997,13
46.743975238388,6.760792916522,13
46.744052176657,6.773878082689,13
46.744127615155,6.786963285770,13
46.744201553882,6.800048525039,13
46.744273992837,6.813133799770,13
46.744344932021,6.826219109235,13
46.744414371434,6.839304452708,13
46.744482311075,6.852389829463,13
46.744548750946,6.865475238772,13
46.744613691044,6.878560679909,13
46.744677131372,6.891646152148,13
46.744739071928,6.904731654761,13
46.744799512712,6.917817187022,13
46.744858453726,6.930902748205,13
46.744915894968,6.943988337582,13
46.744971836439,6.957073954427,13
46.745026278138,6.970159598014,13
46.745079220066,6.983245267615,13
46.745130662223,6.996330962504,13
46.752647556151,6.708330858354,13
46.752730507238,6.721418051982,13
46.752811958306,6.734505285431,13
46.752891909354,6.747592557975,13
46.752970360383,6.760679868887,13
46.753047311392,6.773767217441,13
46.753122762381,6.786854602909,13
46.753196713351,6.799942024565,13
46.753269164301,6.813029481682,13
46.753340115231,6.826116973534,13
46.753409566141,6.839204499394,13
46.753477517032,6.852292058535,13
46.753543967903,6.865379650231,13
46.753608918755,6.878467273755,13
46.753672369587,6.891554928380,13
46.753734320399,6.904642613380,13
46.753794771192,6.917730328028,13
46.753853721965,6.930818071598,13
46.753911172718,6.943905843362,13
46.753967123451,6.956993642594,13
46.754021574165,6.970081468567,13
46.761887009404,6.747477289644,13
46.762117900649,6.786745883914,13
46.762191863862,6.799835488683,13
46.762264326806,6.812925128912,13
46.762335289482,6.826014803877,13
46.762604137508,6.878373836547,13
46.762667598844,6.891463674285,13
46.762729559913,6.904553542397,13
46.771259480120,6.812820741461,13
