45.81600269,8.31857969,14
45.81590112,8.33144319,14
45.81579807,8.34430664,14
45.81569355,8.35717003,14
45.81558756,8.37003338,14
45.81548009,8.38289667,14
45.80299898,9.36029762,14
45.80277800,9.37315467,14
45.80255555,9.38601162,14
45.80233162,9.39886846,14
45.80210621,9.41172519,14
45.82499724,8.31872386,14
45.82489565,8.33158946,14
45.82479259,8.34445502,14
45.82468805,8.35732052,14
45.81199134,9.36061250,14
45.81177032,9.37347167,14
45.81154783,9.38633072,14
45.81132386,9.39918967,14
45.81109842,9.41204851,14
45.81087150,9.42490723,14
45.83419059,8.29313249,14
45.83409193,8.30600031,14
45.83399180,8.31886807,14
45.83389020,8.33173578,14
45.83378711,8.34460345,14
45.83368256,8.35747106,14
45.82054012,9.38664993,14
45.82031612,9.39951099,14
45.82009064,9.41237193,14
45.81986368,9.42523276,14
45.81963526,9.43809349,14
45.84318520,8.29327254,14
45.84308653,8.30614246,14
45.84298638,8.31901233,14
45.84288476,8.33188215,14
45.84278166,8.34475193,14
45.82953244,9.38696925,14
45.82930839,9.39983241,14
45.82908288,9.41269547,14
45.82885588,9.42555841,14
45.82862741,9.43842124,14
45.85227704,8.28054055,14
45.85217983,8.29341263,14
45.85208114,8.30628466,14
45.85198097,8.31915664,14
45.85187933,8.33202858,14
45.85177621,8.34490046,14
45.83830068,9.40015395,14
45.83807513,9.41301912,14
45.83784810,9.42588417,14
45.83761959,9.43874911,14
45.83738961,9.45161393,14
45.86127170,8.28067858,14
45.86117447,8.29355277,14
45.86107576,8.30642691,14
45.86097558,8.31930101,14
45.84706739,9.41334288,14
45.84684032,9.42621004,14
45.84661178,9.43907709,14
45.84638176,9.45194403,14
45.87045643,8.25506391,14
45.87036214,8.26794031,14
45.87026637,8.28081666,14
45.87016912,8.29369296,14
45.87007040,8.30656921,14
45.86997020,8.31944542,14
45.85605967,9.41366675,14
45.85583256,9.42653602,14
45.85560398,9.43940518,14
45.85537392,9.45227423,14
45.85514239,9.46514317,14
45.87954399,8.24231926,14
45.87945115,8.25519782,14
45.87935684,8.26807632,14
45.87926105,8.28095478,14
45.87916379,8.29383320,14
45.87906505,8.30671156,14
45.87896483,8.31958988,14
45.86482482,9.42686211,14
45.86459620,9.43973339,14
45.86436610,9.45260455,14
45.86413453,9.46547560,14
45.86390148,9.47834653,14
45.88863011,8.22957038,14
45.88853873,8.24245110,14
45.88844588,8.25533176,14
45.88835155,8.26821238,14
45.88825575,8.28109296,14
45.88815847,8.29397348,14
45.87381709,9.42718832,14
45.87358843,9.44006171,14
45.87335829,9.45293498,14
45.87312668,9.46580814,14
45.87289359,9.47868118,14
45.87265902,9.49155412,14
45.89762488,8.22970015,14
45.89753349,8.24258298,14
45.89744062,8.25546576,14
45.89734628,8.26834849,14
45.89725046,8.28123118,14
45.88258067,9.44039014,14
45.88235050,9.45326552,14
45.88211884,9.46614080,14
45.88188572,9.47901596,14
45.88165111,9.49189100,14
45.90670960,8.21694498,14
45.90661967,8.22982996,14
45.90652826,8.24271490,14
45.90643538,8.25559980,14
45.90634102,8.26848464,14
45.89134271,9.45359618,14
45.89111102,9.46647357,14
45.89087786,9.47935084,14
45.89064321,9.49222800,14
45.91570441,8.21707272,14
45.91561447,8.22995982,14
45.91552305,8.24284687,14
45.91543015,8.25573388,14
45.91533577,8.26862084,14
45.90010321,9.46680646,14
45.89987001,9.47968585,14
45.89963533,9.49256512,14
45.89939916,9.50544428,14
45.92469924,8.21720050,14
45.92460928,8.23008972,14
45.92451784,8.24297889,14
45.92442493,8.25586801,14
45.90909542,9.46713946,14
45.90886217,9.48002096,14
45.90862745,9.49290235,14
45.90839125,9.50578362,14
45.93369408,8.21732833,14
45.93360411,8.23021966,14
45.93351265,8.24311095,14
45.93341972,8.25600219,14
45.91808764,9.46747257,14
45.91785435,9.48035619,14
45.91761959,9.49323970,14
45.91738335,9.50612309,14
45.91714563,9.51900636,14
45.94277745,8.20456271,14
45.94268893,8.21745620,14
45.94259894,8.23034965,14
45.94250748,8.24324305,14
45.92684654,9.48069154,14
45.92661174,9.49357716,14
45.92637546,9.50646267,14
45.92613770,9.51934806,14
45.92589847,9.53223333,14
45.95177233,8.20468851,14
45.95168380,8.21758412,14
45.95159379,8.23047968,14
45.95150231,8.24337521,14
45.93560390,9.49391474,14
45.93536759,9.50680237,14
45.93512979,9.51968987,14
45.93489051,9.53257726,14
45.96076722,8.20481435,14
45.96067868,8.21771208,14
45.96058866,8.23060976,14
45.96049716,8.24350740,14
45.94459608,9.49425244,14
45.94435972,9.50714218,14
45.94412188,9.52003180,14
45.94388257,9.53292131,14
45.94364177,9.54581070,14
45.96976212,8.20494023,14
45.96967356,8.21784008,14
45.96958353,8.23073989,14
45.96949202,8.24363964,14
45.95358827,9.49459025,14
45.95335187,9.50748211,14
45.95311399,9.52037385,14
45.95287463,9.53326548,14
45.95263380,9.54615699,14
45.97884413,8.19216415,14
45.97875704,8.20506616,14
45.97866846,8.21796813,14
45.97857841,8.23087005,14
45.97848688,8.24377193,14
45.96234403,9.50782215,14
45.96210611,9.52071602,14
45.96186671,9.53360977,14
45.96162584,9.54650340,14
45.98783907,8.19228800,14
45.98775196,8.20519213,14
45.98766338,8.21809622,14
45.98757331,8.23100026,14
45.97133619,9.50816232,14
45.97109824,9.52105830,14
45.97085880,9.53395417,14
45.97061789,9.54684992,14
45.99683402,8.19241189,14
45.99674690,8.20531814,14
45.99665830,8.21822435,14
45.99656822,8.23113052,14
45.98032837,9.50850260,14
45.98009038,9.52140070,14
45.97985090,9.53429869,14
45.97960995,9.54719657,14
46.00574185,8.20544420,14
46.00565323,8.21835253,14
46.00556313,8.23126082,14
45.98932056,9.50884299,14
45.98908253,9.52174322,14
45.98884301,9.53464333,14
45.98860202,9.54754333,14
46.01482396,8.19265980,14
46.01473680,8.20557030,14
46.01464817,8.21848076,14
46.01455806,8.23139117,14
45.99831277,9.50918350,14
45.99807469,9.52208586,14
45.99783513,9.53498809,14
45.99759410,9.54789021,14
46.02381894,8.19278382,14
46.02373177,8.20569644,14
46.02364312,8.21860902,14
46.02355300,8.23152156,14
46.00730498,9.50952413,14
46.00706686,9.52242861,14
46.00682726,9.53533297,14
46.00658619,9.54823721,14
46.00634363,9.56114133,14
46.03281393,8.19290788,14
46.03272675,8.20582263,14
46.03263809,8.21873733,14
46.03254795,8.23165199,14
46.01605904,9.52277148,14
46.01581941,9.53567796,14
46.01557829,9.54858432,14
46.01533569,9.56149057,14
46.04180893,8.19303199,14
46.04172174,8.20594886,14
46.04163306,8.21886569,14
46.04154290,8.23178247,14
46.02505123,9.52311446,14
46.02481156,9.53602307,14
46.02457040,9.54893156,14
46.02432776,9.56183993,14
46.05080394,8.19315613,14
46.05071673,8.20607513,14
46.05062804,8.21899408,14
46.05053787,8.23191299,14
46.03404343,9.52345757,14
46.03380372,9.53636830,14
46.03356252,9.54927892,14
46.03331984,9.56218941,14
46.03307568,9.57509979,14
46.05988471,8.18035916,14
46.05979896,8.19328032,14
46.05971174,8.20620145,14
46.05962303,8.21912253,14
46.05953285,8.23204356,14
46.04279589,9.53671365,14
46.04255465,9.54962639,14
46.04231193,9.56253901,14
46.04206773,9.57545152,14
46.06896403,8.16755793,14
46.06887975,8.18048126,14
46.06879399,8.19340455,14
46.06870675,8.20632780,14
46.05178806,9.53705911,14
46.05154679,9.54997398,14
46.05130403,9.56288873,14
46.05105978,9.57580336,14
46.07804191,8.15475244,14
46.07795910,8.16767794,14
46.07787481,8.18060341,14
46.07778903,8.19352883,14
46.06078025,9.53740469,14
46.06053893,9.55032169,14
46.06029613,9.56323857,14
46.06005185,9.57615533,14
46.08703700,8.15487037,14
46.08695417,8.16779800,14
46.08686987,8.18072559,14
46.08678408,8.19365314,14
46.06977245,9.53775039,14
46.06953109,9.55066952,14
46.06928825,9.56358853,14
46.06904392,9.57650742,14
46.09603209,8.15498834,14
46.09594926,8.16791810,14
46.09586494,8.18084782,14
46.07876465,9.53809621,14
46.07852325,9.55101747,14
46.07828037,9.56393860,14
46.07803601,9.57685962,14
46.07779016,9.58978052,14
46.10502720,8.15510635,14
46.10494435,8.16803824,14
46.10486001,8.18097009,14
46.08775686,9.53844215,14
46.08751542,9.55136553,14
46.08727250,9.56428880,14
46.08702810,9.57721195,14
46.08678221,9.59013498,14
46.11410370,8.14229034,14
46.11402231,8.15522440,14
46.11393945,8.16815842,14
46.11385510,8.18109240,14
46.09650760,9.55171372,14
46.09626464,9.56463912,14
46.09602019,9.57756439,14
46.09577427,9.59048955,14
46.12301743,8.15534249,14
46.12293455,8.16827864,14
46.10525679,9.56498955,14
46.10501230,9.57791696,14
46.10476633,9.59084425,14
46.10451888,9.60377142,14
46.13201256,8.15546062,14
46.13192967,8.16839891,14
46.13184529,8.18133715,14
46.11424894,9.56534010,14
46.11400441,9.57826965,14
46.11375840,9.59119907,14
46.11351091,9.60412837,14
46.14092479,8.16851921,14
46.14084040,8.18145959,14
46.12324110,9.56569078,14
46.12299653,9.57862245,14
46.12275048,9.59155401,14
46.12250294,9.60448544,14
46.14991992,8.16863956,14
46.14983552,8.18158207,14
46.14974963,8.19452454,14
46.13223327,9.56604157,14
46.13198866,9.57897538,14
46.13174257,9.59190907,14
46.13149499,9.60484264,14
46.15891506,8.16875994,14
46.15883064,8.18170459,14
46.15874474,8.19464920,14
46.15865735,8.20759376,14
46.14146861,9.55345642,14
46.14122544,9.56639248,14
46.14098079,9.57932843,14
46.14073466,9.59226425,14
46.14048704,9.60519995,14
46.16791020,8.16888037,14
46.16782577,8.18182715,14
46.16773985,8.19477389,14
46.16765245,8.20772059,14
46.15021762,9.56674351,14
46.14997293,9.57968159,14
46.14972676,9.59261955,14
46.14947910,9.60555739,14
46.17682090,8.18194976,14
46.17673497,8.19489863,14
46.17664755,8.20784747,14
46.15920981,9.56709466,14
46.15896508,9.58003488,14
46.15871886,9.59297497,14
46.15847116,9.60591495,14
46.18590050,8.16912135,14
46.18581604,8.18207240,14
46.18573009,8.19502341,14
46.18564266,8.20797438,14
46.16844529,9.55450346,14
46.16820200,9.56744593,14
46.16795723,9.58038828,14
46.16771097,9.59333052,14
46.19481119,8.18219509,14
46.19472523,8.19514824,14
46.19463778,8.20810135,14
46.19454885,8.22105441,14
46.17743753,9.55485271,14
46.17719420,9.56779732,14
46.17694939,9.58074181,14
46.17670309,9.59368618,14
46.20380634,8.18231782,14
46.20372036,8.19527310,14
46.20363290,8.20822835,14
46.20354396,8.22118355,14
46.18667166,9.54225522,14
46.18642978,9.55520208,14
46.18618641,9.56814883,14
46.18594155,9.58109546,14
46.21280149,8.18244059,14
46.21271550,8.19539801,14
46.21262803,8.20835540,14
46.21253907,8.22131274,14
46.19566395,9.54260257,14
46.19542203,9.55555157,14
46.19517862,9.56850046,14
46.19493372,9.58144922,14
46.19468734,9.59439787,14
46.22179665,8.18256340,14
46.22171065,8.19552297,14
46.22162316,8.20848249,14
46.22153419,8.22144197,14
46.20465625,9.54295004,14
46.20441428,9.55590118,14
46.20417083,9.56885220,14
46.20392589,9.58180311,14
46.20367947,9.59475390,14
46.23079182,8.18268625,14
46.23070580,8.19564796,14
46.23061830,8.20860962,14
46.23052931,8.22157125,14
46.21364855,9.54329762,14
46.21340654,9.55625091,14
46.21316305,9.56920407,14
46.21291807,9.58215712,14
46.21267161,9.59511004,14
46.23978699,8.18280915,14
46.23970096,8.19577300,14
46.23961344,8.20873680,14
46.23952444,8.22170056,14
46.22264086,9.54364532,14
46.22239881,9.55660075,14
46.22215528,9.56955606,14
46.22191026,9.58251124,14
46.24878217,8.18293208,14
46.24869612,8.19589807,14
46.24860859,8.20886402,14
46.24851957,8.22182993,14
46.23187377,9.53103546,14
46.23163317,9.54399315,14
46.23139108,9.55695071,14
46.23090244,9.58286549,14
46.25769129,8.19602319,14
46.25760374,8.20899129,14
46.25751471,8.22195933,14
46.25742419,8.23492734,14
46.25733218,8.24789529,14
46.24086612,9.53138126,14
46.24062548,9.54434108,14
46.24038335,9.55730079,14
46.26650985,8.22208878,14
46.26641931,8.23505893,14
46.26632729,8.24802903,14
46.24985848,9.53172717,14
46.24961780,9.54468914,14
46.24937563,9.55765099,14
46.27559405,8.20924594,14
46.27550499,8.22221828,14
46.27541444,8.23519057,14
46.27532240,8.24816281,14
46.25885084,9.53207320,14
46.25861012,9.54503732,14
46.25836791,9.55800131,14
46.28458921,8.20937333,14
46.28450014,8.22234781,14
46.28440957,8.23532225,14
46.28431752,8.24829664,14
46.28422398,8.26127098,14
46.26784321,9.53241935,14
46.26760244,9.54538561,14
46.26736019,9.55835175,14
46.29349528,8.22247739,14
46.29340471,8.23545397,14
46.29331264,8.24843051,14
46.27707489,9.51979709,14
46.27683557,9.53276561,14
46.27659477,9.54573402,14
46.27635248,9.55870230,14
46.30249044,8.22260702,14
46.30239984,8.23558575,14
46.30230776,8.24856443,14
46.30221419,8.26154306,14
46.28630517,9.50717054,14
46.28606730,9.52014133,14
46.28582795,9.53311200,14
46.28558710,9.54608255,14
46.28534477,9.55905298,14
46.31148559,8.22273669,14
46.31139498,8.23571756,14
46.31130288,8.24869839,14
46.31120930,8.26167917,14
46.29529762,9.50751275,14
46.29505971,9.52048568,14
46.29482032,9.53345849,14
46.29457944,9.54643119,14
46.32039013,8.23584942,14
46.32029801,8.24883240,14
46.32020441,8.26181533,14
46.32010932,8.27479821,14
46.30405213,9.52083015,14
46.30381270,9.53380511,14
46.30357177,9.54677996,14
46.32938527,8.23598133,14
46.32929314,8.24896645,14
46.32919952,8.26195153,14
46.32910442,8.27493656,14
46.31328254,9.50819751,14
46.31304455,9.52117473,14
46.31280507,9.53415184,14
46.31256411,9.54712884,14
46.33838042,8.23611328,14
46.33828827,8.24910055,14
46.33819464,8.26208778,14
46.33809952,8.27507496,14
46.33800291,8.28806210,14
46.32227500,9.50854006,14
46.32203697,9.52151944,14
46.32179745,9.53449869,14
46.32155645,9.54747784,14
46.32131396,9.56045686,14
46.34728341,8.24923469,14
46.34718976,8.26222407,14
46.34709462,8.27521340,14
46.34699799,8.28820269,14
46.33150403,9.49590109,14
46.33126746,9.50888273,14
46.33102939,9.52186425,14
46.33078984,9.53484566,14
46.33054879,9.54782695,14
46.35627854,8.24936888,14
46.35618488,8.26236041,14
46.35608972,8.27535189,14
46.35599308,8.28834333,14
46.34073167,9.48325781,14
46.34049654,9.49624172,14
46.34025992,9.50922551,14
46.34002182,9.52220919,14
46.33978222,9.53519275,14
46.36518000,8.26249680,14
46.36508483,8.27549043,14
46.36498817,8.28848402,14
46.36489002,8.30147756,14
46.34972421,9.48359641,14
46.34948904,9.49658247,14
46.34925239,9.50956841,14
46.34901424,9.52255424,14
46.37417512,8.26263323,14
46.37407993,8.27562901,14
46.37398326,8.28862475,14
46.37388510,8.30162044,14
46.37378544,8.31461609,14
46.35895047,9.47094679,14
46.35871675,9.48393512,14
46.35848155,9.49692333,14
46.35824485,9.50991143,14
46.35800667,9.52289940,14
46.38317024,8.26276970,14
46.38307504,8.27576764,14
46.38297835,8.28876553,14
46.38288017,8.30176338,14
46.38278050,8.31476117,14
46.38267934,8.32775892,14
46.36794305,9.47128347,14
46.36770930,9.48427394,14
46.36723732,9.51025456,14
46.39207015,8.27590632,14
46.39197344,8.28890636,14
46.39187524,8.30190636,14
46.39177556,8.31490631,14
46.39167438,8.32790621,14
46.37739876,9.44563465,14
46.37716794,9.45862751,14
46.37693564,9.47162025,14
46.37670184,9.48461288,14
46.40087032,8.30204939,14
46.40077062,8.31505150,14
46.40066942,8.32805355,14
46.40056674,8.34105555,14
46.38662078,9.43297212,14
46.38639142,9.44596724,14
46.38616057,9.45896225,14
46.38592822,9.47195715,14
46.40976568,8.31519673,14
46.40966446,8.32820094,14
46.40956176,8.34120510,14
46.40945757,8.35420921,14
46.39561348,9.43330267,14
46.39538408,9.44629995,14
46.39515319,9.45929711,14
46.39492081,9.47229417,14
46.41876073,8.31534201,14
46.41865951,8.32834838,14
46.41855679,8.34135469,14
46.41845258,8.35436096,14
46.40483413,9.42063378,14
46.40460618,9.43363333,14
46.40437675,9.44663276,14
46.40414582,9.45963208,14
46.42765455,8.32849587,14
46.42755181,8.34150434,14
46.42744759,8.35451276,14
46.42734187,8.36752113,14
46.42723466,8.38052945,14
46.41382687,9.42096240,14
46.41359889,9.43396410,14
46.41336941,9.44696569,14
46.41313844,9.45996717,14
46.43654684,8.34165403,14
46.43644259,8.35466461,14
46.43633686,8.36767514,14
46.43622963,8.38068561,14
46.42349473,9.38227889,14
46.42327118,9.39528307,14
46.42304614,9.40828715,14
46.42281961,9.42129112,14
46.42259158,9.43429498,14
46.42236207,9.44729873,14
46.44554186,8.34180378,14
46.44543760,8.35481651,14
46.44533184,8.36782920,14
46.44522460,8.38084183,14
46.44511586,8.39385441,14
46.43270968,9.36959479,14
46.43248758,9.38260125,14
46.43226400,9.39560760,14
46.43203892,9.40861383,14
46.43181235,9.42161996,14
46.43158428,9.43462598,14
46.43135473,9.44763188,14
46.45443260,8.35496847,14
46.45432683,8.36798331,14
46.45421957,8.38099810,14
46.45411082,8.39401284,14
46.45400057,8.40702753,14
46.44170256,9.36991511,14
46.44148043,9.38292372,14
46.44125681,9.39593223,14
46.44103169,9.40894062,14
46.44080508,9.42194891,14
46.44057698,9.43495708,14
46.46342761,8.35512047,14
46.46332182,8.36813748,14
46.46321454,8.38115443,14
46.46310577,8.39417132,14
46.46299550,8.40718817,14
46.45069545,9.37023553,14
46.45047328,9.38324630,14
46.45024962,9.39625696,14
46.47220950,8.38131080,14
46.47210071,8.39432986,14
46.47199043,8.40734886,14
46.47187866,8.42036781,14
46.47176539,8.43338671,14
46.45990904,9.35754302,14
46.45968833,9.37055606,14
46.45946612,9.38356899,14
46.45924242,9.39658181,14
46.48120447,8.38146723,14
46.48109566,8.39448845,14
46.48098536,8.40750961,14
46.48087357,8.42053072,14
46.48076028,8.43355178,14
46.46955526,9.31881525,14
46.46933899,9.33183077,14
46.46912122,9.34484618,14
46.46890196,9.35786149,14
46.46868121,9.37087669,14
46.46845897,9.38389179,14
46.46823523,9.39690677,14
46.49019943,8.38162371,14
46.49009060,8.39464709,14
46.48998028,8.40767042,14
46.48986847,8.42069369,14
46.48975517,8.43371691,14
46.48964037,8.44674007,14
46.47918826,9.28007367,14
46.47897642,9.29309167,14
46.47876310,9.30610956,14
46.47854828,9.31912735,14
46.47833198,9.33214503,14
46.47811417,9.34516260,14
46.47789488,9.35818007,14
46.47767409,9.37119744,14
46.47745181,9.38421469,14
46.47722804,9.39723184,14
46.49897521,8.40783128,14
46.49886338,8.42085671,14
46.49875005,8.43388209,14
46.49863524,8.44690741,14
46.49851893,8.45993268,14
46.49840112,8.47295789,14
46.48818138,9.28037939,14
46.48796952,9.29339955,14
46.48775616,9.30641960,14
46.48754131,9.31943955,14
46.48732496,9.33245939,14
46.48710712,9.34547913,14
46.48688779,9.35849876,14
46.48666697,9.37151829,14
46.48644465,9.38453770,14
46.50797013,8.40799219,14
46.50785828,8.42101978,14
46.50774494,8.43404733,14
46.50763010,8.44707481,14
46.50751377,8.46010224,14
46.50739595,8.47312962,14
46.50727664,8.48615693,14
46.49780125,9.24161764,14
46.49759383,9.25464027,14
46.49738492,9.26766279,14
46.49717451,9.28068521,14
46.49696261,9.29370753,14
46.49674921,9.30672975,14
46.49653433,9.31975186,14
46.49631795,9.33277386,14
46.49610007,9.34579576,14
46.51673982,8.43421262,14
46.51662496,8.44724227,14
46.51650862,8.46027186,14
46.51639077,8.47330140,14
46.51627144,8.48633088,14
46.50700045,9.22889218,14
46.50679448,9.24191707,14
46.50658703,9.25494186,14
46.50637808,9.26796655,14
46.50616763,9.28099113,14
46.50595570,9.29401562,14
46.50574227,9.30703999,14
46.50552734,9.32006427,14
46.52561982,8.44740978,14
46.52550346,8.46044154,14
46.52538559,8.47347324,14
46.52526624,8.48650488,14
46.52514539,8.49953647,14
46.51640122,9.20313514,14
46.51599370,9.22918955,14
46.51578771,9.24221660,14
46.51558022,9.25524356,14
46.51537123,9.26827041,14
46.51516075,9.28129716,14
46.51494878,9.29432380,14
46.53426104,8.48667895,14
46.53414017,8.49971270,14
46.53401780,8.51274639,14
46.53389395,8.52578002,14
46.52619177,9.15130964,14
46.52559609,9.19039877,14
46.52539454,9.20342828,14
46.52519150,9.21645770,14
46.52498696,9.22948702,14
46.52478093,9.24251624,14
46.52457340,9.25554535,14
46.52436439,9.26857437,14
46.52415387,9.28160329,14
46.54325583,8.48685307,14
46.54313494,8.49988899,14
46.54301256,8.51292484,14
46.54288868,8.52596064,14
46.54276331,8.53899637,14
46.53595868,9.09946537,14
46.53576755,9.11249772,14
46.53557494,9.12552998,14
46.53538083,9.13856214,14
46.53518522,9.15159421,14
46.53498812,9.16462618,14
46.53478953,9.17765806,14
46.53458944,9.19068984,14
46.53438786,9.20372152,14
46.53418478,9.21675310,14
46.53398021,9.22978458,14
46.53377415,9.24281597,14
46.53356659,9.25584725,14
46.55225062,8.48702725,14
46.55212971,8.50006533,14
46.55200731,8.51310336,14
46.55188341,8.52614132,14
46.55175802,8.53917922,14
46.55163113,8.55221706,14
46.54570192,9.04760239,14
46.54551675,9.06063727,14
46.54533008,9.07367207,14
46.54514191,9.08670677,14
46.54495225,9.09974137,14
46.54476110,9.11277589,14
46.54456845,9.12581031,14
46.54437431,9.13884464,14
46.54417867,9.15187888,14
46.54398154,9.16491302,14
46.54378291,9.17794706,14
46.54358279,9.19098100,14
46.54338118,9.20401485,14
46.54317807,9.21704860,14
46.54297346,9.23008225,14
46.54276736,9.24311580,14
46.56100205,8.51328193,14
46.56087813,8.52632206,14
46.56075272,8.53936213,14
46.56062581,8.55240214,14
46.56049741,8.56544208,14
46.55487933,9.03483268,14
46.55469562,9.04786982,14
46.55451042,9.06090687,14
46.55432372,9.07394383,14
46.55413552,9.08698069,14
46.55394583,9.10001747,14
46.55375464,9.11305415,14
46.55356196,9.12609074,14
46.55336779,9.13912724,14
46.55317212,9.15216364,14
46.55297495,9.16519995,14
46.55277629,9.17823616,14
46.55257614,9.19127227,14
46.55237449,9.20430828,14
46.55217135,9.21734420,14
46.56999680,8.51346056,14
46.56987286,8.52650286,14
46.56974742,8.53954510,14
46.56962049,8.55258727,14
46.56949207,8.56562939,14
46.56936215,8.57867144,14
46.56923073,8.59171343,14
46.56909782,8.60475535,14
46.56882752,8.63083900,14
46.56869012,8.64388073,14
46.56855123,8.65692239,14
46.56405531,9.02205863,14
46.56387306,9.03509803,14
46.56368932,9.04813733,14
46.56350408,9.06117655,14
46.56331735,9.07421568,14
46.56312912,9.08725471,14
46.56293940,9.10029366,14
46.56274818,9.11333251,14
46.56255547,9.12637127,14
46.56236126,9.13940993,14
46.56196836,9.16548697,14
46.57874212,8.53972813,14
46.57861517,8.55277247,14
46.57848672,8.56581675,14
46.57835678,8.57886097,14
46.57822534,8.59190513,14
46.57809241,8.60494922,14
46.57795798,8.61799325,14
46.57782206,8.63103721,14
46.57768464,8.64408111,14
46.57754573,8.65712493,14
46.57740532,8.67016869,14
46.57322984,9.00928025,14
46.57304906,9.02232190,14
46.57286678,9.03536346,14
46.57268301,9.04840494,14
46.57249774,9.06144632,14
46.57231098,9.07448762,14
46.57212272,9.08752882,14
46.57174172,9.11361096,14
46.58773681,8.53991122,14
46.58760984,8.55295773,14
46.58748137,8.56600418,14
46.58735141,8.57905057,14
46.58721995,8.59209690,14
46.58708699,8.60514316,14
46.58695254,8.61818936,14
46.58681660,8.63123549,14
46.58667916,8.64428155,14
46.58654022,8.65732755,14
46.58639979,8.67037348,14
46.58625786,8.68341934,14
46.58611444,8.69646513,14
46.58596952,8.70951085,14
46.58582310,8.72255650,14
46.58567519,8.73560208,14
46.58552579,8.74864759,14
46.58459795,8.82691907,14
46.58222362,9.00954143,14
46.58204280,9.02258526,14
46.58186050,9.03562899,14
46.58167669,9.04867263,14
46.59621455,8.59228873,14
46.59608157,8.60533716,14
46.59594710,8.61838553,14
46.59581113,8.63143383,14
46.59567367,8.64448206,14
46.59553471,8.65753023,14
46.59539425,8.67057833,14
46.59525230,8.68362636,14
46.59510886,8.69667432,14
46.59496391,8.70972221,14
46.59481747,8.72277003,14
46.59466954,8.73581778,14
46.59452011,8.74886546,14
46.59436918,8.76191306,14
46.59421676,8.77496059,14
46.59390743,8.80105543,14
46.59375052,8.81410273,14
46.59359212,8.82714996,14
46.59343222,8.84019711,14
46.59261027,8.90543168,14
46.59175094,8.97066421,14
46.59157458,8.98371046,14
46.59139673,8.99675663,14
46.59121739,9.00980271,14
46.59103655,9.02284870,14
46.59085421,9.03589460,14
46.59067037,9.04894042,14
46.60466818,8.64468264,14
46.60452919,8.65773298,14
46.60438871,8.67078325,14
46.60424674,8.68383345,14
46.60410327,8.69688359,14
46.60395830,8.70993365,14
46.60381184,8.72298364,14
46.60366388,8.73603356,14
46.60351442,8.74908341,14
46.60336347,8.76213318,14
46.60321103,8.77518288,14
46.60305708,8.78823251,14
46.60290164,8.80128206,14
46.60274471,8.81433153,14
46.60258628,8.82738093,14
46.60242635,8.84043025,14
46.60226493,8.85347950,14
46.60210201,8.86652866,14
46.60193759,8.87957775,14
46.60177168,8.89262675,14
46.60160427,8.90567568,14
46.60143537,8.91872452,14
46.60126497,8.93177328,14
46.60109307,8.94482196,14
46.60091968,8.95787055,14
46.60074479,8.97091906,14
46.60056841,8.98396748,14
46.60039053,8.99701582,14
46.60021115,9.01006407,14
46.60003028,9.02311223,14
46.61338317,8.67098824,14
46.61309768,8.69709292,14
46.61295269,8.71014515,14
46.61280620,8.72319731,14
46.61265821,8.73624941,14
46.61250873,8.74930142,14
46.61235776,8.76235337,14
46.61220529,8.77540524,14
46.61205132,8.78845704,14
46.61189585,8.80150876,14
46.61173889,8.81456041,14
46.61158043,8.82761198,14
46.61142048,8.84066347,14
46.61125903,8.85371489,14
46.61109608,8.86676623,14
46.61093164,8.87981748,14
46.61076570,8.89286866,14
46.61059827,8.90591975,14
46.61042933,8.91897077,14
46.61025891,8.93202170,14
46.61008698,8.94507255,14
46.60991356,8.95812331,14
46.60973864,8.97117399,14
46.60956223,8.98422459,14
46.60938432,8.99727510,14
46.60920492,9.01032552,14
46.62150304,8.74951952,14
46.62119954,8.77562768,14
46.62104555,8.78868165,14
46.62089006,8.80173554,14
46.62073307,8.81478936,14
46.62057458,8.82784311,14
46.62041460,8.84089677,14
46.62025313,8.85395036,14
46.62009015,8.86700387,14
46.61992568,8.88005730,14
46.61975972,8.89311065,14
46.61925284,8.93227020,14
46.61908088,8.94532322,14
46.61837811,8.99753446,14
46.62988425,8.80196240,14
46.62924722,8.85418591,14
46.62908422,8.86724159,14
46.62891972,8.88029719,14
