46.303854123236,6.885695422935,14
46.303916751322,6.898674853160,14
46.312785379773,6.872622421680,14
46.312849506165,6.885603967783,14
46.312912144706,6.898585544843,14
46.312973295396,6.911567152132,14
46.313032958234,6.924548788923,14
46.313091133222,6.937530454491,14
46.321648015984,6.846561496506,14
46.321715129279,6.859545126078,14
46.321780754474,6.872528788059,14
46.321844891570,6.885512481722,14
46.321907540566,6.898496206342,14
46.321968701462,6.911479961191,14
46.322028374259,6.924463745543,14
46.322086558956,6.937447558671,14
46.322143255553,6.950431399848,14
46.322198464051,6.963415268347,14
46.330574757934,6.833477789958,14
46.330643370777,6.846463534680,14
46.330710495271,6.859449312537,14
46.330776131418,6.872435122804,14
46.330840279217,6.885420964753,14
46.330902938668,6.898406837658,14
46.330964109771,6.911392740793,14
46.331023792525,6.924378673431,14
46.331081986932,6.937364634844,14
46.331138692991,6.950350624307,14
46.331193910702,6.963336641092,14
46.331247640065,6.976322684473,14
46.331299881079,6.989308753724,14
46.338269665530,6.625576445770,14
46.338362107363,6.638563710500,14
46.338453060599,6.651551019992,14
46.338716988728,6.690513209779,14
46.339355298836,6.794414170920,14
46.339570103287,6.833377646035,14
46.339638727578,6.846365539768,14
46.339705863273,6.859353466636,14
46.339771510371,6.872341425914,14
46.339959520088,6.911305490938,14
46.340019212801,6.924293572586,14
46.340077416918,6.937281683011,14
46.340134132438,6.950269821485,14
46.340189359362,6.963257987281,14
46.340243097689,6.976246179674,14
46.340295347421,6.989234397936,14
46.340346108556,7.002222641340,14
46.340489460383,7.041187515144,14
46.340534267132,7.054175851852,14
46.340577585285,7.067164210070,14
46.346978490886,6.586473904690,14
46.347075414674,6.599463180509,14
46.347170849617,6.612452503270,14
46.347264795715,6.625441872247,14
46.347357252969,6.638431286714,14
46.347448221378,6.651420745943,14
46.347537700943,6.664410249209,14
46.347625691662,6.677399795784,14
46.347712193537,6.690389384941,14
46.347797206568,6.703379015954,14
46.347880730754,6.716368688097,14
46.348043312591,6.742348152864,14
46.348122370243,6.755337944034,14
46.348199939050,6.768327773428,14
46.348276019013,6.781317640317,14
46.348350610131,6.794307543976,14
46.348423712404,6.807297483677,14
46.348495325832,6.820287458695,14
46.348565450416,6.833277468301,14
46.348634086155,6.846267511771,14
46.348701233050,6.859257588376,14
46.349129573660,6.950188991382,14
46.349184809797,6.963179306915,14
46.349238557090,6.976169649045,14
46.349290815538,6.989160017043,14
46.349341585141,7.002150410185,14
46.349390865899,7.015140827742,14
46.349438657813,7.028131268989,14
46.349484960882,7.041121733198,14
46.349529775107,7.054112219644,14
46.349573100486,7.067102727598,14
46.349614937021,7.080093256336,14
46.349655284712,7.093083805129,14
46.349694143558,7.106074373252,14
46.349731513559,7.119064959977,14
46.355775227671,6.560350125533,14
46.355875145811,6.573341455749,14
46.355973574858,6.586332834361,14
46.356070514813,6.599324260642,14
46.356165965674,6.612315733866,14
46.356259927442,6.625307253305,14
46.356352400118,6.638298818234,14
46.356443383700,6.651290427926,14
46.356532878189,6.664282081654,14
46.356620883585,6.677273778691,14
46.356707399889,6.690265518311,14
46.356792427099,6.703257299786,14
46.356875965216,6.716249122391,14
46.356958014241,6.729240985399,14
46.357038574172,6.742232888083,14
46.357117645010,6.755224829716,14
46.357195226756,6.768216809571,14
46.357271319408,6.781208826923,14
46.357345922967,6.794200881044,14
46.357419037433,6.807192971208,14
46.357490662807,6.820185096688,14
46.357560799087,6.833177256757,14
46.358180261775,6.963100599994,14
46.358234018032,6.976093092586,14
46.358286285197,6.989085611047,14
46.358337063268,7.002078154650,14
46.358386352246,7.015070722670,14
46.358434152132,7.028063314379,14
46.358480462924,7.041055929051,14
46.358525284623,7.054048565958,14
46.358568617229,7.067041224375,14
46.358610460743,7.080033903575,14
46.358650815163,7.093026602831,14
46.358689680490,7.106019321416,14
46.358727056725,7.119012058604,14
46.364668855729,6.547211272951,14
46.364770279874,6.560204705232,14
46.364870214678,6.573198186636,14
46.364968660140,6.586191716435,14
46.365065616261,6.599185293904,14
46.365161083040,6.612178918316,14
46.365255060478,6.625172588943,14
46.365347548575,6.638166305060,14
46.365438547330,6.651160065940,14
46.365528056745,6.664153870856,14
46.365616076817,6.677147719081,14
46.365702607549,6.690141609888,14
46.365787648939,6.703135542552,14
46.365871200988,6.716129516345,14
46.365953263695,6.729123530540,14
46.366033837061,6.742117584412,14
46.366112921086,6.755111677233,14
46.366190515770,6.768105808276,14
46.367281756165,6.989011179946,14
46.367332542704,7.002005874737,14
46.367381839902,7.015000593945,14
46.367429647759,7.027995336842,14
46.367475966274,7.040990102701,14
46.367520795449,7.053984890797,14
46.367564135281,7.066979700402,14
46.367605985773,7.079974530789,14
46.367646346923,7.092969381233,14
46.367685218732,7.105964251006,14
46.367722601199,7.118959139382,14
46.367758494325,7.131954045633,14
46.373350631390,6.508077201108,14
46.373456541215,6.521072633575,14
46.373560961451,6.534068117344,14
46.373663892097,6.547063651689,14
46.373765333153,6.560059235883,14
46.373865284620,6.573054869200,14
46.373963746497,6.586050550913,14
46.374060718784,6.599046280296,14
46.374156201482,6.612042056621,14
46.374866437835,6.716009869957,14
46.374948514225,6.729006036066,14
46.375029101026,6.742002241851,14
46.376377328634,7.014930441567,14
46.376425144462,7.027927336377,14
46.376471470701,7.040924254150,14
46.376559654409,7.066918155677,14
46.376601511879,7.079915137978,14
46.376641879759,7.092912140335,14
46.376680758049,7.105909162022,14
46.376718146749,7.118906202311,14
46.376754045860,7.131903260476,14
46.376788455382,7.144900335790,14
46.376821375313,7.157897427527,14
46.376852805655,7.170894534960,14
46.376882746408,7.183891657363,14
46.376911197570,7.196888794008,14
46.376938159143,7.209885944169,14
46.382238199055,6.494925539080,14
46.382345616375,6.507923072156,14
46.382451543857,6.520920657261,14
46.382555981501,6.533918293669,14
46.382658929307,6.546915980654,14
46.382760387274,6.559913717487,14
46.382860355404,6.572911503443,14
46.382958833696,6.585909337795,14
46.385713693142,7.118853247391,14
46.385749598238,7.131852458196,14
46.385784013495,7.144851686149,14
46.385816938915,7.157850930525,14
46.385848374497,7.170850190597,14
46.385878320241,7.183849465638,14
46.385906776147,7.196848754922,14
46.385933742214,7.209848057722,14
46.391013826036,6.468769990927,14
46.391124241434,6.481769571129,14
46.391233166745,6.494769204813,14
46.391340601969,6.507768891254,14
46.391446547108,6.520768629724,14
46.391551002160,6.533768419496,14
46.391653967125,6.546768259845,14
46.391755442005,6.559768150043,14
46.391855426798,6.572768089364,14
46.394812503126,7.157804417851,14
46.394843943948,7.170805831287,14
46.394873894683,7.183807259693,14
46.394902355332,7.196808702342,14
46.394929325895,7.209810158506,14
46.394954806371,7.222811627460,14
46.394978796761,7.235813108477,14
46.399896833413,6.455607615722,14
46.400008757547,6.468609295804,14
46.400119191345,6.481611030096,14
46.400228134810,6.494612817871,14
46.400335587939,6.507614658402,14
46.400441550734,6.520616550962,14
46.400546023194,6.533618494825,14
46.400649005319,6.546620489263,14
46.403839513774,7.170761457031,14
46.403869469501,7.183765039527,14
46.403897934893,7.196768636266,14
46.403924909950,7.209772246520,14
46.403950394673,7.222775869564,14
46.403974389061,7.235779504671,14
46.403996893115,7.248783151114,14
46.404017906834,7.261786808166,14
46.404037430218,7.274790475101,14
46.404055463267,7.287794151191,14
46.408663389100,6.429437207395,14
46.408778313050,6.442440931695,14
46.408891746416,6.455444711657,14
46.409003689199,6.468448546556,14
46.409114141399,6.481452435663,14
46.409223103017,6.494456378254,14
46.409330574051,6.507460373600,14
46.409436554502,6.520464420976,14
46.412893514596,7.196728556694,14
46.412920494148,7.209734321765,14
46.412945983118,7.222740099624,14
46.412969981504,7.235745889547,14
46.412992489307,7.248751690805,14
46.413013506527,7.261757502673,14
46.413033033165,7.274763324423,14
46.413051069219,7.287769155330,14
46.413082669579,7.313780841704,14
46.417541830040,6.416264113945,14
46.417658263967,6.429269937396,14
46.417773207063,6.442275817237,14
46.417886659327,6.455281752741,14
46.417998620760,6.468287743181,14
46.418109091362,6.481293787829,14
46.418218071133,6.494299885961,14
46.421916078255,7.209696384239,14
46.421941571471,7.222704317640,14
46.421965573855,7.235712263104,14
46.421988085408,7.248720219903,14
46.422009106130,7.261728187312,14
46.422028636021,7.274736164604,14
46.422046675080,7.287744151051,14
46.422063223308,7.300752145928,14
46.422078280704,7.313760148508,14
46.422091847269,7.326768158063,14
46.422103923003,7.339776173868,14
46.426418740786,6.403086708774,14
46.426536685187,6.416094631376,14
46.426653138509,6.429102611094,14
46.426768100752,6.442110647202,14
46.426881571914,6.455118738973,14
46.426993551997,6.468126885679,14
46.427104041001,6.481135086595,14
46.430983681185,7.248688738408,14
46.431004705409,7.261698862084,14
46.431024238552,7.274708995642,14
46.431042280616,7.287719138357,14
46.431058831600,7.300729289500,14
46.431073891505,7.313739448347,14
46.431087460330,7.326749614169,14
46.431099538075,7.339759786241,14
46.435294120360,6.389904990432,14
46.435413575732,6.402915012184,14
46.435531539777,6.415925091779,14
46.435648012494,6.428935228489,14
46.435762993883,6.441945421589,14
46.435876483944,6.454955670352,14
46.440019840526,7.274681817539,14
46.440037885595,7.287694117246,14
46.440054439336,7.300706425382,14
46.440069501748,7.313718741220,14
46.440083072833,7.326731064035,14
46.440095152590,7.339743393099,14
46.440105741019,7.352755727686,14
46.444167967783,6.376718957469,14
46.444288934623,6.389731078370,14
46.444408409888,6.402743257840,14
46.444526393576,6.415755495153,14
46.444642885687,6.428767789581,14
46.444757886223,6.441780140399,14
46.449065111200,7.313698027129,14
46.449078684545,7.326712507661,14
46.449090766313,7.339726994443,14
46.449101356505,7.352741486748,14
46.449118062160,7.378770485018,14
46.453040282077,6.363528608436,14
46.453162760883,6.376542828484,14
46.453283747863,6.389557107828,14
46.453403243019,6.402571445742,14
46.453521246350,6.415585841498,14
46.453637757856,6.428600294370,14
46.458074295233,7.326693945048,14
46.458086379012,7.339710590273,14
46.458096970968,7.352727241021,14
46.458106071098,7.365743896565,14
46.458113679404,7.378760556178,14
46.458119795885,7.391777219135,14
46.458124420541,7.404793884707,14
46.461911062265,6.350333941883,14
46.462035053531,6.363350261077,14
46.462157552724,6.376366640294,14
46.462278559845,6.389383078807,14
46.462398074892,6.402399575889,14
46.462516097866,6.415416130814,14
46.467081990454,7.339694180589,14
46.467092584172,7.352712990506,14
46.467101685817,7.365731805219,14
46.467109295390,7.378750624001,14
46.467115412889,7.391769446126,14
46.467120038315,7.404788270867,14
46.467123171668,7.417807097498,14
46.470780307367,6.337134956358,14
46.470905811591,6.350153374698,14
46.471029823494,6.363171853787,14
46.471152343075,6.376190392898,14
46.471273370335,6.389208991306,14
46.471392905274,6.402227648283,14
46.476097299045,7.365719709809,14
46.476104909884,7.378740688486,14
46.476111028402,7.391761670506,14
46.476115654598,7.404782655141,14
46.476118788473,7.417803641666,14
46.476120430026,7.430824629354,14
46.479648016405,6.323931650413,14
46.479775034084,6.336952167897,14
46.479900559193,6.349972746856,14
46.480024591732,6.362993386565,14
46.480147131702,6.376014086297,14
46.485100522654,7.378730749634,14
46.485106642190,7.391753892273,14
46.485111269156,7.404777037529,14
46.485114403552,7.417800184674,14
46.485116045379,7.430823332982,14
46.485116194636,7.443846481726,14
46.485114851323,7.456869630179,14
46.488514188401,6.310724022597,14
46.488642720031,6.323746639224,14
46.488769758843,6.336769318053,14
46.488895304837,6.349792058359,14
46.489019358012,6.362814859413,14
46.489141918370,6.375837720491,14
46.494102254021,7.391746111429,14
46.494106881756,7.404771418030,14
46.494110016674,7.417796726521,14
46.494111658774,7.430822036174,14
46.494111808056,7.443847346264,14
46.494110464520,7.456872656062,14
46.497378822377,6.297512071461,14
46.497508868454,6.310536787229,14
46.497637421466,6.323561565927,14
46.497764481411,6.336586406828,14
46.497890048289,6.349611309205,14
46.503102492166,7.404765796645,14
46.503105627605,7.417793267207,14
46.503107269978,7.430820738932,14
46.503107419285,7.443848211092,14
46.503106075525,7.456875682962,14
46.503103238699,7.469903153815,14
46.506373478376,6.297322610463,14
46.506503546083,6.310349489028,14
46.506632120476,6.323376430523,14
46.506759201554,6.336403434221,14
46.512102878757,7.430819441254,14
46.512103028089,7.443849076211,14
46.512101684106,7.456878710878,14
46.512098846808,7.469908344527,14
46.515236548817,6.284104107475,14
46.515368131717,6.297133085907,14
46.515498221054,6.310162127994,14
46.515626816829,6.323191233011,14
46.515753919040,6.336220400231,14
46.521098484879,7.430818143140,14
46.521098634236,7.443849941620,14
46.521097290029,7.456881739809,14
46.521094452259,7.469913536981,14
46.524231177389,6.283912355112,14
46.524362782167,6.296943497792,14
46.524492893134,6.309974704127,14
46.524621510290,6.323005973392,14
46.530094237491,7.443850807319,14
46.530092893061,7.456884769756,14
46.530090054819,7.469918731176,14
46.530085722766,7.482952690851,14
46.533225802836,6.283720538465,14
46.533357429493,6.296753846118,14
46.533487562090,6.309787217427,14
46.539089837622,7.443851673308,14
46.539088492968,7.456887800719,14
46.539085654255,7.469923927112,14
46.539081321482,7.482960051761,14
46.539075494649,7.495996173939,14
46.542220424926,6.283528657533,14
46.542352073461,6.296564130885,14
46.542482227688,6.309599667894,14
46.548081250333,7.469929124789,14
46.548076916840,7.482967415138,14
46.548071089038,7.496005703015,14
46.548063766929,7.509043987695,14
46.548054950512,7.522082268451,14
46.551215043425,6.283336712318,14
46.551346713838,6.296374352094,14
46.551476889694,6.309412055527,14
46.557076842820,7.469934324208,14
46.557072508606,7.482974780981,14
46.557066679837,7.496015235283,14
46.557059356511,7.509055686388,14
46.557050538628,7.522096133568,14
46.557040226190,7.535136576098,14
46.560209658099,6.283144702818,14
46.560341350390,6.296184509745,14
46.560471547876,6.309224380327,14
46.566072431482,7.469939525369,14
46.566068096548,7.482982149291,14
46.566062266810,7.496024770743,14
46.566054942267,7.509067388998,14
46.566046122920,7.522110003329,14
46.566035808768,7.535152613009,14
46.569071059493,6.269910718614,14
46.569204268715,6.282952629034,14
46.569335982885,6.295994603836,14
46.569466202001,6.309036642295,14
46.575063680433,7.482989520069,14
46.575057849726,7.496034309396,14
46.575050523966,7.509079095527,14
46.575041703154,7.522123877733,14
46.575031387288,7.535168655289,14
46.578065643692,6.269716411945,14
46.578198875041,6.282760490966,14
46.578330611088,6.295804634369,14
46.578460851834,6.308848841429,14
46.584053428351,7.496043851242,14
46.584046101374,7.509090805973,14
46.584037279097,7.522137756781,14
46.584026961517,7.535184702938,14
46.584015148637,7.548231643717,14
46.584001840455,7.561278578393,14
46.586789229767,6.243429739625,14
46.586925474341,6.256475857027,14
46.587060223366,6.269522040265,14
46.587193476841,6.282568288613,14
46.587325234767,6.295614601343,14
46.587455497143,6.308660977730,14
46.593041674258,7.509102520338,14
46.593032850515,7.522151640472,14
46.593022531222,7.535200755956,14
46.593010716380,7.548249866062,14
46.592997405988,7.561298970065,14
46.595783759685,6.243230962831,14
46.595920026883,6.256279250286,14
46.596054798283,6.269327603576,14
46.596188073885,6.282376021976,14
46.596319853688,6.295424504759,14
46.596450137694,6.308473051198,14
46.602028417176,7.522165528807,14
46.602018096169,7.535216814343,14
46.602006279365,7.548268094502,14
46.601992966763,7.561319368557,14
46.601978158363,7.574370635781,14
46.604640498745,6.229981727906,14
46.604778284613,6.243032119576,14
46.604914574434,6.256082577809,14
46.605049368208,6.269133101877,14
46.605182665936,6.282183691055,14
46.611013656125,7.535232878100,14
46.611001837359,7.548286329036,14
46.610988522547,7.561339773869,14
46.610973711688,7.574393211871,14
46.613634995577,6.229780646687,14
46.613772804316,6.242833209861,14
46.613909116760,6.255885839597,14
46.614043932909,6.268938535169,14
46.614177252764,6.281991295850,14
46.620009210857,7.535248947225,14
46.619997390129,7.548304569665,14
46.619984073106,7.561360186001,14
46.619969259789,7.574415795507,14
46.622490158797,6.216524830169,14
46.622629486951,6.229579498282,14
46.622767318561,6.242634233684,14
46.622903653628,6.255689035649,14
46.623038492152,6.268743903450,14
46.629004760131,7.535265021720,14
46.628992937441,7.548322816389,14
46.628979618208,7.561380604954,14
46.628964802432,7.574438386688,14
46.628948490114,7.587496160865,14
46.631484621360,6.216321441623,14
46.631623972633,6.229378282690,14
46.631761827115,6.242435191047,14
46.631898184805,6.255492165967,14
46.637988479062,7.548341069207,14
46.637975157619,7.561401030727,14
46.637960339385,7.574460985416,14
46.637944024359,7.587520932547,14
46.637926212542,7.600580871395,14
46.640479077998,6.216117985164,14
46.640618452391,6.229176999912,14
46.640756329745,6.242236081949,14
46.646984014758,7.548359328120,14
46.646970691105,7.561421463320,14
46.646955870412,7.574483591689,14
46.646939552680,7.587545712500,14
46.646921737908,7.600607825028,14
46.649332633678,6.202853339656,14
46.649473528479,6.215914460794,14
46.649612925992,6.228975649947,14
46.649750826217,6.242036906390,14
46.649887229153,6.255098229395,14
46.655966218433,7.561441902733,14
46.655951395282,7.574506205508,14
46.655935074843,7.587570500725,14
46.655917257116,7.600634787658,14
46.658184638694,6.189584344717,14
46.658327054400,6.202647572243,14
46.658467972568,6.215710868511,14
46.658607393201,6.228774232796,14
46.658745316297,6.241837664370,14
46.664961739371,7.561462348966,14
46.664946913761,7.574528826872,14
46.664930590615,7.587595297221,14
46.664912769933,7.600661759286,14
46.667179029175,6.189376332809,14
46.667321468496,6.202441736192,14
46.667462410033,6.215507208317,14
46.667601853786,6.228572748458,14
46.667739799754,6.241638355889,14
46.673942425615,7.574551455783,14
46.673926099762,7.587620101988,14
46.673908276125,7.600688739910,14
46.673888954703,7.613757368820,14
46.676173412797,6.189168251538,14
46.676315875735,6.202235831503,14
46.676456840641,6.215303480211,14
46.676596307513,6.228371196934,14
46.682937930612,7.574574092239,14
46.682921602052,7.587644915027,14
46.682903775460,7.600715729531,14
46.682884450834,7.613786535024,14
46.682863628175,7.626857330779,14
46.685167789329,6.188960100904,14
46.685310275883,6.202029858177,14
46.685451264157,6.215099684192,14
46.685590754149,6.228169578224,14
46.691933428517,7.574596736241,14
46.691917097251,7.587669736337,14
46.691899267703,7.600742728148,14
46.691879939874,7.613815710949,14
46.691859113763,7.626888684013,14
46.691836789371,7.639961646613,14
46.694162158536,6.188751880906,14
46.694304668707,6.201823816213,14
46.694445680349,6.214895820262,14
46.694585193461,6.227967892327,14
46.700894752622,7.600769735763,14
46.700875421589,7.613844896597,14
46.700854592027,7.626920047695,14
46.700832263935,7.639995188328,14
46.700808437313,7.653070317770,14
46.703012487619,6.175469546950,14
46.703156520185,6.188543591546,14
46.703299053973,6.201617705611,14
46.703440088982,6.214691888419,14
46.703579625214,6.227766139243,14
46.709870895747,7.613874091968,14
46.709850062733,7.626951421824,14
46.709827730941,7.640028741216,14
46.709803900370,7.653106049418,14
46.712006817612,6.175259008742,14
46.712150874043,6.188335232822,14
46.712293431447,6.201411526372,14
46.712434489825,6.214487888665,14
46.718866362114,7.613903297061,14
46.718845525648,7.626982806402,14
46.718823190155,7.640062305278,14
46.718799355637,7.653141792964,14
46.718774022092,7.666221268733,14
46.721001139581,6.175048400445,14
46.721145219877,6.188126804736,14
46.721287800897,6.201205278496,14
46.721428882644,6.214283820999,14
46.727840980538,7.627014201427,14
46.727818641345,7.640095880514,14
46.727794802878,7.653177548410,14
46.727769465136,7.666259204389,14
46.727742628120,7.679340847724,14
46.729995453292,6.174837722060,14
46.730139557453,6.187918307286,14
46.730282162090,6.200998961982,14
46.730423267204,6.214079685420,14
46.736814084278,7.640129466923,14
46.736790241862,7.653213315755,14
46.736764899924,7.666297152669,14
46.736738058462,7.679380976940,14
46.736709717477,7.692464787839,14
46.738844130716,6.161544276894,14
46.738989758512,6.174626973586,14
46.739133886537,6.187709740473,14
46.739276514791,6.200792576830,14
46.739417643274,6.213875481930,14
46.745785672355,7.653249094999,14
46.745760326219,7.666335113575,14
46.745733480313,7.679421119506,14
46.745705134634,7.692507112067,14
46.747838403098,6.161331275944,14
46.747984055008,6.174416155023,14
46.748128206898,6.187501104297,14
46.748270858768,6.200586123041,14
46.754781094123,7.653284886142,14
46.754755743791,7.666373087105,14
46.754728893439,7.679461275423,14
46.754700543067,7.692549450371,14
46.756832666523,6.161118204181,14
46.756978342546,6.174205266371,14
46.757122518300,6.187292398758,14
46.757265193787,6.200379600614,14
46.763776506934,7.653320689184,14
46.763751152405,7.666411073259,14
46.763724297608,7.679501444690,14
46.763695942542,7.692591802750,14
46.765826920756,6.160905061603,14
46.765972620892,6.173994307631,14
46.766116820512,6.187083623856,14
46.766259519615,6.200173009550,14
46.772771910553,7.653356504126,14
46.772746551827,7.666449072038,14
46.772719692585,7.679541627307,14
46.772691332826,7.692634169205,14
46.774673940551,6.147600488541,14
46.774821165565,6.160691848211,14
46.774966889814,6.173783278803,14
46.775111113299,6.186874779591,14
46.775253836019,6.199966349848,14
46.781741941826,7.666487083442,14
46.781715078138,7.679581823274,14
46.781686713686,7.692676549736,14
46.781656848469,7.705771262100,14
46.783668151341,6.147385019046,14
46.783815400716,6.160478564004,14
46.783961149079,6.173572179885,14
46.784105396428,6.186665865962,14
46.790737322166,7.666525107471,14
46.790710454033,7.679622032592,14
46.790682084888,7.692718944342,14
46.790652214729,7.705815841995,14
46.792662352240,6.147169478011,14
46.792809625977,6.160265208984,14
46.792955398452,6.173361010879,14
46.793099669666,6.186456882971,14
46.799732692615,7.666563144124,14
46.799705820037,7.679662255260,14
46.799677446198,7.692761353025,14
46.799647571098,7.705860436692,14
46.801656543014,6.146953865436,14
46.801803841112,6.160051783149,14
46.801949637701,6.173149771784,14
46.802093932780,6.186247830616,14
46.808728052940,7.666601193402,14
46.808701175917,7.679702491278,14
46.808672797384,7.692803775783,14
46.808642917342,7.705905046191,14
46.810650723430,6.146738181321,14
46.810798045890,6.159838286500,14
46.810943866592,6.172938462601,14
46.811088185536,6.186038708898,14
46.817723402907,7.666639255305,14
46.817696521439,7.679742740646,14
46.817668138213,7.692846212617,14
46.817638253229,7.705949670490,14
46.819644893256,6.146522425666,14
46.819792240077,6.159624719036,14
46.819938084892,6.172727083329,14
46.820082427701,6.185829517818,14
46.826718742283,7.666677329832,14
46.826691856370,7.679783003365,14
46.826663468450,7.692888663527,14
46.828786423439,6.159411080759,14
46.828932292367,6.172515633968,14
46.829076659041,6.185620257374,14
46.829219523460,6.198724950248,14
46.835714070835,7.666715416984,14
46.835687180476,7.679823279433,14
46.835658787863,7.692931128512,14
46.835628892995,7.706038963493,14
46.837780595744,6.159197371667,14
46.837926488785,6.172304114519,14
46.838070879324,6.185410927567,14
46.838213767359,6.198517810084,14
46.844709388328,7.666753516761,14
46.844682493525,7.679863568852,14
46.844654096218,7.692973607573,14
46.844624196408,7.706083632197,14
46.846774756757,6.158983591761,14
46.846920673912,6.172092524981,14
46.847065088315,6.185201528396,14
46.847207999967,6.198310601281,14
46.853704694531,7.666791629162,14
46.853677795282,7.679903871621,14
46.853649393282,7.693016100710,14
46.853619488530,7.706128315702,14
46.855768906246,6.158769741041,14
46.855914847514,6.171880865354,14
46.856059285782,6.184992059863,14
46.856202221050,6.198103323841,14
46.862699989209,7.666829754188,14
46.862673085515,7.679944187741,14
46.862644678822,7.693058607923,14
46.862614769128,7.706173014008,14
46.864763043978,6.158555819507,14
46.864909009358,6.171669135639,14
46.865053471491,6.184782521967,14
46.865196430376,6.197895977764,14
46.871695272130,7.666867891838,14
46.871668363990,7.679984517210,14
46.871639952603,7.693101129212,14
46.871610037968,7.706217727116,14
46.873757169718,6.158341827158,14
46.873903159212,6.171457335835,14
46.874047645209,6.184572914707,14
46.874190627711,6.197688563049,14
46.880690543059,7.666906042114,14
46.880663630475,7.680024860030,14
46.880635214394,7.693143664576,14
46.880605294817,7.706262455025,14
46.882751283233,6.158127763995,14
46.882897296841,6.171245465942,14
46.883041806703,6.184363238085,14
46.883184812821,6.197481079697,14
46.889685801764,7.666944205014,14
46.889658884734,7.680065216200,14
46.889630463960,7.693186214016,14
46.889600539441,7.706307197735,14
46.891745384291,6.157913630018,14
46.891891422012,6.171033525960,14
46.892035955739,6.184153492099,14
46.892178985473,6.197273527707,14
46.898681048011,7.666982380538,14
46.898654126536,7.680105585721,14
46.898625701069,7.693228777532,14
46.898595771608,7.706351955247,14
46.900739472658,6.157699425227,14
46.900885534492,6.170821515890,14
46.901030092084,6.183943676750,14
46.901173145435,6.197065907079,14
46.907676281567,7.667020568687,14
46.907649355647,7.680145968591,14
46.907620925486,7.693271355124,14
46.907590991083,7.706396727560,14
46.909733548101,6.157485149621,14
46.909879634047,6.170609435732,14
46.910024215504,6.183733792038,14
46.910167292471,6.196858217814,14
46.916671502198,7.667058769461,14
46.916644571833,7.680186364812,14
46.916616136979,7.693313946791,14
46.916586197634,7.706441514674,14
46.918727610385,6.157270803202,14
46.918873720445,6.170397285484,14
46.919018325767,6.183523837963,14
46.919161426351,6.196650459911,14
46.925692139744,7.653967178693,14
46.925666709672,7.667096982860,14
46.925639774862,7.680226774383,14
46.925611335314,7.693356552535,14
46.925581391028,7.706486316589,14
46.927721659279,6.157056385968,14
46.927867793452,6.170185065148,14
46.928012422638,6.183313814525,14
46.928155546838,6.196442633371,14
46.934661903755,7.667135208883,14
46.934634964499,7.680267197304,14
46.934606520258,7.693399172354,14
46.936715694548,6.156841897919,14
46.936861852834,6.169972774723,14
46.937006505885,6.183103721724,14
46.937149653702,6.196234738193,14
46.943682522679,7.654039248843,14
46.943657084213,7.667173447531,14
46.943630140512,7.680307633575,14
46.943601691577,7.693441806249,14
46.945709715959,6.156627339057,14
46.945855898358,6.169760414210,14
46.946000575274,6.182893559559,14
46.946143746708,6.196026774377,14
46.946285412658,6.209160057939,14
46.952677693476,7.654075301767,14
46.952652250813,7.667211698804,14
46.952625302668,7.680348083197,14
46.952596849039,7.693484454219,14
46.954703723279,6.156412709380,14
46.954849929791,6.169547983608,14
46.954994630573,6.182683328032,14
46.955137825622,6.195818741925,14
46.955279514941,6.208954224560,14
46.961672850182,7.654111366589,14
46.961647403323,7.667249962701,14
46.961620450732,7.680388546169,14
46.961591992410,7.693527116266,14
46.963843946900,6.169335482917,14
46.963988671546,6.182473027141,14
46.964131890213,6.195610640834,14
46.964273602899,6.208748323270,14
46.970691937641,7.641006635482,14
46.970667992564,7.654147443311,14
46.970642541508,7.667288239223,14
46.970615584471,7.680429022491,14
46.970587121456,7.693569792388,14
46.972837949451,6.169122912138,14
46.972982697962,6.182262656887,14
46.973125940245,6.195402471106,14
46.973267676300,6.208542354067,14
46.979687069413,7.641040523578,14
46.979663120388,7.654183531932,14
46.979637665135,7.667326528370,14
46.979610703653,7.680469512163,14
46.979582235944,7.693612482586,14
46.981831937211,6.168910271270,14
46.981976709587,6.182052217270,14
46.982119975486,6.195194232740,14
46.982261734909,6.208336316953,14
46.982401987856,6.221478469182,14
46.988682186394,7.641074422846,14
46.988658233421,7.654219632452,14
46.988632773971,7.667364830141,14
46.988605808044,7.680510015185,14
46.990825909947,6.168697560313,14
46.990970706187,6.181841708290,14
46.991113995703,6.194985925737,14
46.991255778494,6.208130211927,14
46.991396054561,6.221274566132,14
46.997677288351,7.641108333289,14
46.997653331429,7.654255744871,14
46.997627867782,7.667403144537,14
46.997600897411,7.680550531558,14
46.999964687530,6.181631129947,14
47.000108000662,6.194777550096,14
47.000249806822,6.207924038988,14
47.000390106008,6.221070595896,14
47.006672375050,7.641142254905,14
47.006648414180,7.654291869190,14
47.006622946336,7.667441471557,14
47.006595971519,7.680591061281,14
47.008958653381,6.181420482241,14
47.009101990130,6.194569105818,14
47.009243819658,6.207717798138,14
47.009384141964,6.220866558473,14
47.009522957049,6.234015386098,14
47.015689903856,7.628024358791,14
47.015667446258,7.641176187694,14
47.015643481439,7.654328005407,14
47.015618009398,7.667479811203,14
47.015591030137,7.680631604354,14
47.018095963874,6.194360592902,14
47.018237816769,6.207511489375,14
47.018378162195,6.220662453864,14
47.018517000152,6.233813485643,14
47.024684963040,7.628056098600,14
47.024662501742,7.641210131657,14
47.024638532974,7.654364153524,14
47.024613056737,7.667518163473,14
47.027089921659,6.194152011349,14
47.027231797923,6.207305112701,14
47.027372166469,6.220458282069,14
47.027511027297,6.233611518726,14
47.033680006266,7.628087848858,14
47.033657541267,7.641244086794,14
47.033633568551,7.654400313539,14
47.033608088117,7.667556528367,14
47.036083863254,6.193943361158,14
47.036225762886,6.207098668115,14
47.036366154552,6.220254043087,14
47.036505038251,6.233409485349,14
47.036642413984,6.246564994174,14
47.042675033300,7.628119609563,14
47.042652564602,7.641278053104,14
47.042628587937,7.654436485454,14
47.042603103306,7.667594905886,14
47.045219711424,6.206892155616,14
47.045360126210,6.220049736919,14
47.045499032781,6.233207385511,14
47.045636431137,6.246365100666,14
47.051691008095,7.614990720382,14
47.051670043911,7.628151380717,14
47.051647571512,7.641312030588,14
47.051623590899,7.654472669268,14
47.051598102071,7.667633296030,14
47.054213643305,6.206685575206,14
47.054354081210,6.219845363564,14
47.054493010653,6.233005219212,14
47.054630431632,6.246165141422,14
47.054766344148,6.259325129469,14
47.060686005499,7.615020294928,14
47.060665037863,7.628183162319,14
47.060642561765,7.641346019245,14
47.060618577203,7.654508864981,14
47.060593084178,7.667671698799,14
47.063348019320,6.219640923023,14
47.063486971633,6.232802986452,14
47.063624415236,6.245965116443,14
47.063760350127,6.259127312271,14
47.069680986012,7.615049879197,14
47.069660014925,7.628214954368,14
47.069637535126,7.641380019076,14
47.069613546616,7.654545072593,14
47.072341940304,6.219436415295,14
47.072480915490,6.232600687231,14
47.072618381715,6.245765025729,14
47.072754338981,6.258929430064,14
47.072888787288,6.272093899507,14
47.078695414981,7.601912179772,14
47.078675949401,7.615079473187,14
47.078654974862,7.628246756866,14
47.078632491363,7.641414030080,14
47.078608498904,7.654581292104,14
47.081474841988,6.232398321549,14
47.081612330837,6.245564869280,14
47.081748310478,6.258731482847,14
47.081882780911,6.271898161523,14
47.087708323791,7.588770062594,14
47.087690364216,7.601939574253,14
47.087670895432,7.615109076901,14
47.087649917441,7.628278569811,14
47.087627430242,7.641448052258,14
47.090468750896,6.232195889407,14
47.090606262368,6.245364647095,14
47.090742264383,6.258533470620,14
47.090876756943,6.271702359254,14
47.091009740046,6.284871312270,14
47.096719711463,7.575623526213,14
47.096703258389,7.588795256114,14
47.096685295859,7.601966977730,14
47.096665823872,7.615138690336,14
47.096644842429,7.628310393205,14
47.096622351530,7.641482085610,14
47.099600176074,6.245164359175,14
47.099736200464,6.258335393383,14
47.099870715150,6.271506492701,14
47.100003720131,6.284677656401,14
47.100135215408,6.297848883757,14
47.105714630944,7.575646517321,14
47.105698175164,7.588820457905,14
47.105680209678,7.601994390205,14
47.105660734488,7.615168313494,14
47.105639749593,7.628342227047,14
47.108730118488,6.258137251137,14
47.108864655300,6.271310561863,14
47.108997682159,6.284483936972,14
47.109129199066,6.297657375737,14
47.109259206019,6.310830877432,14
47.114724480902,7.562493356424,14
47.114709532368,7.575669515975,14
47.114693073880,7.588845667968,14
47.114675105439,7.602021811677,14
47.114655627046,7.615197946375,14
47.117724018220,6.257939043881,14
47.117858577159,6.271114566742,14
47.117991625896,6.284290153985,14
47.118123164432,6.297465804885,14
47.118253192767,6.310641518714,14
47.123719366493,7.562514150489,14
47.123704415500,7.575692522174,14
47.123687954305,7.588870886302,14
47.123669982909,7.602049242145,14
47.126852480493,6.270918507336,14
47.126985551108,6.284096307439,14
47.127117111274,6.297274171199,14
47.127247160991,6.310452097888,14
47.127375700257,6.323630086780,14
47.132714233559,7.562534951374,14
47.132699280108,7.575715535919,14
47.132682816206,7.588896112907,14
47.132664841855,7.602076681611,14
47.135979457563,6.283902397335,14
47.136111039359,6.297082474680,14
47.136241110457,6.310262614955,14
47.136369670856,6.323442817433,14
47.136496720558,6.336623081386,14
47.141722527080,7.549372954118,14
47.141709081868,7.562555759079,14
47.141694125957,7.575738557210,14
47.141677659349,7.588921347783,14
47.144973345026,6.283708423672,14
47.145104948452,6.296890715329,14
47.145235040931,6.310073069915,14
47.145363622464,6.323255486703,14
47.145490693051,6.336437964968,14
47.150729295083,7.536206528956,14
47.150717358607,7.549391554332,14
47.150703911185,7.562576573605,14
47.150688952816,7.575761586047,14
47.150672483501,7.588946590931,14
47.154098838321,6.296698893144,14
47.154228952182,6.309883462766,14
47.154357554848,6.323068094592,14
47.154484646319,6.336252787893,14
47.154610226596,6.349437541944,14
47.159734536591,7.523035674437,14
47.159724109348,7.536222920228,14
47.159712170910,7.549410160641,14
47.159698721278,7.562597394951,14
47.159683760451,7.575784622429,14
47.159667288429,7.588971842351,14
47.163222843974,6.309693793511,14
47.163351467774,6.322880641098,14
47.163478580130,6.336067550162,14
47.163604181043,6.349254519975,14
47.163728270514,6.362441549811,14
47.168729333112,7.523049855316,14
47.168718904155,7.536239316869,14
47.168706963756,7.549428773045,14
47.168693511913,7.562618223117,14
47.168678548627,7.575807666358,14
47.172216716076,6.309504062147,14
47.172345361008,6.322693126223,14
47.172472494249,6.335882251775,14
47.172598115799,6.349071438075,14
47.172722225658,6.362260684399,14
47.172844823825,6.375449990019,14
47.177733028920,7.509872358147,14
47.177724109941,7.523064040839,14
47.177713679271,7.536255718879,14
47.177701736910,7.549447391543,14
47.177688282857,7.562639058103,14
47.181339234318,6.322505549966,14
47.181466388444,6.335696892731,14
47.181592030631,6.348888296245,14
47.181716160877,6.362079759782,14
47.181838779184,6.375271282615,14
47.181959885552,6.388462864017,14
47.186735195795,7.496690427270,14
47.186727787290,7.509884331100,14
47.186718866846,7.523078231005,14
47.186708434463,7.536272126259,14
47.186696490139,7.549466016136,14
47.190460262482,6.335511473030,14
47.190585925304,6.348705094484,14
47.190710075939,6.361898775960,14
47.190832714386,6.375092516732,14
47.190953840645,6.388286316073,14
47.191073454716,6.401480173257,14
47.195729935224,7.496700186202,14
47.195722525503,7.509896307970,14
47.195713603594,7.523092425814,14
47.195703169496,7.536288539008,14
47.195691223211,7.549484646824,14
47.199579799587,6.348521832791,14
47.199703970610,6.361717732932,14
47.199826629197,6.374913692368,14
47.199947775347,6.388109710374,14
47.200067409061,6.401305786223,14
47.204734938829,7.470313258596,14
47.204730552764,7.483511604696,14
47.204724654262,7.496709948326,14
47.204717243324,7.509908288759,14
47.204708319950,7.523106625267,14
47.204697884139,7.536304957125,14
47.208697844656,6.361536630699,14
47.208820523383,6.374734809526,14
47.208941689425,6.387933046922,14
47.209061342782,6.401131342160,14
47.209179483454,6.414329694515,14
47.213732513032,7.457118017897,14
47.213729638932,7.470318585132,14
47.213725252146,7.483519150623,14
47.213719352676,7.496719713643,14
47.213711940521,7.509920273465,14
47.213703015681,7.523120829364,14
47.217814396711,6.374555868203,14
47.217935582645,6.387756325714,14
47.218055255645,6.400956841069,14
47.218173415712,6.414157413539,14
47.218290062847,6.427358042399,14
47.222728554389,7.443918337691,14
47.222727192749,7.457121126059,14
47.222724318176,7.470323913409,14
47.222719930671,7.483526699016,14
47.222714030232,7.496729482152,14
47.222706616860,7.509932262090,14
47.222697690555,7.523135038104,14
47.226929454773,6.387579546753,14
47.227049147417,6.400782282949,14
47.227167326879,6.413985076260,14
47.227283993160,6.427187925961,14
47.227399146259,6.440390831325,14
47.231707324833,7.377894190157,14
47.231713528877,7.391099193552,14
47.231718219739,7.404304199564,14
47.231721397420,7.417509207465,14
47.231723061919,7.430714216528,14
47.231723213237,7.443919226028,14
47.231721851374,7.457124235237,14
47.231718976330,7.470329243428,14
47.231714588104,7.483534249876,14
47.231708686697,7.496739253853,14
47.235923305578,6.387402710038,14
47.236043017864,6.400607667800,14
47.236161216721,6.413812682678,14
47.236277902149,6.427017753946,14
47.236393074146,6.440222880877,14
47.236506732714,6.453428062743,14
47.240694241259,7.364676749330,14
47.240701959750,7.377883970949,14
47.240708164812,7.391091195912,14
47.240712856444,7.404298423490,14
47.240716034646,7.417505652958,14
47.240717699419,7.430712883588,14
47.240717850762,7.443920114655,14
47.240716488675,7.457127345430,14
47.240713613159,7.470334575189,14
47.245036866754,6.400432995623,14
47.245155085006,6.413640232793,14
47.245271789580,6.426847526353,14
47.245386980476,6.440054875576,14
47.245500657693,6.453262279735,14
47.245612821233,6.466469738103,14
47.245723471095,6.479677249954,14
47.249679619916,7.351454864650,14
47.249688853352,7.364664304493,14
47.249696573109,7.377873748405,14
47.249702779189,7.391083195659,14
47.249707471591,7.404292645530,14
47.249710650315,7.417502097290,14
47.254148931499,6.413467726605,14
47.254265655220,6.426677243183,14
47.254380865014,6.439886815424,14
47.254494560881,6.453096442600,14
47.254606742823,6.466306123986,14
47.254717410838,6.479515858855,14
47.254826564926,6.492725646479,14
47.258663459825,7.338228534667,14
47.258674208702,7.351440192732,14
47.258683443653,7.364651855592,14
47.258691164677,7.377863522522,14
47.258697371775,7.391075192795,14
47.258702064947,7.404286865684,14
47.263374727527,6.439718700419,14
47.263488442045,6.452930551339,14
47.263600642388,6.466142456469,14
47.263711328556,6.479354415081,14
47.263820500549,6.492566426449,14
47.263928158368,6.505778489846,14
47.264034302012,6.518990604546,14
47.267631981020,7.311783887896,14
47.267645760010,7.324997757932,14
47.267658024824,7.338211634217,14
47.267668775465,7.351425516025,14
47.267678011930,7.364639402629,14
47.267685734221,7.377853293302,14
47.267691942337,7.391067187319,14
47.272482300951,6.452764605952,14
47.272594519695,6.465978735550,14
47.272705224016,6.479192918631,14
47.272814413914,6.492407154468,14
47.272922089390,6.505621442335,14
47.273028250442,6.518835781504,14
47.273132897071,6.532050171249,14
47.273236029278,6.545264610843,14
47.276594413722,7.285330365638,14
47.276611223818,7.298546445464,14
47.276626519490,7.311762532993,14
47.276640300739,7.324978627498,14
47.276652567566,7.338194728253,14
47.276663319969,7.351410834530,14
47.276672557949,7.364626945603,14
47.276680281507,7.377843060745,14
47.281588374511,6.465814961231,14
47.281699096985,6.479031369507,14
47.281808304789,6.492247830538,14
47.281915997920,6.505464343599,14
47.282022176381,6.518680907963,14
47.282126840170,6.531897522902,14
47.282229989288,6.545114187691,14
47.282331623734,6.558330901603,14
47.282431743509,6.571547663911,14
47.285550754719,7.258867969354,14
47.285570596913,7.272086256789,14
47.285588924437,7.285304553381,14
47.285605737288,7.298522858402,14
47.285621035469,7.311741171125,14
47.285634818978,7.324959490825,14
47.285647087816,7.338177816774,14
47.285657841982,7.351396148246,14
47.290802172938,6.492088454658,14
47.290909883727,6.505307193639,14
47.291016079595,6.518525983923,14
47.291120760544,6.531744824783,14
47.291223926573,6.544963715492,14
47.291325577683,6.558182655324,14
47.291425713873,6.571401643551,14
47.291524335143,6.584620679448,14
47.291621441494,6.597839762288,14
47.294501000796,7.232396700503,14
47.294523876083,7.245617193367,14
47.294545236451,7.258837696840,14
47.294565081898,7.272058210196,14
47.294583412426,7.285278732708,14
47.294600228035,7.298499263649,14
47.294615528723,7.311719802292,14
47.294629314492,7.324940347912,14
47.294641585341,7.338160899781,14
47.300009959852,6.518371009385,14
47.300114657961,6.531592076890,14
47.300217840901,6.544813194245,14
47.300319508674,6.558034360722,14
47.300419661279,6.571255575596,14
47.300518298716,6.584476838138,14
47.300615420985,6.597698147624,14
47.300711028085,6.610919503325,14
47.300805120018,6.624140904516,14
47.300897696783,6.637362350469,14
47.303388784492,7.179471207420,14
47.303417724201,7.192693877226,14
47.303445148741,7.205916560547,14
47.303471058114,7.219139256658,14
47.303495452319,7.232361964831,14
47.303518331356,7.245584684340,14
47.303539695225,7.258807414459,14
47.303559543925,7.272030154461,14
47.303577877458,7.285252903618,14
47.303594695823,7.298475661205,14
47.303609999020,7.311698426494,14
47.309108532186,6.531439279224,14
47.309211732038,6.544662623950,14
47.309313416474,6.557886017799,14
47.309413585494,6.571109460043,14
47.309512239097,6.584332949957,14
47.309609377284,6.597556486814,14
47.309705000055,6.610780069886,14
47.309799107409,6.624003698448,14
47.309891699347,6.637227371773,14
47.309982775869,6.650451089134,14
47.310072336974,6.663674849804,14
47.312287269487,7.139752947777,14
47.312320760188,7.152977800046,14
47.312352735472,7.166202668010,14
47.312383195341,7.179427550944,14
47.312412139793,7.192652448121,14
47.312439568828,7.205877358813,14
47.312465482448,7.219102282295,14
47.312489880650,7.232327217840,14
47.312512763437,7.245552164721,14
47.312534130807,7.258777122211,14
47.312553982761,7.272002089583,14
47.312572319299,7.285227066112,14
47.318307300850,6.557737626553,14
47.318407486284,6.570963296895,14
47.318506156054,6.584189014905,14
47.318603310159,6.597414779859,14
47.318698948600,6.610640591028,14
47.318793071375,6.623866447687,14
47.318885678486,6.637092349108,14
47.318976769933,6.650318294566,14
47.319066345715,6.663544283332,14
47.319154405832,6.676770314682,14
47.319240950284,6.689996387887,14
47.319325979072,6.703222502222,14
47.319409492195,6.716448656959,14
47.321210101819,7.113248482054,14
47.321246629338,7.126475528847,14
47.321281641192,7.139702592790,14
47.321315137381,7.152929673155,14
47.321347117905,7.166156769217,14
47.321377582765,7.179383880247,14
47.321406531960,7.192611005521,14
47.321433965491,7.205838144310,14
47.321459883356,7.219065295889,14
47.321484285557,7.232292459530,14
47.321507172094,7.245519634508,14
47.321528542966,7.258746820094,14
47.321548398173,7.271974015564,14
47.327597219376,6.597273026758,14
47.327692873487,6.610501066750,14
47.327787011684,6.623729152231,14
47.327879633968,6.636957282475,14
47.327970740340,6.650185456755,14
47.328060330798,6.663413674344,14
47.328148405343,6.676641934515,14
47.328234963975,6.689870236543,14
47.328320006695,6.703098579700,14
47.328403533501,6.716326963260,14
47.328485544394,6.729555386496,14
47.328566039375,6.742783848681,14
47.328645018442,6.756012349088,14
47.328722481596,6.769240886992,14
47.330126823399,7.086735156148,14
47.330166388729,7.099964395285,14
47.330204438145,7.113193653024,14
47.330240971648,7.126422928640,14
47.330275989239,7.139652221405,14
47.330309490916,7.152881530593,14
47.330341476680,7.166110855477,14
47.330371946532,7.179340195330,14
47.330400900470,7.192569549425,14
47.330428338495,7.205798917037,14
47.330454260607,7.219028297438,14
47.330478666807,7.232257689902,14
47.336873565559,6.636822171873,14
47.336964686855,6.650052575700,14
47.337054291990,6.663283022837,14
47.337142380963,6.676513512557,14
47.337228953775,6.689744044133,14
47.337314010426,6.702974616837,14
47.337397550916,6.716205229945,14
47.337479575244,6.729435882729,14
47.337560083411,6.742666574462,14
47.337639075416,6.755897304417,14
47.337716551260,6.769128071869,14
47.337792510943,6.782358876090,14
47.337866954464,6.795589716353,14
47.337939881825,6.808820591933,14
47.338011293023,6.822051502102,14
47.338081188061,6.835282446133,14
47.338149566937,6.848513423301,14
47.338216429652,6.861744432878,14
47.338900521645,7.020518811223,14
47.338947674263,7.033750175994,14
47.338993310719,7.046981563002,14
47.339037431014,7.060212971519,14
47.339080035147,7.073444400818,14
47.339121123119,7.086675850174,14
47.339160694930,7.099907318859,14
47.339198750580,7.113138806146,14
47.339235290068,7.126370311310,14
47.339270313395,7.139601833623,14
47.339303820560,7.152833372359,14
47.339335811564,7.166064926790,14
47.339366286407,7.179296496191,14
47.346048229057,6.663152328813,14
47.346136332459,6.676385048807,14
47.346222919451,6.689617810656,14
47.346307990033,6.702850613634,14
47.346391544206,6.716083457015,14
47.346473581969,6.729316340072,14
47.346554103322,6.742549262078,14
47.346633108266,6.755782222307,14
47.346710596800,6.769015220033,14
47.346786568924,6.782248254527,14
47.346861024639,6.795481325064,14
47.346933963944,6.808714430917,14
47.347005386839,6.821947571359,14
47.347075293325,6.835180745664,14
47.347143683401,6.848413953105,14
47.347210557067,6.861647192956,14
47.347275914323,6.874880464489,14
47.347339755170,6.888113766978,14
47.347402079608,6.901347099696,14
47.347462887635,6.914580461917,14
47.347522179253,6.927813852914,14
47.347579954462,6.941047271961,14
47.347636213260,6.954280718330,14
47.347690955649,6.967514191295,14
47.347744181629,6.980747690129,14
47.347795891198,6.993981214106,14
47.347846084358,7.007214762499,14
47.347894761108,7.020448334582,14
47.347941921449,7.033681929627,14
47.347987565380,7.046915546908,14
47.348031692901,7.060149185698,14
47.348074304013,7.073382845271,14
47.348115398715,7.086616524900,14
47.348154977007,7.099850223859,14
47.348193038890,7.113083941420,14
47.348229584363,7.126317676857,14
47.348264613426,7.139551429443,14
47.355385513138,6.715961644470,14
47.355467564336,6.729196758526,14
47.355548098876,6.742431911531,14
47.355627116758,6.755667102759,14
47.355704617981,6.768902331483,14
47.355780602547,6.782137596976,14
47.355855070455,6.795372898513,14
47.355928021705,6.808608235365,14
47.355999456297,6.821843606806,14
47.356069374230,6.835079012110,14
47.356137775506,6.848314450550,14
47.356204660124,6.861549921399,14
47.356270028084,6.874785423931,14
47.356333879386,6.888020957420,14
47.356396214029,6.901256521137,14
47.356457032015,6.914492114357,14
47.356516333343,6.927727736353,14
47.356574118013,6.940963386398,14
47.356630386025,6.954199063766,14
47.356685137378,6.967434767730,14
47.356738372074,6.980670497564,14
47.356790090112,6.993906252540,14
47.356840291492,7.007142031932,14
47.356888976214,7.020377835013,14
47.356936144277,7.033613661057,14
47.356981795683,7.046849509337,14
47.357025930431,7.060085379127,14
47.357068548521,7.073321269699,14
47.357109649953,7.086557180327,14
47.357149234726,7.099793110284,14
47.357187302842,7.113029058844,14
47.364621100658,6.755551945772,14
47.364698614572,6.768789406221,14
47.364774611579,6.782026903439,14
47.364849091680,6.795264436699,14
47.364922054875,6.808502005276,14
47.364993501163,6.821739608442,14
47.365063430545,6.834977245470,14
47.365131843021,6.848214915635,14
47.365198738590,6.861452618209,14
47.365264117253,6.874690352465,14
47.365327979010,6.887928117678,14
47.365390323860,6.901165913120,14
47.365451151804,6.914403738065,14
47.365510462842,6.927641591785,14
47.365568256973,6.940879473555,14
47.365624534198,6.954117382648,14
47.365679294517,6.967355318336,14
47.365732537929,6.980593279894,14
47.365784264435,6.993831266595,14
47.365834474035,7.007069277711,14
47.365883166728,7.020307312517,14
47.365930342515,7.033545370286,14
47.365976001395,7.046783450291,14
47.366020143370,7.060021551804,14
47.366062768438,7.073259674101,14
47.366103876599,7.086497816454,14
47.373987521205,6.821635576266,14
47.374125885711,6.848115348360,14
47.374192792232,6.861355283384,14
47.374258181598,6.874595250091,14
47.374322053809,6.887835247753,14
47.374384408866,6.901075275645,14
47.374445246768,6.914315333040,14
47.374504567516,6.927555419211,14
47.374562371109,6.940795533431,14
47.374618657547,6.954035674974,14
47.374673426830,6.967275843112,14
47.374726678959,6.980516037120,14
47.374778413933,6.993756256271,14
47.374828631753,7.006996499838,14
47.374877332417,7.020236767094,14
47.374924515928,7.033477057313,14
