45.819074763090,7.147884589131,14
45.819107342755,7.160749634260,14
45.819138448227,7.173614695085,14
45.819168079506,7.186479770880,14
45.819196236593,7.199344860917,14
45.816002692297,8.318579691894,14
45.815901120399,8.331443189659,14
45.815798074308,8.344306636994,14
45.815693554025,8.357170033171,14
45.815587559548,8.370033377464,14
45.828069827752,7.147836956138,14
45.828102412906,7.160704108922,14
45.828133523618,7.173571277401,14
45.828163159889,7.186438460850,14
45.824895650450,8.331589460885,14
45.824792587001,8.344455015874,14
45.824688049110,8.357320519706,14
45.824582036778,8.370185971653,14
45.837064907490,7.147789306748,14
45.837097498132,7.160658567911,14
45.837128614084,7.173527844771,14
45.837158255346,7.186397136600,14
45.833890195576,8.331735782465,14
45.833787114768,8.344603445834,14
45.833682559271,8.357471058046,14
45.833576529084,8.370338618374,14
45.846025931003,7.134870287113,14
45.846060002071,7.147741640960,14
45.846092598201,7.160613011229,14
45.846123719392,7.173484397194,14
45.846153365646,7.186355798129,14
45.842884755544,8.331882154398,14
45.842781657378,8.344751926873,14
45.842677084274,8.357621648190,14
45.842571036232,8.370491317624,14
45.842463513252,8.383360934446,14
45.855021034456,7.134820495096,14
45.855055111260,7.147693958774,14
45.855087712878,7.160567438875,14
45.855118839310,7.173440934671,14
45.851776214597,8.344900458991,14
45.851671623886,8.357772290140,14
45.851565557989,8.370644069404,14
45.851458016905,8.383515796058,14
45.863980594309,7.121895128871,14
45.864016152284,7.134770685956,14
45.864050234825,7.147646260191,14
45.864082841931,7.160521850848,14
45.864113973603,7.173397457202,14
45.860770786191,8.345049042188,14
45.860666177873,8.357922983894,14
45.860560094121,8.370796873715,14
45.860452534934,8.383670710926,14
45.872975720294,7.121843191325,14
45.873011284255,7.134720859693,14
45.873045372532,7.147598545210,14
45.873077985126,7.160476247150,14
45.873109122038,7.173353964785,14
45.869660746003,8.358073729452,14
45.869554644396,8.370949730556,14
45.869447067105,8.383825679049,14
45.869338014131,8.396701574205,14
45.881970860189,7.121791235931,14
45.882006430134,7.134671016307,14
45.882040524148,7.147550813832,14
45.882073142230,7.160430627779,14
45.878759971573,8.345346361820,14
45.878655328042,8.358224526815,14
45.878549208579,8.371102639927,14
45.878441613185,8.383980700428,14
45.878332541859,8.396858707592,14
45.890966013759,7.121739262688,14
45.891001589689,7.134621155798,14
45.891035689440,7.147503066056,14
45.891068313010,7.160384992737,14
45.887754584894,8.345495098254,14
45.887649923756,8.358375375983,14
45.887543786438,8.371255601828,14
45.887436172940,8.384135775063,14
45.899924122429,7.108803282905,14
45.899961180772,7.121687271597,14
45.899996762686,7.134571278165,14
45.900030868173,7.147455301882,14
45.896749211658,8.345643885768,14
45.896644532912,8.358526276956,14
45.896538377739,8.371408616260,14
45.896430746138,8.384290902953,14
45.896321638109,8.397173136309,14
45.908919296417,7.108749159780,14
45.908956360993,7.121635262657,14
45.908991948893,7.134521383410,14
45.909026060116,7.147407521312,14
45.905743851630,8.345792724361,14
45.905639155278,8.358677229733,14
45.905532982249,8.371561683222,14
45.905425332545,8.384446084100,14
45.905316206164,8.397330431640,14
45.917875935647,7.095806818898,14
45.917914483381,7.108695018082,14
45.917951554190,7.121583235868,14
45.917987148074,7.134471471531,14
45.918021265034,7.147359724343,14
45.914633790619,8.358828234315,14
45.914527599735,8.371714802714,14
45.914419931927,8.384601318502,14
45.914310787194,8.397487780953,14
45.926909683087,7.108640857808,14
45.926946760129,7.121531191231,14
45.926982359998,7.134421542529,14
45.927016482694,7.147311910977,14
45.923628438702,8.358979290702,14
45.923522229963,8.371867974736,14
45.923414544051,8.384756606160,14
45.935866334605,7.095694247780,14
45.935904895301,7.108586678961,14
45.935941978577,7.121479128745,14
45.935977584431,7.134371596404,14
45.932727848466,8.346239546613,14
45.932623099294,8.359130398893,14
45.932516872700,8.372021199289,14
45.932409168685,8.384911947074,14
45.944861552613,7.095637933272,14
45.944900119792,7.108532481540,14
45.944937209300,7.121427048410,14
45.944972821139,7.134321633156,14
45.941722538941,8.346388589523,14
45.941617772161,8.359281558889,14
45.941511527712,8.372174476371,14
45.941403805593,8.385067341243,14
45.941294605805,8.397960152777,14
45.953816731087,7.082684952713,14
45.953856782665,7.095581599464,14
45.953895356324,7.108478265544,14
45.953932452066,7.121374950227,14
45.950717241457,8.346537683511,14
45.950612457071,8.359432770690,14
45.950506194767,8.372327805984,14
45.950398454545,8.385222788668,14
45.962811966217,7.082626481067,14
45.962852024524,7.095525246356,14
45.962890604666,7.108424030974,14
45.962927706641,7.121322834195,14
45.959711955783,8.346686828578,14
45.959607153790,8.359584034295,14
45.959500873630,8.372481188127,14
45.959393115304,8.385378289349,14
45.971765669470,7.069667124900,14
45.971807212923,7.082567989396,14
45.971847277960,7.095468873948,14
45.971885864583,7.108369777830,14
45.971922972791,7.121270700314,14
45.968706681684,8.346836024725,14
45.968601862084,8.359735349705,14
45.968495564069,8.372634622801,14
45.968387787640,8.385533843286,14
45.980760920540,7.069606493215,14
45.980802470970,7.082509477700,14
45.980842542738,7.095412482241,14
45.980881135842,7.108315506111,14
45.977701418927,8.346985271950,14
45.977596581720,8.359886716919,14
45.977490265850,8.372788110004,14
45.977382471318,8.385689450479,14
45.977273198122,8.398590737616,14
45.989756182719,7.069545840779,14
45.989797740127,7.082450945978,14
45.989837818624,7.095356071234,14
45.989876418210,7.108261215819,14
45.986696167279,8.347134570255,14
45.986591312465,8.360038135939,14
45.986484978741,8.372941649738,14
45.986377166104,8.385845110927,14
45.998708412227,7.056577961734,14
45.998751455773,7.069485167591,14
45.998793020160,7.082392394231,14
45.998833105387,7.095299640927,14
45.995690926507,8.347283919639,14
45.995586054086,8.360189606763,14
45.995479702506,8.373095242002,14
45.995371871767,8.386000824631,14
46.007703688697,7.056515145631,14
46.007746739469,7.069424473653,14
46.007788310834,7.082333822459,14
46.007828402791,7.095243191320,14
46.004685696377,8.347433320102,14
46.004580806349,8.360341129391,14
46.004474436914,8.373248886797,14
46.004366588071,8.386156591591,14
46.016698975575,7.056452308051,14
46.016742033575,7.069363758964,14
46.016783611918,7.082275230661,14
46.016823710604,7.095186722414,14
46.013680476655,8.347582771644,14
46.013575569021,8.360492703824,14
46.013469181731,8.373402584121,14
46.013361314784,8.386312411807,14
46.025694272630,7.056389448994,14
46.025737337856,7.069303023525,14
46.025778923177,7.082216618838,14
46.025819028593,7.095130234207,14
46.025857654105,7.108043868906,14
46.022675267110,8.347732274265,14
46.022570341869,8.360644330062,14
46.022463936723,8.373556333976,14
46.022356051673,8.386468285278,14
46.034732652079,7.069242267334,14
46.034774244378,7.082157986990,14
46.034814356524,7.095073726701,14
46.034852988518,7.107989485742,14
46.031670067506,8.347881827965,14
46.031565124659,8.360796008105,14
46.031458701658,8.373710136361,14
46.031350798504,8.386624212006,14
46.043727976011,7.069181490392,14
46.043769575288,7.082099335116,14
46.043809694164,7.095017199895,14
46.043848332639,7.107935084004,14
46.040559917157,8.360947737952,14
46.040453476301,8.373863991276,14
46.040345555044,8.386780191989,14
46.040236153386,8.399696339364,14
46.052764915674,7.082040663217,14
46.052805041280,7.094960653790,14
46.052843686236,7.107880663692,14
46.052880850543,7.120800692197,14
46.049448260420,8.374017898721,14
46.049340321060,8.386936225228,14
46.049230901049,8.399854498397,14
46.061760265302,7.081981971292,14
46.061800397637,7.094904088384,14
46.061839049075,7.107826224806,14
46.061876219615,7.120748379830,14
46.058443053782,8.374171858697,14
46.058335096317,8.387092311722,14
46.058225657955,8.400012711410,14
46.058114738695,8.412933057034,14
46.070755623938,7.081923259343,14
46.070795763004,7.094847503679,14
46.070834420923,7.107771767345,14
46.070871597696,7.120696049614,14
46.070907293323,7.133620349758,14
46.067437856152,8.374325871203,14
46.067329880584,8.387248451473,14
46.067220423870,8.400170978405,14
46.067109486010,8.413093451274,14
46.079791137146,7.094790899674,14
46.079829801547,7.107717291310,14
46.079866984553,7.120643701549,14
46.079902686165,7.133570129664,14
46.076432667297,8.374479936239,14
46.076324673626,8.387404644479,14
46.076215198560,8.400329299381,14
46.076104242100,8.413253900220,14
46.088786519831,7.094734276370,14
46.088825190713,7.107662796701,14
46.088862379952,7.120591335636,14
46.088898087549,7.133519892446,14
46.085427486985,8.374634053805,14
46.085319475211,8.387560890741,14
46.085209981793,8.400487674339,14
46.085099006732,8.413414403873,14
46.097820588188,7.107608283518,14
46.097857783660,7.120538951874,14
46.097893497241,7.133469638105,14
46.097927728931,7.146400341486,14
46.094528862969,8.361859204934,14
46.094422314982,8.374788223901,14
46.094314285104,8.387717190258,14
46.094204773334,8.400646103278,14
46.106815993738,7.107553751760,14
46.106853195444,7.120486550263,14
46.106888915010,7.133419366641,14
46.106923152436,7.146352200169,14
46.103628800599,8.349080096415,14
46.103523716897,8.362011297414,14
46.103417151055,8.374942446528,14
46.103309103073,8.387873543032,14
46.103199572951,8.400804586198,14
46.115811407131,7.107499201429,14
46.115848615070,7.120434130803,14
46.115884340620,7.133369078054,14
46.115918583783,7.146304042454,14
46.115951344558,7.159239023277,14
46.112623679976,8.349230109828,14
46.112518578666,8.362163441698,14
46.112411994969,8.375096721685,14
46.112303928884,8.388029949061,14
46.124844042304,7.120381693495,14
46.124879773840,7.133318772344,14
46.124914022739,7.146255868342,14
46.124946789002,7.159192980763,14
46.121618566961,8.349380174319,14
46.121513448045,8.362315637788,14
46.121406846493,8.375251049372,14
46.121298762304,8.388186408346,14
46.133839476914,7.120329238339,14
46.133875214435,7.133268449511,14
46.133909469071,7.146207677832,14
46.133942240822,7.159146922576,14
46.130613461322,8.349530289890,14
46.130508324799,8.362467885682,14
46.130401705392,8.375405429590,14
46.130293603099,8.388342920887,14
46.142870662172,7.133218109554,14
46.142904922544,7.146159470925,14
46.142937699784,7.159100848718,14
46.142968993890,7.172042242207,14
46.139608362825,8.349680456539,14
46.139503208696,8.362620185380,14
46.139396571433,8.375559862337,14
46.139288451037,8.388499486684,14
46.151866116818,7.133167752475,14
46.151900382927,7.146111247620,14
46.151933165654,7.159054759187,14
46.151964465001,7.171998286451,14
46.148706959593,8.336888760495,14
46.148603271237,8.349830674268,14
46.148498099501,8.362772536883,14
46.148391444383,8.375714347615,14
46.148283305884,8.388656105736,14
46.160861578140,7.133117378272,14
46.160895849985,7.146063007917,14
46.160928638201,7.159008653985,14
46.160959942787,7.171954315749,14
46.157701892039,8.337036894803,14
46.157598186325,8.349980943076,14
46.157492996982,8.362924940191,14
46.157386324009,8.375868885423,14
46.169857045904,7.133066986946,14
46.169891323486,7.146014751817,14
46.169924117189,7.158962533111,14
46.169955427015,7.171910330100,14
46.166799070121,8.324238845535,14
46.166696830927,8.337185079464,14
46.166593107855,8.350131262963,14
46.166487900905,8.363077395304,14
46.166381210077,8.376023475761,14
46.178852519877,7.133016578498,14
46.178886803195,7.145966479320,14
46.178919602387,7.158916396564,14
46.178950917453,7.171866329505,14
46.175894804507,8.311436525014,14
46.175794032329,8.324384944598,14
46.175691776024,8.337333314479,14
46.175588035594,8.350281633929,14
46.175482811037,8.363229902221,14
46.187847999825,7.132966152926,14
46.187882288880,7.145918190424,14
46.187915093560,7.158870244346,14
46.187946413865,7.171822313963,14
46.184989094217,8.298629931790,14
46.184889789552,8.311580537028,14
46.184789000512,8.324531093290,14
46.184686727097,8.337481599847,14
46.184582969308,8.350432055974,14
46.184477727144,8.363382460943,14
46.196877780307,7.145869885132,14
46.196910590475,7.158824076455,14
46.196941916020,7.171778283475,14
46.196971756943,7.184732505464,14
46.193984101618,8.298771855305,14
46.193884780339,8.311724597946,14
46.193783974437,8.324677291609,14
46.193681683912,8.337629935569,14
46.193577908765,8.350582529098,14
46.205873277243,7.145821563441,14
46.205906092899,7.158777892893,14
46.205937423684,7.171734238041,14
46.205967269598,7.184690598157,14
46.205995630641,7.197646972517,14
46.202979114527,8.298913826996,14
46.202879776635,8.311868707765,14
46.202778953871,8.324823539557,14
46.202676646236,8.337778321645,14
46.214901600599,7.158731693659,14
46.214932936624,7.171690177660,14
46.214962787529,7.184648676630,14
46.214991153315,7.197607189843,14
46.215018033981,7.210565716572,14
46.211974132712,8.299055846865,14
46.211874778206,8.312012866487,14
46.211773938581,8.324969837133,14
46.211671613836,8.337926758074,14
46.223928454606,7.171646102332,14
46.223958310502,7.184606740882,14
46.223986681031,7.197567393674,14
46.224013566192,7.210528059982,14
46.221067041690,8.286238707459,14
46.220969155939,8.299197914911,14
46.220869784820,8.312157074112,14
46.220768928333,8.325116184336,14
46.232923977396,7.171602012058,14
46.232953838285,7.184564790912,14
46.232982213557,7.197527584009,14
46.233009103212,7.210490390621,14
46.233034507252,7.223453210023,14
46.229864796243,8.312301330639,14
46.229763922894,8.325262581168,14
46.241919504762,7.171557906838,14
46.241949370642,7.184522826722,14
46.241977750657,7.197487760849,14
46.242004644808,7.210452708492,14
46.242030053094,7.223417668924,14
46.238859812241,8.312445636069,14
46.238758922030,8.325409027627,14
46.250973292100,7.197447924193,14
46.251000190746,7.210415013592,14
46.251025603278,7.223382115779,14
46.251049529697,7.236349230030,14
46.247854832581,8.312589990401,14
46.247753925509,8.325555523715,14
46.247651532323,8.338521007325,14
46.259968837652,7.197408074043,14
46.259995740793,7.210377305922,14
46.260021157571,7.223346550591,14
46.260045087989,7.236315807323,14
46.257143710666,8.273831075291,14
46.257047245816,8.286798895838,14
46.256949294604,8.299766668862,14
46.256849857031,8.312734393635,14
46.256748933096,8.325702069431,14
46.256646522800,8.338669695522,14
46.268964387080,7.197368210397,14
46.268991294715,7.210339585483,14
46.269016715740,7.223310973359,14
46.269040650156,7.236282373297,14
46.269063097962,7.249253784571,14
46.269084059158,7.262225206455,14
46.266233782444,8.260999087256,14
46.266138788087,8.273969097807,14
46.266042307119,8.286939061562,14
46.265944339542,8.299908977792,14
46.265844885355,8.312878845772,14
46.265743944559,8.325848664774,14
46.265641517153,8.338818434073,14
46.277986852280,7.210301852274,14
46.278012277551,7.223275384082,14
46.278036215965,7.236248927953,14
46.278058667521,7.249222483159,14
46.278079632219,7.262196048975,14
46.275228879375,8.261135012566,14
46.275133869149,8.274107167050,14
46.275037372065,8.287079274736,14
46.274939388123,8.300051334899,14
46.274738959664,8.325995309746,14
46.286982413253,7.210264106295,14
46.287007842771,7.223239782761,14
46.287031785183,7.236215471290,14
46.287054240489,7.249191171154,14
46.287075208688,7.262166881628,14
46.287094689781,7.275142601985,14
46.284223979715,8.261270983876,14
46.284128953621,8.274245283018,14
46.284032440420,8.287219535362,14
46.283934440112,8.300193740183,14
46.296027357577,7.236182003308,14
46.296049816632,7.249159848556,14
46.296070788333,7.262137704413,14
46.296090272679,7.275115570153,14
46.296108269671,7.288093445049,14
46.296124779308,7.301071328375,14
46.293312637839,8.248430510590,14
46.293219083231,8.261407001186,14
46.293124041268,8.274383445711,14
46.293027511950,8.287359843439,14
46.305022932913,7.236148524007,14
46.305045395718,7.249128515365,14
46.305066370920,7.262108517331,14
46.305085858520,7.275088529180,14
46.305103858516,7.288068550185,14
46.305120370909,7.301048579619,14
46.305135395700,7.314028616756,14
46.302307759917,8.248564427792,14
46.302214189689,8.261543064497,14
46.302119131857,8.274521655131,14
46.302022586422,8.287500198968,14
46.314061956217,7.262079320381,14
46.314081447069,7.275061479065,14
46.314099450070,7.288043646904,14
46.314115965220,7.301025823173,14
46.314130992518,7.314008007145,14
46.314144531966,7.326990198092,14
46.311394982702,8.235717561384,14
46.311302884704,8.248698390268,14
46.311209298855,8.261679173807,14
46.311114225155,8.274659911276,14
46.323077038094,7.275034419807,14
46.323095044100,7.288018735207,14
46.323111562006,7.301003059036,14
46.323126591813,7.313987390568,14
46.323140133520,7.326971729075,14
46.320390125336,8.235849421575,14
46.320298011966,8.248832398019,14
46.320204410497,8.261815329119,14
46.320109320929,8.274798214148,14
46.332107161035,7.300980287208,14
46.332122193349,7.313966767025,14
46.332135737316,7.326953253819,14
46.332147792935,7.339939746861,14
46.329475910605,8.222996156968,14
46.329385270212,8.235981326315,14
46.329293141471,8.248966451044,14
46.329199524382,8.261951530430,14
46.329104418945,8.274936563744,14
46.341102762072,7.300957507689,14
46.341117796895,7.313946136517,14
46.341131343121,7.326934772322,14
46.341143400752,7.339923414376,14
46.338471072614,8.223125957246,14
46.338380417097,8.236113275604,14
46.338288272984,8.249100549345,14
46.338194640275,8.262087777741,14
46.350098364885,7.300934720479,14
46.350113402216,7.313925499044,14
46.350126950702,7.326916284586,14
46.350139010344,7.339907076376,14
46.350149581141,7.352897873690,14
46.347466236399,8.223255801348,14
46.347375565758,8.236245269442,14
46.347283406273,8.249234692920,14
46.347189757944,8.262224071053,14
46.359109009079,7.313904854606,14
46.359122559825,7.326897790610,14
46.359134621479,7.339890732863,14
46.359145194039,7.352883680638,14
46.356550598396,8.210394026825,14
46.356461401725,8.223385689272,14
46.356370715961,8.236377307829,14
46.356278541105,8.249368881769,14
46.368104617251,7.313884203202,14
46.368118170257,7.326879290394,14
46.368130233922,7.339874383835,14
46.368140808246,7.352869482798,14
46.365545779906,8.210521807385,14
46.365456568361,8.223515621021,14
46.365365867473,8.236509390766,14
46.365273677245,8.249503115893,14
46.377113781765,7.326860783938,14
46.377125847441,7.339858029293,14
46.377136423528,7.352855280170,14
46.377145510025,7.365852535843,14
46.374628699324,8.197653622331,14
46.374540962493,8.210649631044,14
46.374451736072,8.223645596593,14
46.374361020061,8.236641518251,14
46.374268814461,8.249637395292,14
46.386109394115,7.326842271243,14
46.386121461802,7.339841669236,14
46.386132039652,7.352841072752,14
46.386141127664,7.365840481064,14
46.386148725838,7.378839893446,14
46.383623897379,8.197779336448,14
46.383536145921,8.210777497801,14
46.383446904625,8.223775615989,14
46.383356173491,8.236773690286,14
46.395105007073,7.326823752308,14
46.395117076773,7.339825303666,14
46.395127656386,7.352826860546,14
46.395136745912,7.365828422223,14
46.395144345353,7.378829987969,14
46.395150454706,7.391831557057,14
46.392619096043,8.197905092939,14
46.392531329958,8.210905407655,14
46.392442073787,8.223905679208,14
46.392351327529,8.236905906870,14
46.404112692118,7.339808932581,14
46.404123273494,7.352812643551,14
46.404132364536,7.365816359318,14
46.404139965243,7.378820079154,14
46.404146075615,7.391823802333,14
46.404150695652,7.404827528128,14
46.404153825355,7.417831255812,14
46.401700585460,8.185028380557,14
46.401614295083,8.198030891801,14
46.401526514371,8.211033360608,14
46.401437243325,8.224035786250,14
46.413118890745,7.352798421768,14
46.413127983302,7.365804292350,14
46.413135585275,7.378810167002,14
46.413141696665,7.391816044997,14
46.413146317473,7.404821925607,14
46.413149447697,7.417827808107,14
46.413151087338,7.430833691769,14
46.410695799021,8.185152066976,14
46.410609494265,8.198156733036,14
46.410521698926,8.211161356658,14
46.410432413005,8.224165937117,14
46.422123601977,7.365792221320,14
46.422131205216,7.378800251513,14
46.422137317625,7.391808285048,14
46.422141939202,7.404816321200,14
46.422145069948,7.417824359241,14
46.422146709862,7.430832398444,14
46.422146858945,7.443840438084,14
46.422145517197,7.456848477433,14
46.422142684618,7.469856515764,14
46.419775840793,8.172268931731,14
46.419691012490,8.185275795042,14
46.419604693356,8.198282616643,14
46.419516883390,8.211289395807,14
46.431132938260,7.391800522488,14
46.431137560607,7.404810714906,14
46.431140691874,7.417820909214,14
46.431142332062,7.430831104684,14
46.431142481170,7.443841300591,14
46.431141139198,7.456851496206,14
46.431138306147,7.469861690805,14
46.431133982016,7.482871883659,14
46.431128166805,7.495882074043,14
46.428854419421,8.159381484615,14
46.428771068068,8.172390545177,14
46.428686225635,8.185399564755,14
46.428599892122,8.198408542623,14
46.428512067530,8.211417478054,14
46.440133181454,7.404805106726,14
46.440136313243,7.417817458026,14
46.440137953704,7.430829810489,14
46.440138102836,7.443842163388,14
46.440136760641,7.456854515996,14
46.440133927118,7.469866867586,14
46.440129602267,7.482879217433,14
46.440123786088,7.495891564809,14
46.440116478580,7.508903908988,14
46.440107679745,7.521916249242,14
46.438168207681,8.107455716464,14
46.438090807758,8.120467090688,14
46.437931533928,8.146489724178,14
46.437849660020,8.159500981990,14
46.437766294785,8.172512199545,14
46.437681438222,8.185523376115,14
46.437595090331,8.198534510975,14
46.437507251112,8.211545603398,14
46.449133723712,7.443843026475,14
46.449132381293,7.456857536801,14
46.449129547298,7.469872046109,14
46.449125221727,7.482886553674,14
46.449119404579,7.495901058768,14
46.449112095855,7.508915560664,14
46.449103295555,7.521930058637,14
46.449093003678,7.534944551959,14
46.449081220225,7.547959039903,14
46.449067945195,7.560973521744,14
46.447313851427,8.081539447955,14
46.447239421768,8.094553053871,14
46.447163500533,8.107566623164,14
46.447086087721,8.120580155106,14
46.447007183333,8.133593648970,14
46.446926787369,8.146607104031,14
46.446844899828,8.159620519561,14
46.446761520711,8.172633894834,14
46.446676650018,8.185647229122,14
46.446590287748,8.198660521700,14
46.458125166454,7.469877226373,14
46.458120840162,7.482893892382,14
46.458115022046,7.495910555919,14
46.458107712105,7.508927216259,14
46.458098910340,7.521943872675,14
46.458088616749,7.534960524440,14
46.458076831335,7.547977170828,14
46.458063554095,7.560993811112,14
46.458048785031,7.574010444566,14
46.458032524142,7.587027070462,14
46.456659001171,8.016566729334,14
46.456453576915,8.055614439375,14
46.456382118513,8.068630274804,14
46.456309168287,8.081646075061,14
46.456234726236,8.094661839421,14
46.456158792361,8.107677567157,14
46.456081366660,8.120693257542,14
46.456002449136,8.133708909850,14
46.455922039786,8.146724523354,14
46.467110638255,7.495920056262,14
46.467103327098,7.508938875772,14
46.467094523867,7.521957691357,14
46.467084228563,7.534976502291,14
46.467072441186,7.547995307848,14
46.467059161737,7.561014107301,14
46.467044390214,7.574032899923,14
46.467028126618,7.587051684988,14
46.467010370950,7.600070461770,14
46.466991123208,7.613089229540,14
46.466970383393,7.626107987573,14
46.465966964301,7.951571648266,14
46.465783886944,7.990626308874,14
46.465719877012,8.003644468425,14
46.465654375007,8.016662596438,14
46.465587380930,8.029680692187,14
46.465518894779,8.042698754945,14
46.465448916555,8.055716783986,14
46.465377446258,8.068734778583,14
46.465304483889,8.081752738009,14
46.465230029446,8.094770661539,14
46.465154082930,8.107788548444,14
46.465076644342,8.120806397998,14
46.464997713680,8.133824209475,14
46.476079838886,7.534992485511,14
46.476068049547,7.548013450962,14
46.476054767887,7.561034410310,14
46.476039993906,7.574055362827,14
46.476023727604,7.587076307786,14
46.476005968980,7.600097244462,14
46.475986718035,7.613118172127,14
46.475965974768,7.626139090055,14
46.475943739180,7.639159997518,14
46.475920011271,7.652180893791,14
46.475288311651,7.873533714119,14
46.475237721957,7.886554284700,14
46.475132065607,7.912595350143,14
46.475076998950,7.925615843552,14
46.475020439971,7.938636309784,14
46.474962388671,7.951656748111,14
46.474902845050,7.964677157808,14
46.474841809108,7.977697538148,14
46.474779280844,7.990717888403,14
46.474715260259,8.003738207848,14
46.474649747352,8.016758495756,14
46.474582742124,8.029778751399,14
46.474514244575,8.042798974052,14
46.474444254704,8.055819162988,14
46.474372772513,8.068839317480,14
46.474299797999,8.081859436801,14
46.474225331165,8.094879520224,14
46.474149372009,8.107899567024,14
46.485050372314,7.561054720139,14
46.485035595874,7.574077833276,14
46.485019326865,7.587100938856,14
46.485001565285,7.600124036151,14
46.484982311137,7.613147124436,14
46.484961564418,7.626170202984,14
46.484939325130,7.639193271068,14
46.484915593273,7.652216327961,14
46.484890368845,7.665239372937,14
46.484863651848,7.678262405268,14
46.484380507047,7.847560344343,14
46.484283788533,7.873605878831,14
46.484233190421,7.886628610032,14
46.484181099740,7.899651316235,14
46.484127516489,7.912673996715,14
46.484072440668,7.925696650744,14
46.484015872278,7.938719277596,14
46.483957811318,7.951741876544,14
46.483898257788,7.964764446861,14
46.483837211689,7.977786987820,14
46.483774673019,7.990809498696,14
46.483645117972,8.016854427289,14
46.483578101594,8.029876843553,14
46.483509592647,8.042899226826,14
46.483439591129,8.055921576381,14
46.483368097042,8.068943891493,14
46.483295110386,8.081966171434,14
46.493997159633,7.600150836838,14
46.493977902281,7.613176086468,14
46.493957152111,7.626201326362,14
46.493934909123,7.639226555791,14
46.493911173317,7.652251774030,14
46.493885944692,7.665276980351,14
46.493859223250,7.678302174029,14
46.493831008990,7.691327354335,14
46.493801301912,7.704352520545,14
46.493770102016,7.717377671930,14
46.493591710265,7.782503181064,14
46.493551553460,7.795528228245,14
46.493466761398,7.821578262149,14
46.493422126140,7.834603247418,14
46.493375998064,7.847628210597,14
46.493328377169,7.860653150959,14
46.493279263457,7.873678067776,14
46.493228656927,7.886702960323,14
46.493176557579,7.899727827872,14
46.493122965413,7.912752669697,14
46.493067880428,7.925777485072,14
46.493011302626,7.938802273269,14
46.492953232006,7.951827033563,14
46.492893668568,7.964851765226,14
46.492832612312,7.977876467531,14
46.492770063237,7.990901139752,14
46.502952737612,7.626232460187,14
46.502930490924,7.639259851688,14
46.502906751169,7.652287231998,14
46.502881518348,7.665314600390,14
46.502854792461,7.678341956139,14
46.502826573507,7.691369298517,14
46.502796861487,7.704396626798,14
46.502765656401,7.717423940254,14
46.502732958248,7.730451238160,14
46.502698767029,7.743478519789,14
46.502663082744,7.756505784413,14
46.502625905392,7.769533031307,14
46.502587234974,7.782560259744,14
46.502547071490,7.795587468996,14
46.502505414939,7.808614658338,14
46.502462265322,7.821641827043,14
46.502417622639,7.834668974384,14
46.502371486889,7.847696099634,14
46.502323858073,7.860723202066,14
46.502274736191,7.873750280955,14
46.502224121242,7.886777335573,14
46.502172013227,7.899804365193,14
46.502118412145,7.912831369090,14
46.502063317998,7.925858346536,14
46.501948650503,7.951912219169,14
46.501828010744,7.977965977280,14
46.511877089580,7.665352233054,14
46.511850359247,7.678381751600,14
46.511822135600,7.691411256774,14
46.511792418638,7.704440747852,14
46.511761208362,7.717470224105,14
46.511728504771,7.730499684808,14
46.511694307865,7.743529129233,14
46.511658617644,7.756558556655,14
46.511621434109,7.769587966345,14
46.511582757259,7.782617357579,14
46.511542587095,7.795646729628,14
46.511500923615,7.808676081767,14
46.511457766821,7.821705413268,14
46.511413116713,7.834734723406,14
46.511366973290,7.847764011452,14
46.511319336552,7.860793276682,14
46.511270206499,7.873822518367,14
46.511167466450,7.899880928199,14
46.511113856454,7.912910094893,14
46.520817695035,7.691453229108,14
46.520787973132,7.704484883707,14
46.520756757665,7.717516523483,14
46.520724048635,7.730548147708,14
46.520689846042,7.743579755656,14
46.520654149887,7.756611346600,14
46.520616960168,7.769642919813,14
46.520578276886,7.782674474568,14
46.520538100042,7.795706010140,14
46.520496429634,7.808737525801,14
46.520453265663,7.821769020825,14
46.520408608130,7.834800494485,14
46.520362457033,7.847831946054,14
46.529752304077,7.717562838388,14
46.529719589609,7.730596626861,14
46.529685381329,7.743630399057,14
46.529649679238,7.756664154248,14
46.529612483336,7.769697891709,14
46.529573793622,7.782731610713,14
46.529533610098,7.795765310532,14
46.538645205465,7.756716979600,14
