46.256833026142,9.638375412065,14
46.255553584833,9.703189791906,14
46.255293235997,9.716152290152,14
46.255031400303,9.729114660796,14
46.254503268342,9.755039016370,14
46.254236972074,9.768000999846,14
46.253969188948,9.780962852812,14
46.253699918964,9.793924574543,14
46.253429162123,9.806886164311,14
46.253156918423,9.819847621390,14
46.266076523708,9.625773752783,14
46.265825054027,9.638739146043,14
46.265572097240,9.651704416061,14
46.265317653346,9.664669562110,14
46.265061722347,9.677634583462,14
46.264804304240,9.690599479392,14
46.264545399028,9.703564249173,14
46.264285006709,9.716528892078,14
46.264023127283,9.729493407379,14
46.263759760752,9.742457794352,14
46.263494907114,9.755422052269,14
46.263228566369,9.768386180403,14
46.262960738519,9.781350178027,14
46.262691423562,9.794314044416,14
46.262420621499,9.807277778842,14
46.262148332329,9.820241380578,14
46.261874556053,9.833204848899,14
46.261599292671,9.846168183077,14
46.275814207657,9.587232116310,14
46.275567158047,9.600200020322,14
46.275318621082,9.613167803271,14
46.275068596763,9.626135464431,14
46.274817085088,9.639103003075,14
46.274564086060,9.652070418477,14
46.274309599676,9.665037709909,14
46.274053625938,9.678004876645,14
46.273796164845,9.690971917958,14
46.273537216398,9.703938833122,14
46.273276780596,9.716905621410,14
46.273014857439,9.729872282096,14
46.272751446927,9.742838814452,14
46.272486549061,9.755805217752,14
46.272220163840,9.768771491269,14
46.271952291265,9.781737634277,14
46.271682931335,9.794703646049,14
46.271412084050,9.807669525859,14
46.271139749411,9.820635272979,14
46.270865927416,9.833600886683,14
46.270590618068,9.846566366244,14
46.270313821364,9.859531710936,14
46.270035537306,9.872496920032,14
46.286494391267,9.496793832398,14
46.286257713630,9.509764709611,14
46.286019548389,9.522735470848,14
46.285779895546,9.535706115383,14
46.285538755100,9.548676642488,14
46.285296127050,9.561647051437,14
46.285052011398,9.574617341503,14
46.284806408143,9.587587511960,14
46.284559317285,9.600557562081,14
46.284310738823,9.613527491140,14
46.284060672759,9.626497298409,14
46.283809119092,9.639466983162,14
46.283556077821,9.652436544672,14
46.283301548948,9.665405982213,14
46.283045532472,9.678375295058,14
46.282788028392,9.691344482481,14
46.282529036710,9.704313543754,14
46.282268557425,9.717282478151,14
46.282006590537,9.730251284945,14
46.281743136045,9.743219963410,14
46.281478193951,9.756188512819,14
46.281211764254,9.769156932446,14
46.280943846953,9.782125221563,14
46.280674442050,9.795093379444,14
46.280403549544,9.808061405362,14
46.280131169434,9.821029298591,14
46.279857301722,9.833997058404,14
46.279581946407,9.846964684075,14
46.279305103489,9.859932174876,14
46.279026772967,9.872899530081,14
46.278746954843,9.885866748963,14
46.295955846986,9.471187927242,14
46.295722105541,9.484161181062,14
46.295486876246,9.497134320359,14
46.295250159098,9.510107344406,14
46.295011954100,9.523080252478,14
46.294772261250,9.536053043847,14
46.294531080549,9.549025717787,14
46.294288411997,9.561998273570,14
46.294044255593,9.574970710471,14
46.293798611338,9.587943027763,14
46.293551479231,9.600915224718,14
46.293302859273,9.613887300611,14
46.293052751464,9.626859254715,14
46.292801155804,9.639831086302,14
46.292548072292,9.652802794647,14
46.292293500929,9.665774379023,14
46.292037441714,9.678745838703,14
46.291779894649,9.691717172960,14
46.291520859731,9.704688381067,14
46.291260336963,9.717659462299,14
46.290734827872,9.743601241227,14
46.289935405351,9.782512939883,14
46.288848678737,9.834393364063,14
46.288573277455,9.847363136568,14
46.288296388322,9.860332774204,14
46.288018011337,9.873302276243,14
46.287738146502,9.886271641960,14
46.287456793814,9.899240870628,14
46.287173953276,9.912209961519,14
46.286889624886,9.925178913908,14
46.305180705073,9.458548719980,14
46.304948412715,9.471524235156,14
46.304714632257,9.484499636535,14
46.304479363700,9.497474923392,14
46.304242607043,9.510450095000,14
46.304004362286,9.523425150632,14
46.303764629430,9.536400089561,14
46.303523408474,9.549374911061,14
46.303280699418,9.562349614404,14
46.303036502263,9.575324198865,14
46.302790817008,9.588298663717,14
46.302543643653,9.601273008233,14
46.302294982199,9.614247231686,14
46.302044832645,9.627221333350,14
46.297564610979,9.847761723725,14
46.297287675631,9.860733508920,14
46.297009252183,9.873705158520,14
46.296729340636,9.886676671797,14
46.296447940989,9.899648048025,14
46.296165053242,9.912619286477,14
46.295880677396,9.925590386426,14
46.295307461404,9.951532167909,14
46.294728293014,9.977473386662,14
46.292955073451,10.055293608403,14
46.314633509010,9.432927327826,14
46.314404154583,9.445905216699,14
46.314173311809,9.458882993230,14
46.313940980686,9.471860656691,14
46.313707161215,9.484838206356,14
46.313471853396,9.497815641499,14
46.313235057229,9.510792961393,14
46.312996772715,9.523770165310,14
46.312756999852,9.536747252525,14
46.312515738641,9.549724222310,14
46.312272989082,9.562701073939,14
46.312028751175,9.575677806686,14
46.311783024921,9.588654419824,14
46.306278965182,9.861134379026,14
46.306000495271,9.874108176911,14
46.305720537012,9.887081838474,14
46.305439090405,9.900055362987,14
46.305156155451,9.913028749725,14
46.304871732148,9.926001997959,14
46.304585820497,9.938975106965,14
46.304298420498,9.951948076014,14
46.304009532151,9.964920904381,14
46.303719155457,9.977893591338,14
46.303427290414,9.990866136160,14
46.303133937023,10.003838538118,14
46.302839095284,10.016810796488,14
46.302542765197,10.029782910541,14
46.302244946763,10.042754879552,14
46.301945639980,10.055726702793,14
46.301644844849,10.068698379538,14
46.324305441047,9.394316635506,14
46.324080514141,9.407297006059,14
46.323854098638,9.420277266449,14
46.323626194540,9.433257415949,14
46.323396801845,9.446237453834,14
46.323165920553,9.459217379376,14
46.322933550666,9.472197191849,14
46.322699692182,9.485176890525,14
46.322464345101,9.498156474679,14
46.314430241831,9.900462815515,14
46.314147259668,9.913438351264,14
46.313862788909,9.926413748510,14
46.313576829553,9.939389006526,14
46.313289381601,9.952364124587,14
46.313000445053,9.965339101965,14
46.312710019908,9.978313937933,14
46.312418106167,9.991288631766,14
46.312124703830,10.004263182736,14
46.311829812896,10.017237590116,14
46.311533433366,10.030211853181,14
46.311235565240,10.043185971203,14
46.310936208517,10.056159943456,14
46.310635363198,10.069133769212,14
46.333298241666,9.394640385865,14
46.333073277237,9.407622906154,14
46.332846823963,9.420605316281,14
46.332618881845,9.433587615518,14
46.332389450882,9.446569803140,14
46.332158531074,9.459551878419,14
46.331926122421,9.472533840628,14
46.323421395032,9.900870405608,14
46.322853847445,9.926825638076,14
46.322567840384,9.939803045830,14
46.322280344479,9.952780313627,14
46.321991359730,9.965757440742,14
46.321700886135,9.978734426447,14
46.321408923696,9.991711270016,14
46.321115472412,10.004687970723,14
46.320820532284,10.017664527840,14
46.320524103311,10.030640940642,14
46.320226185493,10.043617208401,14
46.319926778830,10.056593330390,14
46.319625883323,10.069569305883,14
46.319323498971,10.082545134154,14
46.319019625775,10.095520814475,14
46.318714263734,10.108496346121,14
46.318407412848,10.121471728363,14
46.343176160707,9.343024475392,14
46.342957115127,9.356009579528,14
46.342736580453,9.368994576408,14
46.342514556687,9.381979465305,14
46.342291043828,9.394964245492,14
46.342066041876,9.407948916244,14
46.341839550830,9.420933476833,14
46.341611570692,9.433917926533,14
46.341382101461,9.446902264617,14
46.341151143136,9.459886490358,14
46.331844907524,9.927237666659,14
46.331271308900,9.953196643135,14
46.330982275949,9.966175920712,14
46.330691753904,9.979155056879,14
46.330399742767,9.992134050911,14
46.329811253213,10.018091609660,14
46.329216807288,10.044048591145,14
46.328917350686,10.057026863596,14
46.328616404990,10.070004989552,14
46.328313970202,10.082982968285,14
46.328010046321,10.095960799069,14
46.327704633346,10.108938481176,14
46.327397731279,10.121916013882,14
46.352602807983,9.317365010028,14
46.352386704556,9.330352477684,14
46.352169111787,9.343339839537,14
46.351950029677,9.356327094860,14
46.351729458225,9.369314242928,14
46.351507397433,9.382301283013,14
46.351283847298,9.395288214388,14
46.351058807823,9.408275036328,14
46.350832279006,9.421261748105,14
46.350374753349,9.447234838264,14
46.339682622982,9.979575829230,14
46.337907923850,10.057460543075,14
46.337606927966,10.070440820218,14
46.337304442741,10.083420950139,14
46.337000468175,10.096400932111,14
46.336695004268,10.109380765406,14
46.336388051019,10.122360449299,14
46.336079608429,10.135339983063,14
46.361810482324,9.304686452067,14
46.361595832453,9.317676176712,14
46.361379692993,9.330665796281,14
46.361162063943,9.343655310048,14
46.360942945303,9.356644717285,14
46.360722337073,9.369634017266,14
46.360500239254,9.382623209264,14
46.360276651845,9.395612292553,14
46.360051574846,9.408601266406,14
46.346597452018,10.070876797882,14
46.345990891105,10.096841213602,14
46.345685376265,10.109823198811,14
46.345378371835,10.122805034617,14
46.345069877815,10.135786720294,14
46.344759894205,10.148768255115,14
46.344448421006,10.161749638353,14
46.344135458217,10.174730869283,14
46.370803543422,9.304995571028,14
46.370588857766,9.317987448312,14
46.370372682272,9.330979220520,14
46.370155016940,9.343970886925,14
46.369935861770,9.356962446801,14
46.369715216763,9.369953899421,14
46.354675749104,10.110265781389,14
46.354368693492,10.123249769834,14
46.354060148042,10.136233608150,14
46.353750112755,10.149217295610,14
46.353438587629,10.162200831488,14
46.353125572665,10.175184215056,14
46.379796605128,9.305304794178,14
46.379581883687,9.318298824826,14
46.379365672160,9.331292750399,14
46.379147970547,9.344286570169,14
46.378928778847,9.357280283410,14
46.363359015759,10.123694654952,14
46.363050418879,10.136680646632,14
46.362740331913,10.149666487457,14
46.362428754861,10.162652176699,14
46.362115687722,10.175637713631,14
46.361801130497,10.188623097528,14
46.361485083186,10.201608327662,14
46.389002934100,9.292617832430,14
46.388789667210,9.305614121518,14
46.388574909984,9.318610306256,14
46.388358662424,9.331606385919,14
46.372040690092,10.137127835739,14
46.371730551447,10.150115830654,14
46.371418922469,10.163103673986,14
46.371105803155,10.176091365009,14
46.370791193507,10.189078902995,14
46.370475093524,10.202066287219,14
46.398626995645,9.253929158603,14
46.398418164966,9.266927911195,14
46.398207843705,9.279926561617,14
46.397996031861,9.292925109144,14
46.397782729433,9.305923553047,14
46.397567936423,9.318921892602,14
46.397351652830,9.331920127080,14
46.380720771124,10.150565325202,14
46.380409090219,10.163555323350,14
46.380095918730,10.176545169188,14
46.379781256659,10.189534861990,14
46.379465104005,10.202524401030,14
46.379147460767,10.215513785581,14
46.378828326947,10.228503014915,14
46.378507702544,10.241492088307,14
46.407620198433,9.254230072158,14
46.407411332964,9.267230980291,14
46.407200976662,9.280231786254,14
46.406989129530,9.293232489322,14
46.406775791566,9.306233088767,14
46.406560962771,9.319233583863,14
46.406344643145,9.332233973882,14
46.389399257877,10.164007124790,14
46.389086034214,10.176999126170,14
46.388771319720,10.189990974513,14
46.388455114394,10.202982669094,14
46.388137418237,10.215974209186,14
46.387818231248,10.228965594061,14
46.387497553429,10.241956822994,14
46.387175384777,10.254947895258,14
46.386851725295,10.267938810125,14
46.416820810079,9.241527921158,14
46.416613400898,9.254531087000,14
46.416404500636,9.267534151400,14
46.416194109295,9.280537113630,14
46.415982226875,9.293539972965,14
46.415768853375,9.306542728676,14
46.397127375382,10.216434787769,14
46.396808135225,10.229428328912,14
46.396487403989,10.242421714111,14
46.396165181673,10.255414942642,14
46.395841468277,10.268408013776,14
46.395516263802,10.281400926788,14
46.425814046529,9.241826880295,14
46.425606602804,9.254832203130,14
46.425397667752,9.267837424522,14
46.425187241371,9.280842543745,14
46.406117331969,10.216895521332,14
46.405798038644,10.229891219466,14
46.405477253992,10.242886761659,14
46.405154978011,10.255882147181,14
46.404831210702,10.268877375308,14
46.404505952065,10.281872445312,14
46.435013268879,9.229118358726,14
46.434807282188,9.242125939995,14
46.434599803920,9.255133420547,14
46.434390834075,9.268140799657,14
46.414467103203,10.243351965635,14
46.414144773557,10.256349508876,14
46.413820952335,10.269346894721,14
46.413495639537,10.282344122443,14
46.413168835162,10.295341191315,14
46.444211066970,9.216405520842,14
46.444006537808,9.229415360544,14
46.443800516822,9.242425100256,14
46.443593004011,9.255434739252,14
46.443383999375,9.268444276805,14
46.423134568080,10.256817027726,14
46.422810692944,10.269816572014,14
46.422485325985,10.282815958179,14
46.422158467200,10.295815185496,14
46.421830116591,10.308814253236,14
46.453204368688,9.216700463328,14
46.452999805480,9.229712462198,14
46.452793750198,9.242724361079,14
46.452586202844,9.255736159244,14
46.452377163417,9.268747855967,14
46.432124361344,10.257284703731,14
46.431800432296,10.270286407188,14
46.431475011174,10.283287952523,14
46.431148097980,10.296289339008,14
46.430819692713,10.309290565917,14
46.462400773848,9.203981246897,14
46.462197668915,9.216995504924,14
46.461993071660,9.230009663689,14
46.461786982084,9.243023722465,14
46.461579400186,9.256037680524,14
46.440790170156,10.270756400244,14
46.440464694873,10.283760105473,14
46.440137727269,10.296763651852,14
46.439809267343,10.309767038656,14
46.439479315097,10.322770265157,14
46.471795905903,9.178241094807,14
46.471595752310,9.191257709800,14
46.471394106148,9.204274226984,14
46.471190967417,9.217290645631,14
46.470986336115,9.230306965016,14
46.470780212245,9.243323184412,14
46.449454376847,10.284232417029,14
46.449127354833,10.297238124029,14
46.448798840250,10.310243671452,14
46.448468833096,10.323249058573,14
46.448137333373,10.336254284665,14
46.480987997172,9.165510977167,14
46.480789303097,9.178529850588,14
46.480589116203,9.191548626927,14
46.480387436491,9.204567305456,14
46.480184263961,9.217585885449,14
46.479979598613,9.230604366180,14
46.479773440448,9.243622746922,14
46.458444056864,10.284704887192,14
46.458116980440,10.297712755537,14
46.457788411198,10.310720464306,14
46.457458349138,10.323728012773,14
46.457126794260,10.336735400211,14
46.456793746565,10.349742625892,14
46.490178659291,9.152776535962,14
46.489981425228,9.165797667811,14
46.489782698099,9.178818703303,14
46.489582477904,9.191839641713,14
46.489380764642,9.204860482314,14
46.467106603855,10.298187546378,14
46.466777979955,10.311197417218,14
46.466447862989,10.324207127756,14
46.466116252956,10.337216677265,14
46.465783149857,10.350226065017,14
46.465448553692,10.363235290287,14
46.499367891280,9.140037769743,14
46.499172117727,9.153061160018,14
46.498974850860,9.166084454663,14
46.498776090678,9.179107652953,14
46.498575837181,9.192130754159,14
46.498374090369,9.205153757557,14
46.475767546288,10.311674530187,14
46.475437374415,10.324686403522,14
46.475105709228,10.337698115827,14
46.474772550726,10.350709666377,14
46.474437898909,10.363721054443,14
46.508165573506,9.153345879557,14
46.507968273834,9.166371337725,14
46.507769480598,9.179396699536,14
46.507569193800,9.192421964266,14
46.484426883184,10.325165840071,14
46.484095162842,10.338179715899,14
46.483761948936,10.351193429970,14
46.483427241468,10.364206981560,14
46.483091040437,10.377220369939,14
46.517354865059,9.140602976534,14
46.517159026393,9.153630694579,14
46.516961693916,9.166658316995,14
46.516762867628,9.179685843054,14
46.493084613564,10.338661477479,14
46.492751344256,10.351677355798,14
46.492416581136,10.364693071635,14
46.492080324205,10.377708624263,14
46.491742573462,10.390724012955,14
46.526348347379,9.140885722066,14
46.526152476156,9.153915605085,14
46.525955110874,9.166945392474,14
46.525756251533,9.179975083507,14
46.501740736451,10.352161443861,14
46.501405917680,10.365179324671,14
46.501069604849,10.378197042272,14
46.500731797958,10.391214595937,14
46.535536235811,9.128136418736,14
46.535341826340,9.141168562356,14
46.535145922562,9.154200611073,14
46.534948524475,9.167232564161,14
46.534749632080,9.180264420893,14
46.510730125288,10.352645694157,14
46.510395250865,10.365665740666,14
46.510058882134,10.378685623966,14
46.509721019096,10.391705343330,14
46.509381661749,10.404724898032,14
46.544529743490,9.128417187358,14
46.544335301711,9.141451497403,14
46.544139365376,9.154485712544,14
46.543941934484,9.167519832057,14
46.543743009036,9.180553855214,14
46.519719510534,10.353130106688,14
46.519384580460,10.366152319622,14
46.519048155829,10.379174369346,14
46.518710236642,10.392196255135,14
46.518370822899,10.405217976261,14
46.518029914599,10.418239531997,14
46.553907711105,9.102624813822,14
46.553716226627,9.115661478642,14
46.553523247344,9.128698050012,14
46.553328773257,9.141734527207,14
46.553132804365,9.154770909499,14
46.552935340669,9.167807196162,14
46.528373906230,10.366639061537,14
46.528037425700,10.379663278411,14
46.527699450364,10.392687331350,14
46.527359980225,10.405711219626,14
46.527019015280,10.418734942513,14
46.562709758483,9.115940267452,14
46.562516747141,9.128979006699,14
46.562322240746,9.142017651769,14
46.537026691512,10.380152351162,14
46.536688660029,10.393178571976,14
46.536349133493,10.406204628128,14
46.536008111903,10.419230518890,14
46.571894834149,9.103178148273,14
46.571703286049,9.116219149570,14
46.571510242646,9.129260057417,14
46.571315703943,9.142300871089,14
46.546015953034,10.380641587597,14
46.545677865402,10.393669977013,14
46.545338282469,10.406698201766,14
46.544997204235,10.419726261130,14
46.544654630700,10.432754154377,14
46.580888389002,9.103454954369,14
46.580696809089,9.116498124993,14
46.580503733627,9.129541202168,14
46.580309162616,9.142584185166,14
46.580113096055,9.155627073262,14
46.554667066251,10.394161546461,14
46.554327426922,10.407191940541,14
46.553986292043,10.420222169231,14
46.553643661614,10.433252231805,14
46.589881939096,9.103731853047,14
46.589690327373,9.116777193723,14
46.589497219851,9.129822440950,14
46.589302616531,9.142867594001,14
46.563656262342,10.394653280320,14
46.563316566616,10.407685844452,14
46.562975375093,10.420718243194,14
46.562632687771,10.433750475821,14
46.562288504651,10.446782541605,14
46.599065631689,9.090961240129,14
46.598875484200,9.104008844306,14
46.598683840664,9.117056355760,14
46.598490701083,9.130103773764,14
46.598296065455,9.143151097593,14
46.572305701320,10.408179913499,14
46.571964453151,10.421214483020,14
46.571621708936,10.434248886424,14
46.571277468675,10.447283122986,14
46.608059203131,9.091236152465,14
46.607869024079,9.104285928145,14
46.607677348732,9.117335611103,14
46.607484177091,9.130385200611,14
46.581294830799,10.408674147683,14
46.580953525985,10.421710888707,14
46.580610724877,10.434747463615,14
46.580266427474,10.447783871681,14
46.579920633777,10.460820112177,14
46.617052769115,9.091511156657,14
46.616862558500,9.104563104566,14
46.616670851342,9.117614959752,14
46.589942593362,10.422207460257,14
46.589599735360,10.435246207394,14
46.589255380816,10.448284787688,14
46.588909529729,10.461323200413,14
46.626235074796,9.078732039844,14
46.626046329409,9.091786252703,14
46.625856087230,9.104840373567,14
46.625664348260,9.117894401708,14
46.625471112499,9.130948336400,14
46.598931655047,10.422704197668,14
46.598588740153,10.435745117760,14
46.598244328467,10.448785871008,14
46.597898419990,10.461826456688,14
46.597551014721,10.474866874072,14
46.635228660479,9.079005054066,14
46.635039883778,9.092061440605,14
46.634849610036,9.105117735149,14
46.634657839255,9.118173936970,14
46.607577739020,10.436244194713,14
46.607233270193,10.449287121642,14
46.606887304326,10.462329881002,14
46.606539841419,10.475372472065,14
46.644222240005,9.079278159417,14
46.644033431989,9.092336720363,14
46.643843126684,9.105395189312,14
46.643651324091,9.118453565539,14
46.616566731730,10.436743438254,14
46.616222205761,10.449788539589,14
46.615876182505,10.462833473354,14
46.615528661960,10.475878238824,14
46.653215813140,9.079551355899,14
46.653026973809,9.092612091976,14
46.652836636941,9.105672736056,14
46.652644802536,9.118733287414,14
46.625555718049,10.437242848383,14
46.625211134939,10.450290124849,14
46.624865054292,10.463337233745,14
46.624517476109,10.476384174346,14
46.662396752512,9.066761640308,14
46.662209379651,9.079824643510,14
46.662020509004,9.092887555444,14
46.661830140573,9.105950375381,14
46.661638274357,9.119013102596,14
46.634544697743,10.437742425099,14
46.634200057492,10.450791877422,14
46.633853919455,10.463841162175,14
46.633506283634,10.476890278632,14
46.633157150028,10.489939226067,14
46.671202939303,9.080098022251,14
46.671014037342,9.093163110767,14
46.670823637348,9.106228107287,14
46.670631739320,9.119293011084,14
46.643188973187,10.451293797308,14
46.642842777760,10.464345258643,14
46.642495084301,10.477396551683,14
46.642145892809,10.490447675700,14
46.680196491865,9.080371492122,14
46.680007558588,9.093438757946,14
46.679817127031,9.106505931773,14
46.679625197192,9.119573012878,14
46.652177881791,10.451795884507,14
46.651831628974,10.464849523150,14
46.651483877877,10.477902993498,14
46.651134628498,10.490956294823,14
46.689377503163,9.067575517996,14
46.689190037102,9.080645053123,14
46.689001072511,9.093714496980,14
46.688810609390,9.106783848841,14
46.688618647740,9.119853107979,14
46.661166783070,10.452298139019,14
46.660820472864,10.465353955696,14
46.660472664129,10.478409604077,14
46.660123356863,10.491465083436,14
46.698371071909,9.067846991368,14
46.698183574781,9.080918705253,14
46.697994578875,9.093990327869,14
46.697804084191,9.107061858489,14
46.670155676792,10.452800560845,14
46.669809309196,10.465858556281,14
46.669461442822,10.478916383421,14
46.669112077670,10.491974041538,14
46.707364632863,9.068118555143,14
46.707177104669,9.081192448513,14
46.706988077448,9.094266250614,14
46.706797551201,9.107339960719,14
46.678798137737,10.466363324904,14
46.678450213725,10.479423331528,14
46.678100790687,10.492483169130,14
46.716358185793,9.068390209323,14
46.716170626533,9.081466282903,14
46.715981567997,9.094542265214,14
46.715791010187,9.107618155529,14
46.687786958253,10.466868261565,14
46.687438976603,10.479930448400,14
46.687089495678,10.492992466212,14
46.686738515479,10.506054314275,14
46.725351730466,9.068661953907,14
46.725164140139,9.081740208423,14
46.724975050288,9.094818371669,14
46.724784460915,9.107896442920,14
46.697122310277,10.454308830199,14
46.696775770512,10.467373366266,14
46.696427731223,10.480437734036,14
46.696078192412,10.493501932784,14
46.695727154078,10.506565961782,14
46.734531388270,9.055853262176,14
46.734345266647,9.068933788896,14
46.734157645253,9.082014225073,14
46.733968524088,9.095094569980,14
46.705764574279,10.467878639005,14
46.705416477353,10.480945188436,14
46.705066880655,10.494011568845,14
46.704715784186,10.507077779505,14
46.743524946545,9.056123005182,14
46.743338794104,9.069205714288,14
46.743151141644,9.082288332852,14
46.742961989164,9.095370860146,14
46.714753369322,10.468384079783,14
46.714405214758,10.481452811601,14
46.714055560173,10.494521374397,14
46.713704405569,10.507589767443,14
46.752703178853,9.043307855831,14
46.752518495862,9.056392837866,14
46.752332312603,9.069477730085,14
46.752144629076,9.082562531761,14
46.751955445282,9.095647242168,14
46.723742155408,10.468889688599,14
46.723393943205,10.481960603530,14
46.723044230734,10.495031349438,14
46.722693017995,10.508101925596,14
46.761696749549,9.043575594357,14
46.761512035988,9.056662760229,14
46.761325821911,9.069749836286,14
46.761138107318,9.082836821800,14
46.732382662461,10.482468564223,14
46.732032892103,10.495541493969,14
46.731681621230,10.508614253965,14
46.731328849840,10.521686843486,14
46.770690310820,9.043843421835,14
46.770505566690,9.056932772271,14
46.770319321795,9.070022032891,14
46.770131576135,9.083111202968,14
46.741371372292,10.482976693680,14
46.741021544048,10.496051807989,14
46.740670215040,10.509126752549,14
46.740317385267,10.522201526633,14
46.779499087734,9.057202873991,14
46.779312812020,9.070294319900,14
46.779125035294,9.083385675267,14
46.778935757555,9.096476939364,14
46.750360072466,10.483484991901,14
46.750010186336,10.496562291500,14
46.749658799192,10.509639421349,14
46.749305911036,10.522716380722,14
46.788492598886,9.057473065390,14
46.788306292355,9.070566697314,14
46.788118484562,9.083660238695,14
46.787929175508,9.096753688807,14
46.759697205504,10.470913804251,14
46.759348762749,10.483993458887,14
46.758998818732,10.497072944500,14
46.758647373454,10.510152260363,14
46.758294426914,10.523231405751,14
46.797486099915,9.057743346468,14
46.797299762565,9.070839165132,14
46.797111923706,9.083934893253,14
46.796922583337,9.097030530105,14
46.768685943300,10.471420253261,14
46.768337442907,10.484502094637,14
46.767987441003,10.497583766990,14
46.767635937591,10.510665269593,14
46.806479590585,9.058013717225,14
46.806293222418,9.071111723354,14
46.806105352492,9.084209638941,14
46.805915980808,9.097307463258,14
46.777674670739,10.471926870309,14
46.777326112707,10.485010899151,14
46.776976052917,10.498094758969,14
46.776624491370,10.511178449039,14
46.815473070665,9.058284177660,14
46.815286671679,9.071384371980,14
46.815098770687,9.084484475758,14
46.814909367688,9.097584488267,14
46.786314771916,10.485519872429,14
46.785964654240,10.498605920439,14
46.785613034558,10.511691798700,14
46.824466539920,9.058554727773,14
46.824280110116,9.071657111011,14
46.824092178057,9.084759403705,14
46.823902743743,9.097861605131,14
46.823711807175,9.110963714560,14
46.795303420301,10.486029014472,14
46.794953244739,10.499117251398,14
46.794601566921,10.512205318576,14
46.794248386849,10.525293215277,14
46.833273537495,9.071929940445,14
46.833085574370,9.085034422783,14
46.832896108741,9.098138813850,14
46.832705140610,9.111243112922,14
46.804640788575,10.473447729687,14
46.804292057628,10.486538325278,14
46.803941824179,10.499628751847,14
46.803590088227,10.512719008667,14
46.803236849772,10.525809095011,14
46.842078959391,9.085309532989,14
46.841889462448,9.098416114425,14
46.841698462753,9.111522603865,14
46.841505960308,9.124629000582,14
46.813629472249,10.473955018890,14
46.813280683664,10.487047804849,14
46.812930392329,10.500140421786,14
46.812578598241,10.513232868974,14
46.851072332888,9.085584734326,14
46.850882804630,9.098693506855,14
46.850691773372,9.111802187388,14
46.850499239115,9.124910775198,14
46.822618144399,10.474462476131,14
46.822269298176,10.487557453184,14
46.821918948954,10.500652261215,14
46.821567096732,10.513746899496,14
46.860065694627,9.085860026792,14
46.859876135054,9.098970991140,14
46.859685072234,9.112081863492,14
46.859492506165,9.125192643122,14
46.831606804790,10.474970101412,14
46.831257900930,10.488067270284,14
46.830907493821,10.501164270133,14
46.830555583464,10.514261100233,14
46.869059044375,9.086135410389,14
46.868869453488,9.099248567281,14
46.868678359104,9.112361632178,14
46.868485761224,9.125474604352,14
46.868291659847,9.138587483076,14
46.840942911194,10.462378365018,14
46.840595453191,10.475477894731,14
46.840246491692,10.488577256147,14
46.839896026697,10.501676448541,14
46.839544058205,10.514775471186,14
46.877862759697,9.099526235277,14
46.877671633749,9.112641493444,14
46.877479004058,9.125756658888,14
46.877284870621,9.138871730883,14
46.850277616408,10.449782242554,14
46.849931604760,10.462884133106,14
46.849584089368,10.475985856089,14
46.849235070230,10.489087410775,14
46.848884547349,10.502188796439,14
46.848532520722,10.515290012354,14
46.886856053448,9.099803995129,14
46.886664895937,9.112921447291,14
46.886472234434,9.126038806731,14
46.859266354658,10.450285983959,14
46.858920285869,10.463390068507,14
46.858572713086,10.476493985485,14
46.858223636311,10.489597734167,14
46.896039019340,9.086962107956,14
46.895849334508,9.100081846835,14
46.895658145434,9.113201493719,14
46.895465452119,9.126321047880,14
46.867908954286,10.463896171220,14
46.867561324114,10.477002282920,14
46.867212189700,10.490108226324,14
46.905032318790,9.087237856071,14
46.904842602643,9.100359790397,14
46.904651382007,9.113481632728,14
46.904458656880,9.126603382336,14
46.904264427264,9.139725038494,14
46.877243792851,10.451293966532,14
46.876897609779,10.464402441247,14
46.876549922217,10.477510748394,14
46.876200730165,10.490618887244,14
46.875850033624,10.503726857072,14
46.913835857621,9.100637825815,14
46.913644605421,9.113761864318,14
46.913451848483,9.126885810098,14
46.885886252114,10.464908878587,14
46.885538507162,10.478019381906,14
46.885189257472,10.491129716929,14
46.884838503044,10.504239882929,14
46.922829099208,9.100915953088,14
46.922637815445,9.114042188488,14
46.922445026695,9.127168331166,14
46.922250732960,9.140294380395,14
46.922054934238,9.153420335447,14
46.895221178413,10.452302615455,14
46.894874881058,10.465415483241,14
46.894527078716,10.478528183457,14
46.894177771388,10.491640715378,14
46.931822327170,9.101194172216,14
46.931631011844,9.114322605240,14
46.931438191283,9.127450945541,14
46.931243865487,9.140579192393,14
46.931048034457,9.153707345069,14
46.930850698192,9.166835402843,14
46.904554700136,10.439691957546,14
46.904209850874,10.452807189798,14
46.903863496377,10.465922255207,14
46.903515636646,10.479037153047,14
46.903166271680,10.492151882591,14
46.940624194385,9.114603114572,14
46.940431342013,9.127733653222,14
46.940236984157,9.140864098424,14
46.940041120819,9.153994449449,14
46.939843751998,9.167124705571,14
46.913886816305,10.427076903410,14
46.913543415633,10.440194500127,14
46.913198509477,10.453311930728,14
46.912852097839,10.466429194486,14
46.912504180718,10.479546290675,14
46.949424478651,9.128016454210,14
46.949230088736,9.141149098486,14
46.949034193090,9.154281648586,14
46.948836791712,9.167414103782,14
46.948637884603,9.180546463350,14
46.922875574355,10.427577412779,14
46.922532117038,10.440697208570,14
46.922187153989,10.453816838246,14
46.921840685210,10.466936301079,14
46.921492710698,10.480055596342,14
46.958223178990,9.141434192580,14
46.958027251036,9.154568942480,14
46.957829817101,9.167703597477,14
46.957630877188,9.180838156845,14
46.931864318081,10.428078087284,14
46.931520804119,10.441200082876,14
46.931175784177,10.454321912351,14
46.930829258256,10.467443574984,14
46.930481226355,10.480565070048,14
46.967020294424,9.154856331132,14
46.966822827933,9.167993186655,14
46.966623855215,9.181129946548,14
46.941195111627,10.415454565419,14
46.940853047249,10.428578926926,14
46.940509476642,10.441703123043,14
46.940164399807,10.454827153044,14
46.939817816744,10.467951016203,14
46.976209315592,9.142004662865,14
46.976013323021,9.155143814542,14
46.975815823974,9.168282871316,14
46.975616818451,9.181421832460,14
46.950183882401,10.415953368946,14
46.949841761625,10.429079931704,14
46.949498134374,10.442206329073,14
46.949153000646,10.455332560325,14
46.985202361473,9.142290039056,14
46.985006336594,9.155431392709,14
46.984808804991,9.168572651460,14
46.984609766662,9.181713814581,14
46.959172638150,10.416452336884,14
46.958830460978,10.429581101619,14
46.958486777081,10.442709700964,14
46.958141586460,10.455838134193,14
46.994195392097,9.142575509278,14
46.993999334909,9.155719065634,14
46.993801770749,9.168862527087,14
46.993602699616,9.182005892910,14
46.993402121510,9.195149162378,14
46.968502105236,10.403820337133,14
46.968161378641,10.416951469233,14
46.967819145072,10.430082436670,14
46.967475404531,10.443213238717,14
47.002992317733,9.156006833316,14
47.002794721017,9.169152498197,14
47.002595617078,9.182298067448,14
47.002395005919,9.195443540344,14
47.002192887538,9.208588916157,14
46.977490886384,10.404317430465,14
46.977150103641,10.417450765992,14
46.976807813676,10.430583936857,14
46.976464016490,10.443716942333,14
47.011985284833,9.156294695756,14
47.011787655560,9.169442564790,14
47.011588518817,9.182590338195,14
47.011387874604,9.195738015244,14
47.011185722922,9.208885595211,14
47.010982063770,9.222033077368,14
46.986479651808,10.404814687482,14
46.986138812916,10.417950227163,14
46.985796466555,10.431085602181,14
46.985452612724,10.444220811810,14
47.020780574145,9.169732726867,14
47.020581404597,9.182882705151,14
47.020380727331,9.196032587079,14
47.020178542347,9.209182371924,14
47.019974849646,9.222332058960,14
47.019769649226,9.235481647460,14
46.995807788595,10.392174199688,14
46.995468401274,10.405312108184,14
46.995127506234,10.418449852744,14
46.994785103476,10.431587432641,14
47.029574274186,9.183175168315,14
47.029373563867,9.196327255847,14
47.029171345582,9.209479246297,14
47.028967619330,9.222631138938,14
47.028762385112,9.235782933042,14
47.004796577770,10.392669578471,14
47.004457134548,10.405809692572,14
47.004116183360,10.418949642736,14
47.003773724206,10.432089428238,14
47.038366383979,9.196622021550,14
47.038164132392,9.209776218330,14
47.037960372591,9.222930317301,14
47.037755104575,9.236084317736,14
47.037548328344,9.249238218908,14
47.014123341427,10.380022636574,14
47.013785350520,10.393165120214,14
47.013445851399,10.406307440645,14
47.013104844063,10.419449597140,14
47.012762328512,10.432591588972,14
47.047156902545,9.210073288023,14
47.046953109193,9.223229594049,14
47.046747807379,9.236385801540,14
47.046540997102,9.249541909767,14
47.023112153171,10.380516134221,14
47.022774106613,10.393660824917,14
47.022434551591,10.406805352403,14
47.022093488107,10.419949715954,14
47.021750916160,10.433093914841,14
47.056149655806,9.210370455375,14
47.055945828905,9.223528969183,14
47.055740493292,9.236687384455,14
47.055533648969,9.249845700464,14
47.032437541522,10.367862733143,14
47.032100948024,10.381009794102,14
47.031762845814,10.394156692579,14
47.031423234893,10.407303427847,14
47.031082115260,10.420449999179,14
47.064938531492,9.223828442702,14
47.064733162081,9.236989066480,14
47.064526283711,9.250149590996,14
47.064317896381,9.263310015523,14
47.041761514596,10.355204915529,14
47.041426374654,10.368354346752,14
47.041089725752,10.381503616218,14
47.040751567891,10.394652723202,14
47.040411901070,10.407801666976,14
47.040070725289,10.420950446814,14
47.073931216721,9.224128014606,14
47.073725813512,9.237290847617,14
47.073518901096,9.250453581365,14
47.073310479471,9.263616215124,14
47.051084071413,10.342542679930,14
47.050750385524,10.355694481414,14
47.050415190428,10.368846121869,14
47.050078486123,10.381997600568,14
47.049740272610,10.395148916784,14
47.049400549889,10.408300069790,14
47.082923884359,9.224427684896,14
47.082718447352,9.237592727865,14
47.082511500889,9.250757671571,14
47.082303044969,9.263922515287,14
47.082093079593,9.277087258288,14
47.060072979657,10.343030196641,14
47.059739238862,10.356184208082,14
47.059403988610,10.369338058495,14
47.059067228902,10.382491747152,14
47.058728959738,10.395645273326,14
47.091711063368,9.237894707223,14
47.091504082858,9.251061861613,14
47.091295592644,9.264228916013,14
47.091085592724,9.277395869697,14
47.090874083101,9.290562721938,14
47.069394156074,10.330361490980,14
47.069061870077,10.343517873408,14
47.068728074375,10.356674095534,14
47.068392768968,10.369830156630,14
47.068055953857,10.382986055970,14
47.100703661326,9.238196785693,14
47.100496646769,9.251366151491,14
47.100288122260,9.264535417300,14
47.100078087798,9.277704582393,14
47.099866543382,9.290873646044,14
47.099653489014,9.304042607525,14
47.078713913796,10.317688362984,14
47.078383083094,10.330847116397,14
47.078050742438,10.344005710234,14
47.077716891830,10.357164143768,14
47.077381531269,10.370322416273,14
47.109489192389,9.251670541206,14
47.109280633585,9.264842019150,14
47.109070564580,9.278013396377,14
47.108858985373,9.291184672162,14
47.108645895965,9.304355845778,14
47.108431296355,9.317526916497,14
47.088360116555,10.291849528681,14
47.088032251845,10.305010811201,14
47.087702876935,10.318171935598,14
47.087371991822,10.331332901145,14
47.087039596509,10.344493707117,14
47.086705690994,10.357654352786,14
47.086370275278,10.370814837425,14
47.118273126386,9.265148721561,14
47.118063022837,9.278322311649,14
47.117851408839,9.291495800294,14
47.117638284391,9.304669186769,14
47.117423649494,9.317842470349,14
47.117207504146,9.331015650306,14
47.097349169244,10.292328834181,14
47.097021250621,10.305492329561,14
47.096691821549,10.318655666818,14
47.096360882027,10.331818845226,14
47.096028432055,10.344981864057,14
47.095694471634,10.358144722586,14
47.127055462337,9.278631328208,14
47.126843813548,9.291807030438,14
47.126630654060,9.304982630500,14
47.126415983874,9.318158127665,14
47.126199802990,9.331333521208,14
47.125982111408,9.344508810401,14
47.106664665013,10.279642430475,14
47.106338203175,10.292808296836,14
47.106010230639,10.305974005802,14
47.105680747405,10.319139556645,14
47.105349753473,10.332304948638,14
47.105017248844,10.345470181055,14
47.135836199265,9.292118362596,14
47.135623004737,9.305296176969,14
47.135408299263,9.318473888445,14
47.135192082843,9.331651496299,14
47.134974355476,9.344828999804,14
47.134755117163,9.358006398233,14
47.115978738174,10.266951598633,14
47.115653733617,10.280119835975,14
47.115327218115,10.293287916647,14
47.114999191666,10.306455839924,14
47.114669654271,10.319623605078,14
47.144615336190,9.305609826177,14
47.144400595428,9.318789752690,14
47.144184343471,9.331969575581,14
47.143966580320,9.345149294122,14
47.143747305974,9.358328907587,14
47.143526520433,9.371508415250,14
47.125291387749,10.254256337204,14
47.124967840971,10.267426945525,14
47.124642782998,10.280597397904,14
47.124316213830,10.293767693613,14
47.123988133468,10.306937831927,14
47.123658541911,10.320107812117,14
47.153392872135,9.319105720399,14
47.153176584642,9.332287759052,14
47.152958785706,9.345469693355,14
47.152739475326,9.358651522583,14
47.152518653504,9.371833246008,14
47.152296320239,9.385014862904,14
47.152072475530,9.398196372544,14
47.134602612759,10.241556644738,14
47.134280524256,10.254729624038,14
47.133956924310,10.267902448122,14
47.133631812920,10.281075116263,14
47.133305190088,10.294247627735,14
47.132977055813,10.307419981810,14
47.162168806121,9.332606046713,14
47.161950971400,9.345790197504,14
47.161731624988,9.358974243220,14
47.161510766884,9.372158183133,14
47.161288397089,9.385342016516,14
47.161064515602,9.398525742644,14
47.160839122425,9.411709360789,14
47.143912412227,10.228852519787,14
47.143591782495,10.242027870064,14
47.143269641072,10.255203065851,14
47.142945987958,10.268378106423,14
47.142620823152,10.281552991052,14
47.142294146655,10.294727719011,14
47.170943137170,9.346110806568,14
47.170723754725,9.359297069497,14
47.170502860340,9.372483226624,14
47.170280454015,9.385669277221,14
47.170056535750,9.398855220562,14
47.169831105546,9.412041055920,14
47.169604163402,9.425226782569,14
47.153538443698,10.202966086609,14
47.153220785174,10.216143960899,14
47.152901614710,10.229321682152,14
47.152580932307,10.242499249642,14
47.152258737964,10.255676662643,14
47.151935031681,10.268853920428,14
47.151609813459,10.282031022270,14
47.179494933637,9.372808376481,14
47.179272490782,9.385996645017,14
47.179048535740,9.399184806297,14
47.178823068509,9.412372859595,14
47.178596089090,9.425560804183,14
47.178367597483,9.438748639335,14
47.178137593688,9.451936364324,14
47.177906077706,9.465123978424,14
47.162527730621,10.203430966624,14
47.162210019922,10.216611058852,14
47.161890797035,10.229790998044,14
47.161570061960,10.242970783473,14
47.161247814698,10.256150414413,14
47.160924055247,10.269329890137,14
47.160598783608,10.282509209919,14
47.188264507159,9.386324119906,14
47.188040515338,9.399514499850,14
47.187815011081,9.412704771812,14
47.187587994387,9.425894935065,14
47.187359465257,9.439084988881,14
47.187129423691,9.452274932535,14
47.186897869688,9.465464765300,14
47.186664803249,9.478654486448,14
47.186430224374,9.491844095254,14
47.186194133063,9.505033590991,14
47.172147985591,10.177530920728,14
47.171833247590,10.190713535513,14
47.171516997153,10.203895998715,14
47.171199234279,10.217078309607,14
47.170879958969,10.230260467464,14
47.170559171223,10.243442471558,14
47.197032474312,9.399844301221,14
47.196806933029,9.413036792573,14
47.196579879060,9.426229175215,14
47.196351312407,9.439421448422,14
47.196121233069,9.452613611466,14
47.195889641047,9.465805663621,14
47.195656536340,9.478997604160,14
47.195421918948,9.492189432356,14
47.195185788871,9.505381147482,14
47.194948146110,9.518572748813,14
47.194708990664,9.531764235621,14
47.182072628033,10.138436261362,14
47.181762376408,10.151621545924,14
47.181450612098,10.164806681085,14
47.181137335104,10.177991666115,14
47.180822545424,10.191176500290,14
47.180506243061,10.204361182882,14
47.180188428012,10.217545713165,14
47.179869100279,10.230730090411,14
47.205798834119,9.413368921876,14
47.205571742875,9.426563524635,14
47.205343138699,9.439758017957,14
47.205113021590,9.452952401117,14
47.204881391547,9.466146673387,14
47.204648248572,9.479340834042,14
47.204413592664,9.492534882353,14
47.204177423822,9.505728817596,14
47.203939742048,9.518922639042,14
47.203700547341,9.532116345966,14
47.203459839701,9.545309937640,14
47.203217619127,9.558503413339,14
47.191062110232,10.138890497027,14
47.190751807674,10.152078001706,14
47.190439992182,10.165265356981,14
47.190126663758,10.178452562128,14
47.189811822401,10.191639616418,14
47.189495468111,10.204826519126,14
47.189177600887,10.218013269524,14
47.214104789019,9.453291301487,14
47.213873120957,9.466487794599,14
47.213639939713,9.479684176095,14
47.213405245289,9.492880445248,14
47.213169037682,9.506076601331,14
47.212931316895,9.519272643619,14
47.212692082926,9.532468571384,14
47.212451335776,9.545664383899,14
47.212209075445,9.558860080439,14
47.211965301932,9.572055660276,14
47.211720015238,9.585251122683,14
47.200360411650,10.126155006946,14
47.200051571340,10.139344881141,14
47.199741217849,10.152534606661,14
47.199429351176,10.165724182778,14
47.199115971322,10.178913608765,14
47.198801078286,10.192102883897,14
47.198484672069,10.205292007446,14
47.222396876589,9.493226121038,14
47.222160630218,9.506424498689,14
47.221922870417,9.519622762543,14
47.221683597187,9.532820911875,14
47.221442810527,9.546018945957,14
47.221200510437,9.559216864063,14
47.220956696918,9.572414665467,14
47.220711369969,9.585612349441,14
47.220464529591,9.598809915260,14
47.220216175782,9.612007362196,14
47.219966308544,9.625204689522,14
47.219714927877,9.638401896512,14
47.219462033779,9.651598982440,14
47.219207626252,9.664795946578,14
47.210267494525,10.087030145865,14
47.209963143819,10.100222683296,14
47.209657279684,10.113415074230,14
47.209349902119,10.126607317942,14
47.209041011124,10.139799413704,14
47.208730606699,10.152991360790,14
47.208418688845,10.166183158474,14
47.208105257561,10.179374806028,14
47.230675089890,9.533173367439,14
47.230434263720,9.546373623813,14
47.230191923873,9.559573764212,14
47.229948070347,9.572773787908,14
47.229702703143,9.585973694175,14
47.229455822261,9.599173482286,14
47.229207427701,9.612373151514,14
47.228957519464,9.625572701132,14
47.228706097548,9.638772130415,14
47.228453161954,9.651971438635,14
47.228198712682,9.665170625066,14
47.227942749732,9.678369688980,14
47.227685273105,9.691568629653,14
47.221051730637,10.008304343648,14
47.220756412060,10.021499967087,14
47.220459579804,10.034695448390,14
47.220161233870,10.047890786830,14
47.219861374258,10.061085981680,14
47.219560000968,10.074281032215,14
47.219257114001,10.087475937707,14
47.218952713355,10.100670697430,14
47.218646799031,10.113865310657,14
47.218339371029,10.127059776661,14
47.218030429349,10.140254094715,14
47.217719973992,10.153448264094,14
47.239183315517,9.559930780885,14
47.238939421984,9.573133027599,14
47.238694014526,9.586335156884,14
47.238447093141,9.599537168012,14
47.238198657829,9.612739060258,14
47.237948708592,9.625940832895,14
47.237697245428,9.639142485195,14
47.237444268337,9.652344016433,14
47.237189777321,9.665545425882,14
47.236933772378,9.678746712814,14
47.236676253508,9.691947876504,14
47.236417220713,9.705148916225,14
47.236156673991,9.718349831250,14
47.235894613343,9.731550620852,14
47.235631038768,9.744751284304,14
47.235365950267,9.757951820881,14
47.233190740911,9.863551458758,14
47.232912027073,9.876750820750,14
47.232631799309,9.889950048600,14
47.231207951593,9.955944150276,14
47.230918640270,9.969142558010,14
47.230627815022,9.982340826515,14
47.230335475847,9.995538955064,14
47.230041622745,10.008736942929,14
47.229746255718,10.021934789386,14
47.229449374764,10.035132493707,14
47.229150979883,10.048330055165,14
47.228851071077,10.061527473033,14
47.228549648344,10.074724746586,14
47.228246711685,10.087921875096,14
47.227942261099,10.101118857836,14
47.227636296587,10.114315694081,14
47.227328818149,10.127512383103,14
47.227019825784,10.140708924175,14
47.247685303884,9.586696737568,14
47.247438341996,9.599900972440,14
47.247189865933,9.613105088429,14
47.246939875695,9.626309084809,14
47.246688371283,9.639512960853,14
47.246435352696,9.652716715835,14
47.246180819935,9.665920349027,14
47.245924772999,9.679123859703,14
47.245667211888,9.692327247136,14
47.245408136603,9.705530510600,14
47.245147547142,9.718733649368,14
47.244885443508,9.731936662713,14
47.244621825698,9.745139549910,14
47.244356693714,9.758342310230,14
47.244090047555,9.771544942947,14
47.243821887222,9.784747447335,14
47.243552212714,9.797949822667,14
47.243281024031,9.811152068216,14
47.243008321173,9.824354183256,14
47.242734104141,9.837556167060,14
47.242458372934,9.850758018902,14
47.242181127553,9.863959738054,14
47.241902367997,9.877161323790,14
47.241622094266,9.890362775383,14
47.241340306361,9.903564092107,14
47.241057004280,9.916765273235,14
47.240772188026,9.929966318041,14
47.240485857596,9.943167225797,14
47.240198012992,9.956367995777,14
47.239908654213,9.969568627254,14
47.239617781260,9.982769119502,14
47.239325394132,9.995969471794,14
47.239031492829,10.009169683404,14
47.238736077351,10.022369753604,14
47.238439147699,10.035569681668,14
47.238140703872,10.048769466869,14
47.237840745871,10.061969108481,14
47.237539273695,10.075168605777,14
47.237236287344,10.088367958031,14
47.236931786819,10.101567164515,14
47.236318243244,10.127965137268,14
47.255171840291,9.666295394500,14
47.254915751362,9.679501129645,14
47.254658148010,9.692706741547,14
47.254399030234,9.705912229480,14
47.254138398036,9.719117592717,14
47.253876251415,9.732322830532,14
47.253612590371,9.745527942197,14
47.253347414903,9.758732926986,14
47.253080725013,9.771937784172,14
47.252812520700,9.785142513029,14
47.252542801963,9.798347112830,14
47.252271568804,9.811551582849,14
47.251998821222,9.824755922358,14
47.251724559216,9.837960130631,14
47.251448782788,9.851164206941,14
47.251171491937,9.864368150562,14
47.250892686663,9.877571960767,14
47.250612366965,9.890775636830,14
47.250330532845,9.903979178023,14
47.250047184302,9.917182583620,14
47.249762321335,9.930385852894,14
47.249475943946,9.943588985119,14
47.249188052134,9.956791979568,14
47.248898645898,9.969994835515,14
47.248607725240,9.983197552232,14
47.248315290159,9.996400128993,14
47.248021340655,10.009602565071,14
47.247725876727,10.022804859740,14
47.247428898377,10.036007012273,14
47.247130405604,10.049209021944,14
47.246830398407,10.062410888025,14
47.246225840746,10.088814186512,14
47.263649061640,9.693086359739,14
47.263389901375,9.706294072866,14
47.263129226439,9.719501661298,14
47.262867036831,9.732709124307,14
47.262603332552,9.745916461166,14
47.262338113601,9.759123671150,14
47.262071379980,9.772330753531,14
47.261803131686,9.785537707582,14
47.261533368722,9.798744532578,14
47.261262091086,9.811951227791,14
47.260989298779,9.825157792495,14
47.260714991801,9.838364225962,14
47.260439170151,9.851570527467,14
47.260161833830,9.864776696283,14
47.259882982837,9.877982731682,14
47.259602617173,9.891188632939,14
47.259320736838,9.904394399327,14
47.259037341832,9.917600030118,14
47.258752432154,9.930805524587,14
47.258466007805,9.944010882007,14
47.258178068784,9.957216101651,14
47.257888615093,9.970421182792,14
47.257597646729,9.983626124703,14
47.257305163695,9.996830926659,14
47.257011165989,10.010035587932,14
47.256715653612,10.023240107795,14
47.271328789575,9.759514542721,14
47.271062012222,9.772723851022,14
47.270793719949,9.785933030994,14
47.270523912756,9.799142081910,14
47.270252590644,9.812351003043,14
47.269979753612,9.825559793667,14
47.269705401660,9.838768453054,14
47.269429534789,9.851976980479,14
47.269152152998,9.865185375215,14
47.268873256287,9.878393636535,14
47.268310918107,9.904809756020,14
47.268027476637,9.918017612731,14
47.267742520248,9.931225333120,14
47.267456048939,9.944432916460,14
47.267168062711,9.957640362024,14
47.266587545494,9.984054836917,14
