46.03022588,9.80754332,14
46.02995358,9.82045172,14
46.02967980,9.83335998,14
46.02940453,9.84626810,14
46.04211521,9.66590898,14
46.04185916,9.67882092,14
46.04160162,9.69173275,14
46.04134260,9.70464444,14
46.04108211,9.71755601,14
46.04082013,9.73046745,14
46.04055666,9.74337876,14
46.04029172,9.75628994,14
46.04002530,9.76920099,14
46.03975740,9.78211191,14
46.03948801,9.79502270,14
46.03921715,9.80793335,14
46.03894480,9.82084387,14
46.03867097,9.83375426,14
46.03839567,9.84666451,14
46.03811888,9.85957463,14
46.03727962,9.89830416,14
46.03699691,9.91121373,14
46.03671272,9.92412316,14
46.03642704,9.93703245,14
46.05211656,9.61461819,14
46.05136160,9.65336154,14
46.05110698,9.66627574,14
46.05085088,9.67918981,14
46.05059330,9.69210376,14
46.05033424,9.70501759,14
46.05007370,9.71793128,14
46.04981167,9.73084485,14
46.04954817,9.74375828,14
46.04928318,9.75667159,14
46.04901671,9.76958477,14
46.04874877,9.78249782,14
46.04847934,9.79541073,14
46.04820843,9.80832351,14
46.04793603,9.82123616,14
46.04766216,9.83414868,14
46.04738681,9.84706106,14
46.04710997,9.85997330,14
46.04683165,9.87288541,14
46.04655186,9.88579738,14
46.04627058,9.89870922,14
46.04598782,9.91162091,14
46.04570358,9.92453247,14
46.04541785,9.93744389,14
46.04513065,9.95035516,14
46.04484196,9.96326630,14
46.06185026,9.57622574,14
46.06160449,9.58914280,14
46.06135724,9.60205975,14
46.06110850,9.61497657,14
46.06085829,9.62789327,14
46.06060659,9.64080984,14
46.06035341,9.65372630,14
46.06009875,9.66664263,14
46.05984261,9.67955883,14
46.05958499,9.69247491,14
46.05932588,9.70539086,14
46.05906530,9.71830668,14
46.05880323,9.73122237,14
46.05853968,9.74413794,14
46.05827465,9.75705338,14
46.05800814,9.76996868,14
46.05774014,9.78288386,14
46.05747067,9.79579890,14
46.05719971,9.80871381,14
46.05692728,9.82162859,14
46.05665336,9.83454323,14
46.05637796,9.84745774,14
46.05610107,9.86037211,14
46.05582271,9.87328635,14
46.05554287,9.88620045,14
46.05526154,9.89911441,14
46.05497873,9.91202824,14
46.05469444,9.92494192,14
46.05440867,9.93785547,14
46.05412142,9.95076887,14
46.05383269,9.96368213,14
46.05354247,9.97659525,14
46.05325078,9.98950823,14
46.05295760,10.00242107,14
46.05266294,10.01533376,14
46.05236680,10.02824631,14
46.07108667,9.56365853,14
46.07084234,9.57657785,14
46.07059653,9.58949704,14
46.07034923,9.60241611,14
46.07010046,9.61533506,14
46.06985020,9.62825389,14
46.06959846,9.64117260,14
46.06934524,9.65409118,14
46.06909053,9.66700964,14
46.06883435,9.67992797,14
46.06857668,9.69284618,14
46.06831753,9.70576426,14
46.06805690,9.71868221,14
46.06779479,9.73160003,14
46.06753120,9.74451773,14
46.06726613,9.75743529,14
46.06699957,9.77035273,14
46.06673153,9.78327003,14
46.06646201,9.79618720,14
46.06619101,9.80910424,14
46.06591853,9.82202115,14
46.06564456,9.83493792,14
46.06509219,9.86077106,14
46.06481378,9.87368742,14
46.06453388,9.88660365,14
46.06425251,9.89951974,14
46.06396966,9.91243570,14
46.06368532,9.92535151,14
46.06339950,9.93826718,14
46.06311220,9.95118272,14
46.06282342,9.96409811,14
46.06253315,9.97701336,14
46.06224141,9.98992847,14
46.06194818,10.00284343,14
46.06165347,10.01575825,14
46.06135728,10.02867292,14
46.06105961,10.04158745,14
46.06076046,10.05450184,14
46.06045982,10.06741607,14
46.06015770,10.08033016,14
46.05985411,10.09324410,14
46.08080302,9.52524359,14
46.08056309,9.53816539,14
46.08032168,9.55108707,14
46.08007879,9.56400863,14
46.07983442,9.57693008,14
46.07958857,9.58985140,14
46.07934123,9.60277260,14
46.07909241,9.61569368,14
46.07884211,9.62861464,14
46.07859033,9.64153548,14
46.07833707,9.65445619,14
46.07808232,9.66737678,14
46.07380485,9.87408863,14
46.07352491,9.88700699,14
46.07324349,9.89992521,14
46.07239034,9.93867904,14
46.07210299,9.95159670,14
46.07181416,9.96451423,14
46.07152385,9.97743161,14
46.07123205,9.99034884,14
46.07093878,10.00326594,14
46.07064402,10.01618289,14
46.07034778,10.02909969,14
46.07005006,10.04201635,14
46.06975085,10.05493286,14
46.06945017,10.06784923,14
46.06914800,10.08076544,14
46.06884435,10.09368151,14
46.06853922,10.10659743,14
46.09003376,9.51266337,14
46.08979527,9.52558742,14
46.08955531,9.53851135,14
46.08931386,9.55143516,14
46.08907093,9.56435885,14
46.08882651,9.57728243,14
46.08858062,9.59020588,14
46.08833324,9.60312921,14
46.08808438,9.61605242,14
46.08732891,9.65482132,14
46.08080491,9.96493049,14
46.08051454,9.97784999,14
46.07992938,10.00368859,14
46.07963457,10.01660767,14
46.07933828,10.02952660,14
46.07904051,10.04244539,14
46.07874125,10.05536403,14
46.07844052,10.06828253,14
46.07813830,10.08120088,14
46.07783460,10.09411908,14
46.07752942,10.10703713,14
46.07722275,10.11995503,14
46.07691460,10.13287277,14
46.07660497,10.14579037,14
46.07629386,10.15870782,14
46.07598127,10.17162511,14
46.07566719,10.18454225,14
46.09926310,9.50007889,14
46.09902606,9.51300519,14
46.09878753,9.52593136,14
46.09854753,9.53885743,14
46.09830604,9.55178337,14
46.09806307,9.56470919,14
46.09781861,9.57763490,14
46.09757268,9.59056048,14
46.08832879,10.02995366,14
46.08803097,10.04287458,14
46.08773166,10.05579535,14
46.08743088,10.06871598,14
46.08712861,10.08163646,14
46.08682486,10.09455679,14
46.08651962,10.10747697,14
46.08621291,10.12039700,14
46.08590471,10.13331688,14
46.08559503,10.14623661,14
46.08528386,10.15915618,14
46.08497122,10.17207561,14
46.08465709,10.18499488,14
46.08434148,10.19791399,14
46.08402438,10.21083296,14
46.08370581,10.22375176,14
46.08306421,10.24958890,14
46.10895780,9.46163272,14
46.10872516,9.47456149,14
46.10849105,9.48749015,14
46.10825545,9.50041869,14
46.10801837,9.51334712,14
46.10777980,9.52627543,14
46.10753976,9.53920362,14
46.10729823,9.55213170,14
46.10681072,9.57798749,14
46.09581512,10.09499465,14
46.09550984,10.10791696,14
46.09520307,10.12083912,14
46.09489482,10.13376113,14
46.09458509,10.14668299,14
46.09427387,10.15960470,14
46.09396117,10.17252626,14
46.09364699,10.18544766,14
46.09333133,10.19836891,14
46.09301418,10.21129000,14
46.09269555,10.22421094,14
46.09237544,10.23713172,14
46.09205384,10.25005234,14
46.09173077,10.26297281,14
46.09140621,10.27589311,14
46.09108016,10.28881326,14
46.11818146,9.44903522,14
46.11795027,9.46196624,14
46.11771760,9.47489714,14
46.11748344,9.48782793,14
46.11724781,9.50075861,14
46.11701069,9.51368917,14
46.11677208,9.52661961,14
46.11653199,9.53954993,14
46.10419324,10.12128140,14
46.10388494,10.13420554,14
46.10357515,10.14712953,14
46.10326388,10.16005337,14
46.10295113,10.17297706,14
46.10263690,10.18590060,14
46.10232118,10.19882398,14
46.10200398,10.21174720,14
46.10168530,10.22467027,14
46.10136513,10.23759318,14
46.10104349,10.25051594,14
46.10072035,10.26343854,14
46.10039574,10.27636098,14
46.10006964,10.28928326,14
46.09974206,10.30220537,14
46.09941300,10.31512733,14
46.12763199,9.42350008,14
46.12740373,9.43643345,14
46.12717398,9.44936672,14
46.12694275,9.46229987,14
46.12671004,9.47523291,14
46.12647585,9.48816583,14
46.12624017,9.50109864,14
46.12600301,9.51403133,14
46.11194110,10.17342802,14
46.11162682,10.18635369,14
46.11131105,10.19927920,14
46.11099379,10.21220456,14
46.11067506,10.22512976,14
46.11035484,10.23805481,14
46.11003314,10.25097970,14
46.10970995,10.26390443,14
46.10938528,10.27682900,14
46.10905913,10.28975341,14
46.10873149,10.30267766,14
46.10840238,10.31560176,14
46.10807178,10.32852569,14
46.13707674,9.39795607,14
46.13685141,9.41089180,14
46.13662459,9.42382742,14
46.13639629,9.43676293,14
46.13616651,9.44969833,14
46.13593524,9.46263361,14
46.13570249,9.47556879,14
46.13546826,9.48850384,14
46.11902279,10.25144361,14
46.11869955,10.26437048,14
46.11837483,10.27729718,14
46.11804862,10.29022373,14
46.11772093,10.30315011,14
46.11739176,10.31607634,14
46.11706110,10.32900240,14
46.14673664,9.35946499,14
46.14651572,9.37240319,14
46.14629331,9.38534127,14
46.14606943,9.39827925,14
46.14584406,9.41121712,14
46.14561720,9.42415488,14
46.14538886,9.43709252,14
46.14515904,9.45003005,14
46.14492774,9.46296747,14
46.14469495,9.47590478,14
46.12736438,10.27776552,14
46.12703812,10.29069420,14
46.12671038,10.30362272,14
46.12638115,10.31655108,14
46.12605044,10.32947928,14
46.12571824,10.34240732,14
46.15616690,9.33390090,14
46.15594891,9.34684144,14
46.15572944,9.35978188,14
46.15550848,9.37272221,14
46.15528604,9.38566243,14
46.15506212,9.39860255,14
46.15483671,9.41154255,14
46.15460982,9.42448244,14
46.15438144,9.43742222,14
46.15415158,9.45036189,14
46.13569983,10.30409550,14
46.13537055,10.31702599,14
46.13503978,10.32995632,14
46.13470753,10.34288650,14
46.16515979,9.33421362,14
46.16494176,9.34715630,14
46.16472225,9.36009888,14
46.16450126,9.37304135,14
46.16427878,9.38598370,14
46.16405482,9.39892595,14
46.16382937,9.41186809,14
46.16360244,9.42481012,14
46.16337403,9.43775203,14
46.16314413,9.45069384,14
46.14468929,10.30456843,14
46.14435995,10.31750106,14
46.14402913,10.33043353,14
46.14369682,10.34336584,14
46.17436925,9.32158153,14
46.17415268,9.33452645,14
46.17393461,9.34747127,14
46.17371507,9.36041598,14
46.17349404,9.37336059,14
46.17327152,9.38630508,14
46.15334936,10.31797629,14
46.15301848,10.33091089,14
46.15268612,10.34384534,14
46.18336218,9.32189233,14
46.18314557,9.33483939,14
46.18292747,9.34778635,14
46.18270789,9.36073320,14
46.16233877,10.31845168,14
46.16200784,10.33138842,14
46.16167542,10.34432500,14
46.16134152,10.35726142,14
46.16100613,10.37019768,14
46.19235512,9.32220323,14
46.19213847,9.33515243,14
46.19192034,9.34810153,14
46.19170072,9.36105052,14
46.17132819,10.31892723,14
46.17099720,10.33186611,14
46.17066473,10.34480483,14
46.17033077,10.35774339,14
46.16999533,10.37068178,14
46.16965840,10.38362001,14
46.20156326,9.30956280,14
46.20134806,9.32251424,14
46.20113138,9.33546558,14
46.20091320,9.34841682,14
46.17998657,10.33234397,14
46.17965404,10.34528482,14
46.17932003,10.35822552,14
46.17898453,10.37116605,14
46.17864755,10.38410642,14
46.17830908,10.39704662,14
46.21077000,9.29691809,14
46.21055625,9.30987178,14
46.21034101,9.32282536,14
46.21012429,9.33577884,14
46.20990608,9.34873221,14
46.18864336,10.34576498,14
46.18830929,10.35870781,14
46.18797374,10.37165049,14
46.18763670,10.38459299,14
46.18729817,10.39753534,14
46.18695816,10.41047751,14
46.21997532,9.28426909,14
46.21976302,9.29722503,14
46.21954923,9.31018086,14
46.21933396,9.32313658,14
46.21911720,9.33609220,14
46.21889896,9.34904771,14
46.19696295,10.37213508,14
46.19662585,10.38507973,14
46.19628727,10.39802422,14
46.19594720,10.41096853,14
46.19560565,10.42391268,14
46.22917924,9.27161582,14
46.22896838,9.28457400,14
46.22875605,9.29753207,14
46.22854222,9.31049004,14
46.22832692,9.32344791,14
46.22811012,9.33640567,14
46.20595217,10.37261985,14
46.20561501,10.38556664,14
46.20527637,10.39851326,14
46.20493625,10.41145972,14
46.20459463,10.42440601,14
46.23817234,9.27191868,14
46.23796145,9.28487900,14
46.23774908,9.29783922,14
46.23753522,9.31079933,14
46.23731988,9.32375934,14
46.21460418,10.38605370,14
46.21426548,10.39900247,14
46.21392530,10.41195107,14
46.21358363,10.42489950,14
46.24737488,9.25925908,14
46.24716545,9.27222165,14
46.24695452,9.28518411,14
46.24674212,9.29814647,14
46.24652822,9.31110873,14
46.22325459,10.39949185,14
46.22291435,10.41244259,14
46.22257263,10.42539316,14
46.22222941,10.43834357,14
46.22188472,10.45129381,14
46.25657601,9.24659520,14
46.25636803,9.25956001,14
46.25615856,9.27252472,14
46.25594760,9.28548933,14
46.25573516,9.29845383,14
46.23224371,10.39998139,14
46.23190341,10.41293427,14
46.23156163,10.42588699,14
46.23121836,10.43883954,14
46.23087360,10.45179193,14
46.26577573,9.23392702,14
46.26556919,9.24689408,14
46.26536118,9.25986104,14
46.26515167,9.27282789,14
46.26494068,9.28579464,14
46.26472820,9.29876129,14
46.24123283,10.40047109,14
46.24089247,10.41342612,14
46.24055063,10.42638099,14
46.24020731,10.43933568,14
46.23986249,10.45229021,14
46.23951619,10.46524457,14
46.27476895,9.23422386,14
46.27456238,9.24719307,14
46.27435433,9.26016217,14
46.27414479,9.27313117,14
46.27393376,9.28610006,14
46.24988154,10.41391814,14
46.24953964,10.42687515,14
46.24919626,10.43983199,14
46.24885139,10.45278866,14
46.24850503,10.46574517,14
46.28376217,9.23452081,14
46.28355557,9.24749215,14
46.28334748,9.26046340,14
46.28313791,9.27343454,14
46.28292685,9.28640558,14
46.25852865,10.42736948,14
46.25818521,10.44032847,14
46.25784028,10.45328728,14
46.25749387,10.46624593,14
46.29275540,9.23481785,14
46.29254876,9.24779134,14
46.29234064,9.26076473,14
46.29213103,9.27373802,14
46.26717417,10.44082511,14
46.26682918,10.45378607,14
46.26648271,10.46674687,14
46.30174863,9.23511499,14
46.30154196,9.24809063,14
46.30133380,9.26106617,14
46.30112416,9.27404161,14
46.27650669,10.42835864,14
46.27616313,10.44132192,14
46.27581809,10.45428503,14
46.27547155,10.46724797,14
46.27512353,10.48021075,14
46.27477403,10.49317335,14
46.31094708,9.22243434,14
46.31074186,9.23541223,14
46.31053516,9.24839002,14
46.31032697,9.26136771,14
46.28515209,10.44181890,14
46.28480699,10.45478416,14
46.28446040,10.46774925,14
46.28411232,10.48071417,14
46.28376276,10.49367892,14
46.28341170,10.50664350,14
46.32014411,9.20974940,14
46.31994035,9.22272954,14
46.31973510,9.23570957,14
46.31952836,9.24868951,14
46.31932013,9.26166935,14
46.29379590,10.45528345,14
46.29344925,10.46825069,14
46.29310111,10.48121776,14
46.29275149,10.49418466,14
46.29240038,10.50715139,14
46.32933972,9.19706016,14
46.32913741,9.21004255,14
46.32893362,9.22302483,14
46.32872834,9.23600702,14
46.32852156,9.24898910,14
46.32831330,9.26197109,14
46.30243810,10.46875231,14
46.30208991,10.48172152,14
46.30174023,10.49469057,14
46.30138905,10.50765945,14
46.30103639,10.52062815,14
46.33853391,9.18436662,14
46.33833306,9.19735125,14
46.33813072,9.21033579,14
46.33792689,9.22332023,14
46.33772157,9.23630456,14
46.31142696,10.46925409,14
46.31107870,10.48222546,14
46.31072896,10.49519665,14
46.31037773,10.50816768,14
46.31002501,10.52113854,14
46.34752729,9.18465566,14
46.34732640,9.19764245,14
46.34712403,9.21062913,14
46.34692017,9.22361572,14
46.34671481,9.23660221,14
46.32006750,10.48272956,14
46.31971770,10.49570291,14
46.31936641,10.50867608,14
46.31901363,10.52164909,14
46.35652067,9.18494480,14
46.35631975,9.19793374,14
46.35611734,9.21092257,14
46.35591344,9.22391131,14
46.32905630,10.48323383,14
46.32870644,10.49620933,14
46.32835509,10.50918466,14
46.32800226,10.52215982,14
46.32764793,10.53513480,14
46.36571351,9.17224285,14
46.36551405,9.18523404,14
46.36531309,9.19822513,14
46.36511065,9.21121611,14
46.36490672,9.22420700,14
46.33804510,10.48373827,14
46.33769518,10.49671593,14
46.33734377,10.50969341,14
46.33699088,10.52267071,14
46.33663649,10.53564785,14
46.37470692,9.17253003,14
46.37450742,9.18552337,14
46.37430644,9.19851661,14
46.37410396,9.21150975,14
46.34668392,10.49722269,14
46.34633246,10.51020232,14
46.34597950,10.52318179,14
46.34562506,10.53616107,14
46.38370033,9.17281731,14
46.38350080,9.18581280,14
46.38329978,9.19880820,14
46.38309727,9.21180349,14
46.35567266,10.49772963,14
46.35532114,10.51071141,14
46.35496813,10.52369303,14
46.35461362,10.53667447,14
46.35425763,10.54965574,14
46.39289182,9.16010694,14
46.39269375,9.17310469,14
46.39249418,9.18610233,14
46.39229313,9.19909988,14
46.39209059,9.21209733,14
46.36430982,10.51122067,14
46.36395675,10.52420444,14
46.36360219,10.53718804,14
46.36324614,10.55017146,14
46.40188526,9.16039226,14
46.40168716,9.17339216,14
46.40148756,9.18639196,14
46.40128648,9.19939166,14
46.37329851,10.51173011,14
46.37294538,10.52471603,14
46.37259075,10.53770178,14
46.37223464,10.55068736,14
46.41068057,9.17367973,14
46.41048094,9.18668168,14
46.41027982,9.19968354,14
46.41007721,9.21268530,14
46.38228719,10.51223971,14
46.38193400,10.52522779,14
46.38157932,10.53821570,14
46.38122315,10.55120343,14
46.38086549,10.56419099,14
46.41967398,9.17396739,14
46.41947432,9.18697151,14
46.41927317,9.19997552,14
46.41907052,9.21297944,14
46.39092262,10.52573972,14
46.39056789,10.53872979,14
46.39021165,10.55171968,14
46.38985393,10.56470940,14
46.42866740,9.17425515,14
46.42846770,9.18726142,14
46.42826651,9.20026760,14
46.42806384,9.21327367,14
46.39991125,10.52625183,14
46.39955645,10.53924405,14
46.39920016,10.55223610,14
46.39884238,10.56522797,14
46.43785904,9.16153449,14
46.43766081,9.17454301,14
46.43746108,9.18755144,14
46.43725986,9.20055977,14
46.43705715,9.21356800,14
46.40889987,10.52676411,14
46.40854501,10.53975848,14
46.40818866,10.55275269,14
46.40783082,10.56574672,14
46.40747149,10.57874058,14
46.44685249,9.16182029,14
46.44665422,9.17483097,14
46.44645446,9.18784156,14
46.44625320,9.20085204,14
46.44605046,9.21386244,14
46.41753358,10.54027309,14
46.41717717,10.55326946,14
46.41681927,10.56626565,14
46.41645987,10.57926166,14
46.45584593,9.16210618,14
46.45564763,9.17511902,14
46.45544783,9.18813177,14
46.45524654,9.20114442,14
46.42652214,10.54078787,14
46.42616567,10.55378640,14
46.42580771,10.56678475,14
46.42544826,10.57978292,14
46.46483937,9.16239217,14
46.46464103,9.17540717,14
46.46444120,9.18842208,14
46.46423988,9.20143689,14
46.43551070,10.54130283,14
46.43515417,10.55430351,14
46.43479615,10.56730402,14
46.43443664,10.58030435,14
46.47383281,9.16267825,14
46.47363444,9.17569542,14
46.47343458,9.18871248,14
46.47323322,9.20172945,14
46.44449926,10.54181795,14
46.44414267,10.55482080,14
46.44378459,10.56782347,14
46.44342502,10.58082596,14
46.48282624,9.16296443,14
46.48262784,9.17598376,14
46.48242795,9.18900299,14
46.48222656,9.20202212,14
46.45348781,10.54233325,14
46.45313117,10.55533826,14
46.45277303,10.56834309,14
46.45241339,10.58134775,14
46.49181968,9.16325071,14
46.49162124,9.17627220,14
46.49142131,9.18929359,14
46.49121989,9.20231488,14
46.46247637,10.54284872,14
46.46211966,10.55585589,14
46.46176146,10.56886289,14
46.46140177,10.58186971,14
46.50081311,9.16353709,14
46.50061464,9.17656074,14
46.50041468,9.18958429,14
46.50021323,9.20260775,14
46.47146492,10.54336437,14
46.47110815,10.55637370,14
46.47074989,10.56938286,14
46.47039014,10.58239184,14
46.51000355,9.15079765,14
46.50980654,9.16382356,14
46.50960804,9.17684937,14
46.50940804,9.18987509,14
46.48045347,10.54388019,14
46.48009664,10.55689168,14
46.47973832,10.56990300,14
46.47937851,10.58291415,14
46.51899701,9.15108205,14
46.51879996,9.16411012,14
46.51860143,9.17713810,14
46.51840140,9.19016598,14
46.48908513,10.55740984,14
46.48872675,10.57042332,14
46.48836688,10.58343663,14
46.48800551,10.59644977,14
46.52799046,9.15136654,14
46.52779339,9.16439678,14
46.52759482,9.17742693,14
46.52739476,9.19045697,14
46.49807361,10.55792817,14
46.49771517,10.57094382,14
46.49735524,10.58395929,14
46.49699382,10.59697459,14
46.53698391,9.15165113,14
46.53678681,9.16468354,14
46.53658821,9.17771585,14
46.53638811,9.19074806,14
46.50706209,10.55844667,14
46.50670359,10.57146449,14
46.50634360,10.58448213,14
46.50598212,10.59749959,14
46.54597736,9.15193582,14
46.54578022,9.16497039,14
46.54558159,9.17800487,14
46.54538146,9.19103925,14
46.51605057,10.55896535,14
46.51569201,10.57198533,14
46.51533196,10.58500514,14
46.51497042,10.59802477,14
46.55477364,9.16525734,14
46.55457497,9.17829399,14
46.55437481,9.19133053,14
46.55417315,9.20436698,14
46.52503904,10.55948420,14
46.52468042,10.57250635,14
46.52432031,10.58552832,14
46.52395871,10.59855012,14
46.56376704,9.16554439,14
46.56356834,9.17858320,14
46.56336815,9.19162192,14
46.56316646,9.20466053,14
46.53330866,10.58605168,14
46.53294700,10.59907565,14
46.53258384,10.61209944,14
46.57276045,9.16583153,14
46.57256171,9.17887251,14
46.57236149,9.19191340,14
46.57215976,9.20495418,14
46.54265724,10.57354891,14
46.54229701,10.58657522,14
46.54193528,10.59960135,14
46.54157206,10.61262732,14
46.58175385,9.16611877,14
46.58155508,9.17916192,14
46.58135482,9.19220497,14
46.58115306,9.20524793,14
46.55164564,10.57407045,14
46.55128535,10.58709893,14
46.55092356,10.60012723,14
46.55056028,10.61315536,14
46.59074724,9.16640610,14
46.59054844,9.17945142,14
46.59034815,9.19249665,14
46.59014636,9.20554177,14
46.56099288,10.56156134,14
46.56063403,10.57459216,14
46.56027368,10.58762281,14
46.55991184,10.60065329,14
46.59954180,9.17974103,14
46.59934147,9.19278842,14
46.59913965,9.20583571,14
46.59893633,9.21888291,14
46.56998133,10.56208106,14
46.56962242,10.57511405,14
46.56926201,10.58814688,14
46.56890011,10.60117952,14
46.60853515,9.18003072,14
46.60833479,9.19308029,14
46.60813293,9.20612976,14
46.57896978,10.56260095,14
46.57861081,10.57563612,14
46.57825034,10.58867111,14
46.57788837,10.60170593,14
46.61752849,9.18032052,14
46.61732810,9.19337226,14
46.61712621,9.20642390,14
46.61692282,9.21947544,14
46.58831575,10.55008350,14
46.58795822,10.56312101,14
46.58759918,10.57615836,14
46.58723866,10.58919552,14
46.58687663,10.60223251,14
46.62652183,9.18061041,14
46.62632141,9.19366432,14
46.62611948,9.20671813,14
46.62591606,9.21977185,14
46.59730425,10.55060157,14
46.59694665,10.56364125,14
46.59658756,10.57668077,14
46.59622697,10.58972011,14
46.63551517,9.18090040,14
46.63531471,9.19395648,14
46.63511275,9.20701247,14
46.63490929,9.22006836,14
46.60629273,10.55111981,14
46.60593508,10.56416167,14
46.60557593,10.57720336,14
46.60521528,10.59024487,14
46.64430800,9.19424874,14
46.64410601,9.20730690,14
46.64390252,9.22036497,14
46.64369754,9.23342293,14
46.61563743,10.53859401,14
46.61528121,10.55163822,14
46.61492350,10.56468226,14
46.61456429,10.57772612,14
46.61420358,10.59076981,14
46.65330129,9.19454110,14
46.65309926,9.20760144,14
46.65289574,9.22066167,14
46.65269072,9.23372181,14
46.62462596,10.53911042,14
46.62426969,10.55215680,14
46.62391191,10.56520302,14
46.62355264,10.57824905,14
46.62319187,10.59129492,14
46.66229457,9.19483355,14
46.66209251,9.20789607,14
46.66188896,9.22095848,14
46.66168390,9.23402080,14
46.63361449,10.53962700,14
46.63325815,10.55267556,14
46.63290032,10.56572395,14
46.63254099,10.57877217,14
46.67128784,9.19512611,14
46.67108575,9.20819080,14
46.67088216,9.22125539,14
46.67067708,9.23431988,14
46.64260301,10.54014376,14
46.64224661,10.55319450,14
46.64188872,10.56624506,14
46.64152933,10.57929545,14
46.68028111,9.19541876,14
46.68007899,9.20848562,14
46.67987536,9.22155239,14
46.67967024,9.23461906,14
46.65159152,10.54066068,14
46.65123507,10.55371360,14
46.65087711,10.56676634,14
46.65051766,10.57981891,14
46.65015672,10.59287130,14
46.68927437,9.19571150,14
46.68907221,9.20878055,14
46.68886856,9.22184949,14
46.68866340,9.23491834,14
46.66058002,10.54117778,14
46.66022351,10.55423288,14
46.65986550,10.56728780,14
46.65950599,10.58034254,14
46.69826762,9.19600435,14
46.69806543,9.20907557,14
46.69786174,9.22214670,14
46.69765655,9.23521772,14
46.66956852,10.54169506,14
46.66921195,10.55475233,14
46.66885388,10.56780943,14
46.66849431,10.58086635,14
46.70726087,9.19629729,14
46.70705864,9.20937069,14
46.70685492,9.22244400,14
46.70664969,9.23551720,14
46.67855701,10.54221250,14
46.67820038,10.55527195,14
46.67784225,10.56833123,14
46.67748262,10.58139034,14
46.71625410,9.19659033,14
46.71605184,9.20966591,14
46.71584809,9.22274140,14
46.71564283,9.23581679,14
46.71543607,9.24889207,14
46.68790068,10.52966831,14
46.68754549,10.54273012,14
46.68718880,10.55579175,14
46.68683061,10.56885321,14
46.72524733,9.19688347,14
46.72504504,9.20996123,14
46.72484125,9.22303890,14
46.72463595,9.23611647,14
46.72442916,9.24919393,14
46.69688921,10.53018392,14
46.69653396,10.54324791,14
46.69617721,10.55631172,14
46.69581897,10.56937536,14
46.69545922,10.58243883,14
46.73403822,9.21025665,14
46.73383440,9.22333650,14
46.73362907,9.23641625,14
46.73342225,9.24949590,14
46.73321392,9.26257544,14
46.70587774,10.53069970,14
46.70552243,10.54376587,14
46.70516562,10.55683186,14
46.70480731,10.56989768,14
46.74282754,9.22363419,14
46.74262218,9.23671613,14
46.74241532,9.24979796,14
46.74220696,9.26287969,14
46.71522012,10.51814713,14
46.71486625,10.53121565,14
46.71451088,10.54428400,14
46.71415402,10.55735218,14
46.71379565,10.57042018,14
46.75182068,9.22393199,14
46.75161528,9.23701611,14
46.75140839,9.25010012,14
46.75119999,9.26318404,14
46.75099010,9.27626785,14
46.72420868,10.51866107,14
46.72385475,10.53173177,14
46.72349933,10.54480230,14
46.72314240,10.55787267,14
46.72278398,10.57094285,14
46.76060837,9.23731618,14
46.76040145,9.25040238,14
46.76019302,9.26348848,14
46.75998309,9.27657448,14
46.75977166,9.28966038,14
46.73319723,10.51917517,14
46.73284325,10.53224806,14
46.73248777,10.54532078,14
46.73213078,10.55839333,14
46.76939449,9.25070475,14
46.76918603,9.26379303,14
46.76897607,9.27688121,14
46.76876460,9.28996929,14
46.74218578,10.51968946,14
46.74183174,10.53276453,14
46.74147619,10.54583943,14
46.74111915,10.55891416,14
46.77838753,9.25100721,14
46.77817903,9.26409768,14
46.77796903,9.27718805,14
46.77775753,9.29027831,14
46.77754453,9.30336848,14
46.75152691,10.50712648,14
46.75117432,10.52020391,14
46.75082021,10.53328117,14
46.75046461,10.54635825,14
46.75010751,10.55943517,14
46.78717203,9.26440243,14
46.78696199,9.27749498,14
46.78675046,9.29058744,14
46.78653742,9.30367979,14
46.76051550,10.50763891,14
46.76016284,10.52071853,14
46.75980868,10.53379797,14
46.75945302,10.54687725,14
46.79616501,9.26470728,14
46.79595494,9.27780202,14
46.79574337,9.29089666,14
46.76985529,10.49506954,14
46.76950407,10.50815152,14
46.76915136,10.52123332,14
46.76879714,10.53431495,14
46.80515798,9.26501224,14
46.80494788,9.27810916,14
46.80473627,9.29120599,14
46.80452317,9.30430271,14
46.77919368,10.48249580,14
46.77884391,10.49558013,14
46.77849264,10.50866429,14
46.77813986,10.52174828,14
46.77778558,10.53483211,14
46.81415094,9.26531729,14
46.81394081,9.27841641,14
46.81372917,9.29151542,14
46.81351602,9.30461433,14
46.78853067,10.46991768,14
46.78818235,10.48300437,14
46.78783252,10.49609089,14
46.78748119,10.50917724,14
46.78712836,10.52226342,14
46.82314389,9.26562244,14
46.82293372,9.27872375,14
46.82272205,9.29182495,14
46.82250887,9.30492605,14
46.82229419,9.31802705,14
46.79751939,10.47042423,14
46.79717101,10.48351311,14
46.79682112,10.49660182,14
46.79646973,10.50969036,14
46.83192663,9.27903120,14
46.83171492,9.29213459,14
46.83150171,9.30523788,14
46.83128699,9.31834107,14
46.80650809,10.47093095,14
46.80615965,10.48402201,14
46.80580971,10.49711291,14
46.80545826,10.51020364,14
46.84091952,9.27933874,14
46.84070778,9.29244433,14
46.84049453,9.30554981,14
46.84027978,9.31865519,14
46.84006353,9.33176046,14
46.81618928,10.44525081,14
46.81584378,10.45834441,14
46.81549679,10.47143783,14
46.81514829,10.48453109,14
46.81479829,10.49762418,14
46.81444678,10.51071710,14
46.84970062,9.29275417,14
46.84948734,9.30586184,14
46.84927256,9.31896941,14
46.84905627,9.33207688,14
46.84883848,9.34518424,14
46.82517807,10.44575348,14
46.82483252,10.45884927,14
46.82448547,10.47194488,14
46.82413691,10.48504033,14
46.82378685,10.49813561,14
46.85869346,9.29306411,14
46.85848014,9.30617398,14
46.85826532,9.31928374,14
46.85804900,9.33239340,14
46.85783117,9.34550295,14
46.85761184,9.35861239,14
46.83451096,10.43315818,14
46.83416686,10.44625632,14
46.83382125,10.45935430,14
46.83347414,10.47245210,14
46.83312552,10.48554975,14
46.83277541,10.49864722,14
46.86747293,9.30648622,14
46.86725807,9.31959817,14
46.86704171,9.33271002,14
46.86682385,9.34582176,14
46.86660448,9.35893340,14
46.84349979,10.43365899,14
46.84315563,10.44675932,14
46.84280996,10.45985949,14
46.84246280,10.47295949,14
46.87625081,9.31991271,14
46.87603442,9.33302675,14
46.87581652,9.34614069,14
46.87559711,9.35925452,14
46.87537621,9.37236824,14
46.87515380,9.38548186,14
46.85283132,10.42105727,14
46.85248861,10.43415996,14
46.85214439,10.44726249,14
46.85179867,10.46036485,14
46.85145144,10.47346705,14
46.88502711,9.33334358,14
46.88480917,9.34645971,14
46.88458973,9.35957574,14
46.88436879,9.37269166,14
46.88414634,9.38580747,14
46.88392239,9.39892318,14
46.86182018,10.42155621,14
46.86147741,10.43466110,14
46.86113314,10.44776583,14
46.86078736,10.46087038,14
46.89358234,9.35989707,14
46.89336136,9.37301518,14
46.89313888,9.38613319,14
46.89291489,9.39925109,14
46.89268939,9.41236888,14
46.87115035,10.40894808,14
46.87080903,10.42205533,14
46.87046620,10.43516241,14
46.87012187,10.44826933,14
46.86977603,10.46137608,14
46.90257494,9.36021850,14
46.90235392,9.37333881,14
46.90213140,9.38645902,14
46.90190737,9.39957911,14
46.90168184,9.41269910,14
46.90145481,9.42581898,14
46.90122627,9.43893874,14
46.88115436,10.37011584,14
46.88081749,10.38322578,14
46.88047912,10.39633555,14
46.88013925,10.40944516,14
46.87979787,10.42255460,14
46.87945498,10.43566388,14
46.87911059,10.44877300,14
46.91134646,9.37366255,14
46.91112391,9.38678495,14
46.91089984,9.39990724,14
46.91067428,9.41302943,14
46.91044720,9.42615150,14
46.91021863,9.43927346,14
46.90998854,9.45239532,14
46.89014340,10.37060650,14
46.88980648,10.38371863,14
46.88946806,10.39683060,14
46.88912812,10.40994241,14
46.88878669,10.42305405,14
46.88844375,10.43616552,14
46.88809930,10.44927683,14
46.92011640,9.38711099,14
46.91989230,9.40023548,14
46.91966670,9.41335986,14
46.91943959,9.42648413,14
46.91921097,9.43960829,14
46.91898085,9.45273234,14
46.91874923,9.46585628,14
46.89946791,10.35798282,14
46.89913244,10.37109732,14
46.89879546,10.38421165,14
46.89845698,10.39732581,14
46.89811699,10.41043982,14
46.89777550,10.42355365,14
46.89743250,10.43666733,14
46.92865910,9.41369041,14
46.92843195,9.42681687,14
46.92820330,9.43994323,14
46.92797314,9.45306948,14
46.92774148,9.46619562,14
46.92750831,9.47932164,14
46.90912352,10.33223774,14
46.90879100,10.34535476,14
46.90845698,10.35847161,14
46.90812145,10.37158830,14
46.90778442,10.38470483,14
46.90744588,10.39782119,14
46.90710584,10.41093739,14
46.93742431,9.42714973,14
46.93719562,9.44027828,14
46.93696542,9.45340673,14
46.93673372,9.46653506,14
46.93650052,9.47966329,14
46.93626580,9.49279140,14
46.93602958,9.50591939,14
46.91844376,10.31960292,14
46.91811269,10.33272229,14
46.91778012,10.34584150,14
46.91744604,10.35896055,14
46.91711046,10.37207944,14
46.91677337,10.38519817,14
46.94618792,9.44061344,14
46.94595769,9.45374409,14
46.94572595,9.46687462,14
46.94549270,9.48000505,14
46.94525795,9.49313536,14
46.94502170,9.50626555,14
46.94478393,9.51939563,14
46.94454466,9.53252560,14
46.92874240,10.26759756,14
46.92809069,10.29384181,14
46.92776258,10.30696370,14
46.92743297,10.32008543,14
46.92710185,10.33320700,14
46.92676922,10.34632841,14
46.92643509,10.35944966,14
46.92576231,10.38569167,14
46.95471816,9.46721430,14
46.95448488,9.48034692,14
46.95425009,9.49347943,14
46.95401379,9.50661182,14
46.95377599,9.51974410,14
46.95353668,9.53287627,14
46.95329587,9.54600832,14
46.95305355,9.55914025,14
46.95280972,9.57227207,14
46.93805545,10.25494687,14
46.93773181,10.26807143,14
46.93740666,10.28119583,14
46.93708000,10.29432008,14
46.93675183,10.30744417,14
46.93642217,10.32056810,14
46.93609099,10.33369187,14
46.93575831,10.34681548,14
46.93542412,10.35993893,14
46.96347704,9.48068890,14
46.96324221,9.49382361,14
46.96300587,9.50695821,14
46.96276803,9.52009269,14
46.96252869,9.53322706,14
46.96228783,9.54636131,14
46.96204547,9.55949544,14
46.96180161,9.57262946,14
46.96155623,9.58576336,14
46.96130935,9.59889714,14
46.94768778,10.22916470,14
46.94736710,10.24229178,14
46.94704490,10.25541869,14
46.94672121,10.26854545,14
46.94639600,10.28167206,14
46.94606929,10.29479850,14
46.94574107,10.30792479,14
46.94541135,10.32105092,14
46.94508012,10.33417690,14
46.97223432,9.49416791,14
46.97199794,9.50730471,14
46.97176006,9.52044139,14
46.97152067,9.53357796,14
46.97127978,9.54671441,14
46.97103738,9.55985075,14
46.97079347,9.57298696,14
46.97054806,9.58612306,14
46.97030114,9.59925905,14
46.97005272,9.61239491,14
46.95763050,10.19024354,14
46.95731428,10.20337327,14
46.95699656,10.21650285,14
46.95667733,10.22963228,14
46.95635659,10.24276155,14
46.95603434,10.25589067,14
46.95571059,10.26901963,14
46.95538533,10.28214844,14
46.95505856,10.29527709,14
46.95473029,10.30840558,14
46.95440051,10.32153391,14
46.98051265,9.53392898,14
46.98027171,9.54706763,14
46.98002927,9.56020617,14
46.97978533,9.57334459,14
46.97953987,9.58648289,14
46.97929291,9.59962107,14
46.97904445,9.61275914,14
46.97879447,9.62589708,14
46.96693495,10.17757257,14
46.96662019,10.19070466,14
46.96630392,10.20383660,14
46.96598614,10.21696838,14
46.96566685,10.23010001,14
46.96534606,10.24323149,14
46.96502376,10.25636281,14
46.96469996,10.26949397,14
46.96437464,10.28262498,14
46.98902115,9.56056171,14
46.98877717,9.57370233,14
46.98853167,9.58684284,14
46.98828467,9.59998322,14
46.98803616,9.61312349,14
46.98778615,9.62626364,14
46.98753463,9.63940366,14
46.98728160,9.65254357,14
46.98702706,9.66568335,14
46.98677102,9.67882301,14
46.97654979,10.15176261,14
46.97623798,10.16489720,14
46.97592467,10.17803165,14
46.97560986,10.19116594,14
46.97529353,10.20430008,14
46.97497570,10.21743406,14
46.97465636,10.23056790,14
46.97433552,10.24370157,14
46.97401317,10.25683510,14
46.97368931,10.26996846,14
46.99752345,9.58720290,14
46.99727641,9.60034549,14
46.99702786,9.61348796,14
46.99677781,9.62663031,14
46.99652624,9.63977254,14
46.99627317,9.65291465,14
46.99601860,9.66605663,14
46.99576251,9.67919850,14
46.99550492,9.69234023,14
46.99524582,9.70548185,14
46.99498521,9.71862334,14
46.99472310,9.73176470,14
46.99445947,9.74490594,14
46.99419435,9.75804704,14
46.99392771,9.77118803,14
46.99365957,9.78432888,14
46.99338991,9.79746960,14
46.98615878,10.12594339,14
46.98584994,10.13908048,14
46.98553960,10.15221743,14
46.98522774,10.16535423,14
46.98491438,10.17849087,14
46.98459951,10.19162737,14
46.98428313,10.20476371,14
46.98396525,10.21789990,14
46.98364586,10.23103593,14
46.98332496,10.24417182,14
47.00626814,9.60070788,14
47.00601955,9.61385255,14
47.00576945,9.62699711,14
47.00551785,9.64014154,14
47.00526473,9.65328585,14
47.00501011,9.66643004,14
47.00475399,9.67957411,14
47.00449635,9.69271805,14
47.00423721,9.70586187,14
47.00397656,9.71900556,14
47.00371440,9.73214913,14
47.00345074,9.74529257,14
47.00318556,9.75843588,14
47.00291888,9.77157907,14
47.00265070,9.78472212,14
47.00238100,9.79786505,14
47.00210980,9.81100785,14
47.00183709,9.82415051,14
47.00156287,9.83729304,14
47.00128714,9.85043544,14
46.99606630,10.08697515,14
46.99576193,10.10011490,14
46.99545606,10.11325449,14
46.99514868,10.12639394,14
46.99483979,10.13953324,14
46.99452939,10.15267240,14
46.99421748,10.16581140,14
46.99390407,10.17895025,14
46.99358915,10.19208895,14
46.99327272,10.20522749,14
46.99295478,10.21836589,14
47.01476108,9.62736402,14
47.01450943,9.64051066,14
47.01425628,9.65365718,14
47.01400162,9.66680357,14
47.01374545,9.67994984,14
47.01348777,9.69309599,14
47.01322858,9.70624202,14
47.01296789,9.71938791,14
47.01270569,9.73253369,14
47.01244198,9.74567933,14
47.01217677,9.75882485,14
47.01191004,9.77197024,14
47.01164181,9.78511550,14
47.01137207,9.79826063,14
47.01110082,9.81140563,14
47.01082807,9.82455050,14
47.01055380,9.83769524,14
47.01027803,9.85083984,14
47.01000075,9.86398432,14
47.00972197,9.87712865,14
47.00944167,9.89027286,14
47.00915987,9.90341693,14
47.00887656,9.91656086,14
47.00859175,9.92970465,14
47.00830542,9.94284831,14
47.00801759,9.95599183,14
47.00772825,9.96913521,14
47.00743740,9.98227845,14
47.00714504,9.99542155,14
47.00685118,10.00856450,14
47.00655581,10.02170732,14
47.00625893,10.03484999,14
47.00596054,10.04799252,14
47.00566065,10.06113491,14
47.00535924,10.07427715,14
47.00505633,10.08741925,14
47.00475191,10.10056119,14
47.00444599,10.11370300,14
47.00413855,10.12684465,14
47.00382961,10.13998616,14
47.00351916,10.15312751,14
47.00320721,10.16626872,14
47.00289374,10.17940977,14
47.02273689,9.68032570,14
47.02247917,9.69347406,14
47.02221994,9.70662229,14
47.02195921,9.71977039,14
47.02169696,9.73291837,14
47.02143321,9.74606622,14
47.02116795,9.75921394,14
47.02090118,9.77236154,14
47.02063291,9.78550901,14
47.02036312,9.79865634,14
47.02009183,9.81180355,14
47.01981903,9.82495062,14
47.01954472,9.83809757,14
47.01926891,9.85124438,14
47.01899158,9.86439106,14
47.01871275,9.87753760,14
47.01843241,9.89068401,14
47.01815056,9.90383028,14
47.01786721,9.91697642,14
47.01758234,9.93012242,14
47.01729597,9.94326828,14
47.01700809,9.95641401,14
47.01671870,9.96955959,14
47.01642780,9.98270504,14
47.01613540,9.99585034,14
47.01584149,10.00899551,14
47.01554607,10.02214053,14
47.01524914,10.03528541,14
47.01495070,10.04843014,14
47.01465076,10.06157474,14
47.01434931,10.07471918,14
47.01404635,10.08786348,14
47.01374188,10.10100764,14
47.01343590,10.11415165,14
47.01312842,10.12729551,14
47.01281942,10.14043922,14
47.01250892,10.15358278,14
47.02935416,9.79905218,14
47.02908282,9.81220160,14
47.02880998,9.82535088,14
47.02853562,9.83850003,14
47.02825976,9.85164905,14
47.02798239,9.86479793,14
47.02770352,9.87794668,14
47.02742313,9.89109530,14
47.02714123,9.90424378,14
47.02685783,9.91739212,14
47.02657292,9.93054033,14
47.02628650,9.94368840,14
47.02599857,9.95683633,14
47.02570914,9.96998412,14
47.02541819,9.98313177,14
47.02512574,9.99627928,14
47.02483178,10.00942665,14
47.02453631,10.02257388,14
47.02423933,10.03572097,14
47.02394085,10.04886791,14
47.02364085,10.06201471,14
47.02333935,10.07516136,14
47.02303634,10.08830787,14
47.02273182,10.10145423,14
47.02242580,10.11460044,14
47.02211826,10.12774651,14
47.03725060,9.85205385,14
47.03697319,9.86520494,14
47.03669426,9.87835590,14
47.03641383,9.89150672,14
47.03613189,9.90465741,14
47.03584844,9.91780796,14
47.03556348,9.93095837,14
47.03527702,9.94410865,14
47.03498904,9.95725879,14
47.03469956,9.97040879,14
47.03440857,9.98355864,14
47.03411606,9.99670836,14
47.03382206,10.00985794,14
47.03352654,10.02300738,14
47.03322951,10.03615667,14
47.03293098,10.04930582,14
47.03263093,10.06245482,14
47.03232938,10.07560368,14
47.03202632,10.08875240,14
47.04512253,9.90507117,14
