46.22187878,7.79634054,14
46.22183704,7.80930061,14
46.22179382,7.82226066,14
46.22174911,7.83522069,14
46.22170292,7.84818069,14
46.22165524,7.86114068,14
46.22160607,7.87410064,14
46.22155542,7.88706057,14
46.22150329,7.90002048,14
46.22144967,7.91298037,14
46.22139456,7.92594022,14
46.22115929,7.97777937,14
46.23102638,7.74455057,14
46.23099058,7.75751286,14
46.23095329,7.77047513,14
46.23091452,7.78343738,14
46.23087426,7.79639961,14
46.23083251,7.80936182,14
46.23078928,7.82232401,14
46.23074457,7.83528618,14
46.23069837,7.84824832,14
46.23065068,7.86121045,14
46.23060151,7.87417255,14
46.23055085,7.88713462,14
46.23049871,7.90009667,14
46.23044508,7.91305869,14
46.23038996,7.92602069,14
46.23033336,7.93898266,14
46.23027528,7.95194460,14
46.23021571,7.96490652,14
46.23015465,7.97786840,14
46.23009211,7.99083026,14
46.23002808,8.00379208,14
46.22996257,8.01675387,14
46.24015026,7.69274322,14
46.24012040,7.70570772,14
46.24008905,7.71867219,14
46.24005621,7.73163665,14
46.24002189,7.74460110,14
46.23998608,7.75756552,14
46.23994879,7.77052993,14
46.23991001,7.78349433,14
46.23986974,7.79645870,14
46.23982799,7.80942305,14
46.23978475,7.82238738,14
46.23974003,7.83535169,14
46.23969382,7.84831598,14
46.23964613,7.86128024,14
46.23959695,7.87424448,14
46.23954628,7.88720870,14
46.23949413,7.90017289,14
46.23944049,7.91313705,14
46.23938537,7.92610119,14
46.23932876,7.93906530,14
46.23927066,7.95202938,14
46.23921108,7.96499344,14
46.23915001,7.97795746,14
46.23908746,7.99092146,14
46.23902342,8.00388542,14
46.23895790,8.01684935,14
46.23889089,8.02981325,14
46.23882239,8.04277712,14
46.23875241,8.05574095,14
46.24931328,7.60201841,14
46.24927286,7.62795183,14
46.24920108,7.66685189,14
46.24917418,7.67981855,14
46.24914580,7.69278520,14
46.24911593,7.70575183,14
46.24908457,7.71871845,14
46.24905173,7.73168505,14
46.24901740,7.74465164,14
46.24898159,7.75761821,14
46.24894429,7.77058476,14
46.24890550,7.78355129,14
46.24886523,7.79651781,14
46.24882347,7.80948430,14
46.24878023,7.82245077,14
46.24873550,7.83541722,14
46.24868928,7.84838365,14
46.24864158,7.86135006,14
46.24859239,7.87431644,14
46.24854171,7.88728280,14
46.24848955,7.90024913,14
46.24843591,7.91321543,14
46.24838077,7.92618171,14
46.24832416,7.93914797,14
46.24826605,7.95211419,14
46.24820646,7.96508039,14
46.24814538,7.97804655,14
46.24808282,7.99101269,14
46.24801877,8.00397879,14
46.24795323,8.01694487,14
46.24788621,8.02991091,14
46.24781770,8.04287692,14
46.24774771,8.05584289,14
46.24767623,8.06880883,14
46.25834333,7.57610766,14
46.25832683,7.58907653,14
46.25830885,7.60204540,14
46.25828938,7.61501426,14
46.25826842,7.62798311,14
46.25824598,7.64095195,14
46.25822205,7.65392078,14
46.25819663,7.66688960,14
46.25816973,7.67985840,14
46.25814134,7.69282719,14
46.25811146,7.70579596,14
46.25808010,7.71876473,14
46.25804726,7.73173347,14
46.25801292,7.74470220,14
46.25797710,7.75767091,14
46.25793980,7.77063960,14
46.25790100,7.78360828,14
46.25737619,7.92626227,14
46.25726144,7.95219903,14
46.25720184,7.96516737,14
46.25714075,7.97813567,14
46.25707818,7.99110395,14
46.25701412,8.00407220,14
46.25694857,8.01704042,14
46.25688154,8.03000860,14
46.25681302,8.04297675,14
46.25674302,8.05594487,14
46.25667153,8.06891295,14
46.25659855,8.08188099,14
46.25652408,8.09484900,14
46.26736745,7.55018831,14
46.26735392,7.56315934,14
46.26733891,7.57613037,14
46.26732241,7.58910139,14
46.26730442,7.60207240,14
46.26728494,7.61504341,14
46.26726398,7.62801440,14
46.26724154,7.64098538,14
46.26721760,7.65395635,14
46.26719218,7.66692731,14
46.26716528,7.67989826,14
46.26713688,7.69286919,14
46.26710700,7.70584011,14
46.26707564,7.71881102,14
46.26704278,7.73178190,14
46.26594392,8.01713600,14
46.26587688,8.03010632,14
46.26580834,8.04307662,14
46.26573833,8.05604688,14
46.26566682,8.06901710,14
46.26559383,8.08198729,14
46.26551936,8.09495744,14
46.27640838,7.48534077,14
46.27640229,7.49831397,14
46.27639470,7.51128717,14
46.27638563,7.52426037,14
46.27637508,7.53723356,14
46.27636304,7.55020674,14
46.27634951,7.56317992,14
46.27633449,7.57615310,14
46.27631798,7.58912626,14
46.27629999,7.60209942,14
46.27628052,7.61507256,14
46.27625955,7.62804570,14
46.27623710,7.64101883,14
46.27621316,7.65399194,14
46.27618774,7.66696504,14
46.27616083,7.67993813,14
46.27613243,7.69291121,14
46.27473364,8.05614892,14
46.27466213,8.06912129,14
46.27458912,8.08209362,14
46.27451464,8.09506592,14
46.27443866,8.10803818,14
46.27436120,8.12101040,14
46.27428225,8.13398259,14
46.28541171,7.45939779,14
46.28540859,7.47237314,14
46.28540398,7.48534849,14
46.28539788,7.49832384,14
46.28539030,7.51129918,14
46.28538123,7.52427452,14
46.28537067,7.53724986,14
46.28535862,7.55022519,14
46.28534509,7.56320051,14
46.28533007,7.57617583,14
46.28531357,7.58915114,14
46.28529557,7.60212644,14
46.28523267,7.64105228,14
46.28520873,7.65402754,14
46.28365743,8.06922551,14
46.28358442,8.08219999,14
46.28350992,8.09517443,14
46.28343393,8.10814884,14
46.28335645,8.12112320,14
46.28327749,8.13409753,14
46.28319704,8.14707182,14
46.28311510,8.16004607,14
46.28303168,8.17302028,14
46.28294677,8.18599445,14
46.29440731,7.45940122,14
46.29440419,7.47237872,14
46.29439958,7.48535621,14
46.29439348,7.49833371,14
46.29438590,7.51131120,14
46.29437682,7.52428868,14
46.29436626,7.53726616,14
46.29435422,7.55024364,14
46.29434068,7.56322111,14
46.29250520,8.09528298,14
46.29242920,8.10825953,14
46.29235171,8.12123604,14
46.29227273,8.13421252,14
46.29219227,8.14718895,14
46.29211032,8.16016535,14
46.29202688,8.17314170,14
46.29194196,8.18611802,14
46.29185555,8.19909429,14
46.29176765,8.21207052,14
46.30340456,7.44642501,14
46.30340292,7.45940465,14
46.30339980,7.47238430,14
46.30339518,7.48536394,14
46.30338908,7.49834358,14
46.30338150,7.51132321,14
46.30142447,8.10837026,14
46.30134697,8.12134892,14
46.30126798,8.13432754,14
46.30118751,8.14730612,14
46.30110554,8.16028466,14
46.30102209,8.17326317,14
46.30093715,8.18624163,14
46.30085072,8.19922005,14
46.30076281,8.21219842,14
46.31239897,7.42046271,14
46.31240031,7.43344451,14
46.31240016,7.44642630,14
46.31239853,7.45940809,14
46.31239540,7.47238988,14
46.31239079,7.48537167,14
46.31026323,8.13444260,14
46.31018274,8.14742333,14
46.31010077,8.16040402,14
46.31001730,8.17338467,14
46.30993235,8.18636528,14
46.30984591,8.19934584,14
46.30975798,8.21232636,14
46.30966856,8.22530684,14
46.30957765,8.23828728,14
46.32138744,7.39449183,14
46.32139176,7.40747577,14
46.32139458,7.42045971,14
46.32139592,7.43344365,14
46.32139577,7.44642759,14
46.32139414,7.45941152,14
46.32139101,7.47239546,14
46.31892754,8.18648897,14
46.31884109,8.19947168,14
46.31875315,8.21245435,14
46.31866371,8.22543698,14
46.31857279,8.23841956,14
46.31848039,8.25140210,14
46.31838649,8.26438459,14
46.33037725,7.38149845,14
46.33038305,7.39448453,14
46.33038737,7.40747061,14
46.33039020,7.42045670,14
46.33039153,7.43344279,14
46.33039139,7.44642887,14
46.33038975,7.45941496,14
46.32783628,8.19959756,14
46.32774832,8.21258238,14
46.32765887,8.22556715,14
46.32756793,8.23855188,14
46.32747551,8.25153657,14
46.32738160,8.26452121,14
46.32728620,8.27750581,14
46.32718931,8.29049035,14
46.33936557,7.36850077,14
46.33937286,7.38148899,14
46.33937866,7.39447722,14
46.33938298,7.40746546,14
46.33938581,7.42045369,14
46.33938715,7.43344193,14
46.33938700,7.44643016,14
46.33674349,8.21271045,14
46.33665403,8.22569737,14
46.33656308,8.23868425,14
46.33647064,8.25167109,14
46.33637671,8.26465788,14
46.33628130,8.27764462,14
46.33618439,8.29063132,14
46.33608600,8.30361797,14
46.34836118,7.36848916,14
46.34836847,7.38147954,14
46.34837428,7.39446992,14
46.34837860,7.40746030,14
46.34555822,8.23881667,14
46.34546577,8.25180565,14
46.34537183,8.26479459,14
46.34527639,8.27778349,14
46.34517947,8.29077233,14
46.34508106,8.30376113,14
46.34498117,8.31674988,14
46.35735679,7.36847755,14
46.35736409,7.38147007,14
46.35736990,7.39446260,14
46.35427149,8.27792240,14
46.35417456,8.29091339,14
46.35407613,8.30390434,14
46.35397622,8.31689524,14
46.36632158,7.32948192,14
46.36633335,7.34247659,14
46.36634362,7.35547126,14
46.36635241,7.36846593,14
46.36635971,7.38146061,14
46.36636551,7.39445529,14
46.36326660,8.27806135,14
46.36316964,8.29105450,14
46.36307120,8.30404760,14
46.36297127,8.31704065,14
46.36286985,8.33003365,14
46.37530393,7.31646704,14
46.37531719,7.32946385,14
46.37532896,7.34246066,14
46.37533924,7.35545749,14
46.37534803,7.36845431,14
46.37216473,8.29119566,14
46.37206627,8.30419091,14
46.37196632,8.31718611,14
46.37186488,8.33018126,14
46.37176196,8.34317637,14
46.38428480,7.30344785,14
46.38429955,7.31644680,14
46.38431280,7.32944577,14
46.38432457,7.34244474,14
46.38115982,8.29133686,14
46.38106134,8.30433426,14
46.38096138,8.31733162,14
46.38085992,8.33032893,14
46.38075698,8.34332618,14
46.38065254,8.35632339,14
46.39328040,7.30342546,14
46.39329516,7.31642656,14
46.39330842,7.32942768,14
46.39332019,7.34242880,14
46.39005641,8.30447767,14
46.38995643,8.31747718,14
46.38985496,8.33047664,14
46.38975200,8.34347605,14
46.38964755,8.35647541,14
46.38954160,8.36947471,14
46.40227601,7.30340305,14
46.40229077,7.31640632,14
46.40230403,7.32940959,14
46.39895149,8.31762278,14
46.39885000,8.33062440,14
46.39874702,8.34362596,14
46.39864255,8.35662747,14
46.39853659,8.36962894,14
46.41123764,7.27736983,14
46.41125538,7.29037524,14
46.41127162,7.30338065,14
46.41128638,7.31638606,14
46.41129965,7.32939149,14
46.40784504,8.33077221,14
46.40774204,8.34377593,14
46.40763755,8.35677959,14
46.40753158,8.36978321,14
46.40742411,8.38278677,14
46.42021401,7.26433556,14
46.42023324,7.27734311,14
46.42025098,7.29035066,14
46.42026723,7.30335823,14
46.42028199,7.31636580,14
46.42029526,7.32937338,14
46.41673706,8.34392594,14
46.41663256,8.35693176,14
46.41652656,8.36993754,14
46.41641908,8.38294326,14
46.41631010,8.39594892,14
46.42920961,7.26430667,14
46.42922885,7.27731637,14
46.42924659,7.29032608,14
46.42926284,7.30333581,14
46.42927760,7.31634554,14
46.42929087,7.32935527,14
46.42573208,8.34407601,14
46.42562756,8.35708399,14
46.42552155,8.37009191,14
46.42541405,8.38309979,14
46.42530505,8.39610761,14
46.42519457,8.40911538,14
46.43820521,7.26427777,14
46.43822445,7.27728963,14
46.43824219,7.29030150,14
46.43825845,7.30331338,14
46.43462256,8.35723626,14
46.43451653,8.37024634,14
46.43440901,8.38325638,14
46.43430000,8.39626636,14
46.43418950,8.40927628,14
46.44720081,7.26424885,14
46.44722005,7.27726287,14
46.44723780,7.29027690,14
46.44725406,7.30329094,14
46.44351152,8.37040083,14
46.44340398,8.38341302,14
46.44329495,8.39642515,14
46.44318443,8.40943724,14
46.45615344,7.23818761,14
46.45617567,7.25120377,14
46.45619641,7.26421993,14
46.45621565,7.27723611,14
46.45623340,7.29025230,14
46.45624966,7.30326849,14
46.45239895,8.38356971,14
46.45228990,8.39658401,14
46.45217936,8.40959825,14
46.45206732,8.42261244,14
46.46514903,7.23815436,14
46.46517126,7.25117268,14
46.46519200,7.26419100,14
46.46521125,7.27720934,14
46.46522901,7.29022768,14
46.46524527,7.30324604,14
46.46139391,8.38372645,14
46.46128484,8.39674291,14
46.46117428,8.40975931,14
46.46106223,8.42277566,14
46.47412089,7.22510064,14
46.47414462,7.23812110,14
46.47416686,7.25114158,14
46.47418760,7.26416206,14
46.47420685,7.27718256,14
46.47027979,8.39690187,14
46.47016921,8.40992043,14
46.47005714,8.42293894,14
46.46994358,8.43595739,14
46.48309125,7.21204259,14
46.48311648,7.22506520,14
46.48314021,7.23808783,14
46.48316245,7.25111046,14
46.48318319,7.26413311,14
46.48320245,7.27715577,14
46.47927473,8.39706088,14
46.47916413,8.41008160,14
46.47905205,8.42310227,14
46.47893847,8.43612288,14
46.49208683,7.21200499,14
46.49211206,7.22502976,14
46.49213579,7.23805455,14
46.49215803,7.25107934,14
46.49217878,7.26410415,14
46.48826967,8.39721994,14
46.48815906,8.41024283,14
46.48804695,8.42326565,14
46.48793335,8.43628843,14
46.48781826,8.44931115,14
46.50105568,7.19894045,14
46.50108240,7.21196737,14
46.50110764,7.22499430,14
46.50113137,7.23802125,14
46.50115362,7.25104821,14
46.49715398,8.41040410,14
46.49704185,8.42342910,14
46.49692823,8.43645403,14
46.49681312,8.44947891,14
46.51005125,7.19890065,14
46.51007798,7.21192974,14
46.51010321,7.22495884,14
46.51012695,7.23798795,14
46.51014920,7.25101707,14
46.50614890,8.41056544,14
46.50603675,8.42359259,14
46.50592312,8.43661969,14
46.50580798,8.44964673,14
46.50569136,8.46267372,14
46.51901858,7.18582961,14
46.51904681,7.19886085,14
46.51907354,7.21189210,14
46.51909879,7.22492336,14
46.51912253,7.23795463,14
46.51503165,8.42375614,14
46.51491799,8.43678540,14
46.51480284,8.44981461,14
46.51468620,8.46284376,14
46.52801414,7.18578763,14
46.52804237,7.19882103,14
46.52806911,7.21185444,14
46.52809436,7.22488787,14
46.52402654,8.42391975,14
46.52391287,8.43695118,14
46.52379770,8.44998255,14
46.52368104,8.46301386,14
46.53697996,7.17271008,14
46.53700969,7.18574563,14
46.53703793,7.19878119,14
46.53706467,7.21181677,14
46.53708992,7.22485236,14
46.53290774,8.43711700,14
46.53279255,8.45015054,14
46.53267587,8.46318401,14
46.53255769,8.47621744,14
46.54597551,7.17266590,14
46.54600525,7.18570362,14
46.54603349,7.19874135,14
46.54606023,7.21177909,14
46.54608549,7.22481685,14
46.54190261,8.43728288,14
46.54178740,8.45031858,14
46.54167070,8.46335423,14
46.54155250,8.47638981,14
46.54143281,8.48942534,14
46.55497105,7.17262171,14
46.55500079,7.18566159,14
46.55502904,7.19870149,14
46.55505579,7.21174140,14
46.55089748,8.43744882,14
46.55078225,8.45048669,14
46.55066553,8.46352450,14
46.55054731,8.47656225,14
46.55042760,8.48959994,14
46.56396659,7.17257750,14
46.56399634,7.18561955,14
46.56402459,7.19866162,14
46.56405134,7.21170369,14
46.55977709,8.45065485,14
46.55966035,8.46369482,14
46.55954212,8.47673474,14
46.55942239,8.48977461,14
46.57289814,7.14644489,14
46.57293088,7.15948908,14
46.57296212,7.17253328,14
46.57299188,7.18557750,14
46.57302013,7.19862173,14
46.56865517,8.46386521,14
46.56853691,8.47690729,14
46.56841717,8.48994932,14
46.56829592,8.50299130,14
46.58192640,7.15944267,14
46.58195766,7.17248904,14
46.58198741,7.18553543,14
46.58201567,7.19858183,14
46.57764998,8.46403565,14
46.57753171,8.47707990,14
46.57741194,8.49012410,14
46.57729068,8.50316824,14
46.59092192,7.15939625,14
46.59095318,7.17244479,14
46.59098294,7.18549335,14
46.59101121,7.19854192,14
46.58664479,8.46420614,14
46.58652650,8.47725257,14
46.58640671,8.49029894,14
46.58628543,8.50334525,14
46.59988468,7.14629912,14
46.59991744,7.15934982,14
46.59994870,7.17240053,14
46.59997847,7.18545125,14
46.60000674,7.19850199,14
46.59563960,8.46437670,14
46.59552129,8.47742529,14
46.59540148,8.49047383,14
46.59528017,8.50352231,14
46.60884593,7.13319765,14
46.60888019,7.14625050,14
46.60891295,7.15930337,14
46.60894422,7.17235625,14
46.60897399,7.18540914,14
46.60463440,8.46454731,14
46.60451607,8.47759808,14
46.60439624,8.49064879,14
46.60427491,8.50369944,14
46.61787569,7.14620186,14
46.61790846,7.15925690,14
46.61793973,7.17231195,14
46.61796950,7.18536702,14
46.61362920,8.46471798,14
46.61351084,8.47777092,14
46.61339099,8.49082380,14
46.61326965,8.50387662,14
46.62687118,7.14615321,14
46.62690396,7.15921042,14
46.62693523,7.17226764,14
46.62696501,7.18532488,14
46.62262399,8.46488871,14
46.62250561,8.47794382,14
46.62238574,8.49099887,14
46.62226438,8.50405386,14
46.63583240,7.13304517,14
46.63586667,7.14610454,14
46.63589945,7.15916392,14
46.63593073,7.17222331,14
46.63596052,7.18528273,14
46.63161877,8.46505949,14
46.63150038,8.47811677,14
46.63138049,8.49117400,14
46.63125910,8.50423116,14
46.63113622,8.51728827,14
46.64486216,7.14605585,14
46.64489494,7.15911740,14
46.64492623,7.17217897,14
46.64495602,7.18524056,14
46.64049514,8.47828978,14
46.64037523,8.49134918,14
46.64025382,8.50440852,14
46.64013092,8.51746780,14
46.65382335,7.13294343,14
46.65385763,7.14600715,14
46.65389042,7.15907087,14
46.65392172,7.17213462,14
46.64948989,8.47846286,14
46.64936996,8.49152443,14
46.64924854,8.50458594,14
46.64912561,8.51764740,14
46.66281881,7.13289254,14
46.66285311,7.14595843,14
46.66288590,7.15902433,14
46.66291720,7.17209025,14
46.65836469,8.49169973,14
46.65824324,8.50476342,14
46.65812030,8.51782705,14
46.65799586,8.53089062,14
46.67181427,7.13284163,14
46.67184857,7.14590969,14
46.67188137,7.15897777,14
46.67191267,7.17204587,14
46.67194248,7.18511398,14
46.66735941,8.49187509,14
46.66723794,8.50494096,14
46.66711498,8.51800676,14
46.66699052,8.53107251,14
46.68080972,7.13279070,14
46.68084403,7.14586094,14
46.68087683,7.15893119,14
46.68090814,7.17200147,14
46.68093795,7.18507175,14
46.67635412,8.49205051,14
46.67623264,8.50511856,14
46.67610965,8.51818654,14
46.67598517,8.53125446,14
46.67585919,8.54432232,14
46.68980517,7.13273975,14
46.68983948,7.14581217,14
46.68987229,7.15888460,14
46.68990360,7.17195705,14
46.68522732,8.50529621,14
46.68510432,8.51836637,14
46.68497981,8.53143647,14
46.68485381,8.54450651,14
46.69880061,7.13268879,14
46.69883492,7.14576338,14
46.69886774,7.15883800,14
46.69889906,7.17191262,14
46.69434353,8.49240153,14
46.69422200,8.50547393,14
46.69409897,8.51854626,14
46.69397445,8.53161854,14
46.69384843,8.54469076,14
46.70779604,7.13263781,14
46.70783036,7.14571458,14
46.70786318,7.15879137,14
46.70789450,7.17186818,14
46.70792433,7.18494500,14
46.70321667,8.50565170,14
46.70309363,8.51872622,14
46.70296908,8.53180067,14
46.71682578,7.14566577,14
46.71685861,7.15874474,14
46.71688994,7.17182372,14
46.71691977,7.18490272,14
46.71233290,8.49275278,14
46.71221133,8.50582954,14
46.71208827,8.51890623,14
46.71196370,8.53198287,14
46.71183764,8.54505944,14
46.72582120,7.14561693,14
46.72585404,7.15869808,14
46.72588537,7.17177925,14
46.72591521,7.18486043,14
46.72132758,8.49292850,14
46.72120599,8.50600743,14
46.72108290,8.51908630,14
46.72095832,8.53216512,14
46.72083223,8.54524387,14
46.72070465,8.55832257,14
46.73481662,7.14556808,14
46.73484945,7.15865141,14
46.73488079,7.17173476,14
46.73491063,7.18481812,14
46.73007753,8.51926644,14
46.72995292,8.53234743,14
46.72982682,8.54542837,14
46.72969921,8.55850924,14
46.74381202,7.14551922,14
46.74384486,7.15860473,14
46.74387621,7.17169026,14
46.73907215,8.51944663,14
46.73894752,8.53252981,14
46.73882140,8.54561292,14
46.73869377,8.55869598,14
46.75277306,7.13238266,14
46.75280741,7.14547034,14
46.75284026,7.15855803,14
46.75287161,7.17164574,14
46.74806676,8.51962688,14
46.74794211,8.53271224,14
46.74781596,8.54579754,14
46.76173259,7.11924173,14
46.76176844,7.13233158,14
46.76180280,7.14542144,14
46.76183565,7.15851131,14
46.76186701,7.17160121,14
46.75718453,8.50671960,14
46.75706136,8.51980720,14
46.75693669,8.53289474,14
46.77076382,7.13228048,14
46.77079818,7.14537252,14
46.77083104,7.15846458,14
46.77086240,7.17155666,14
46.76630083,8.49380794,14
46.76617914,8.50689778,14
46.76605595,8.51998757,14
46.76593126,8.53307730,14
46.77975918,7.13222936,14
46.77979354,7.14532359,14
46.77982641,7.15841784,14
46.77985777,7.17151210,14
46.77517374,8.50707603,14
46.77505053,8.52016800,14
46.77492582,8.53325991,14
46.78875453,7.13217823,14
46.78878890,7.14527464,14
46.78882177,7.15837107,14
46.78885314,7.17146752,14
46.78429006,8.49416013,14
46.78416834,8.50725434,14
46.78404511,8.52034850,14
46.78392038,8.53344259,14
46.79774987,7.13212708,14
46.79778425,7.14522568,14
46.79781713,7.15832430,14
46.79784850,7.17142293,14
46.79316292,8.50743271,14
46.79303967,8.52052905,14
46.79291492,8.53362533,14
46.80674520,7.13207591,14
46.80677959,7.14517670,14
46.80681247,7.15827750,14
46.80684385,7.17137832,14
46.80203422,8.52070966,14
46.80190945,8.53380813,14
46.81577491,7.14512770,14
46.81580780,7.15823069,14
46.81583919,7.17133370,14
46.81102876,8.52089033,14
46.81090397,8.53399099,14
46.82473584,7.13197353,14
46.82477023,7.14507869,14
46.82480312,7.15818387,14
46.82483451,7.17128906,14
46.82002330,8.52107107,14
46.81989848,8.53417391,14
46.81977217,8.54727669,14
46.83373114,7.13192231,14
46.83376554,7.14502966,14
46.83379843,7.15813703,14
46.83382983,7.17124441,14
46.83385972,7.18435181,14
46.82914115,8.50814677,14
46.82901782,8.52125186,14
46.82889298,8.53435689,14
46.82876665,8.54746186,14
46.82863881,8.56056677,14
46.84276083,7.14498062,14
46.84279374,7.15809018,14
46.84282514,7.17119975,14
46.84285504,7.18430933,14
46.84288343,7.19741893,14
46.83813568,8.50832543,14
46.83801233,8.52143271,14
46.83788747,8.53453993,14
46.83776112,8.54764709,14
46.85175612,7.14493156,14
46.85178902,7.15804330,14
46.85182043,7.17115507,14
46.85185033,7.18426684,14
46.85187874,7.19737863,14
46.84713020,8.50850415,14
46.84700683,8.52161362,14
46.84688195,8.53472304,14
46.86078430,7.15799642,14
46.86081571,7.17111037,14
46.86084562,7.18422434,14
46.86087403,7.19733832,14
46.86090093,7.21045232,14
46.85612471,8.50868293,14
46.85600131,8.52179460,14
46.85587642,8.53490620,14
46.86981099,7.17106566,14
46.86984090,7.18418182,14
46.86986931,7.19729799,14
46.86989622,7.21041418,14
46.86524111,8.49574786,14
46.86511920,8.50886178,14
46.86499579,8.52197563,14
46.86487087,8.53508942,14
46.87880624,7.17102094,14
46.87883616,7.18413929,14
46.87886458,7.19725765,14
46.87889149,7.21037603,14
46.87891690,7.22349443,14
46.87423562,8.49592457,14
46.87411369,8.50904067,14
46.87399025,8.52215672,14
46.88783142,7.18409674,14
46.88785983,7.19721730,14
46.88788675,7.21033787,14
46.88791216,7.22345846,14
46.88793607,7.23657906,14
46.88335055,8.48298298,14
46.88323011,8.49610133,14
46.88310816,8.50921963,14
46.88298471,8.52233787,14
46.89685508,7.19717693,14
46.89688200,7.21029970,14
46.89690742,7.22342248,14
46.89693133,7.23654527,14
46.89695374,7.24966807,14
46.89222459,8.49627816,14
46.89210262,8.50939865,14
46.89197914,8.52251909,14
46.90585031,7.19713655,14
46.90587724,7.21026151,14
46.90590266,7.22338649,14
46.90592657,7.23651147,14
46.90594899,7.24963647,14
46.90596989,7.26276148,14
46.90133954,8.48333230,14
46.90121906,8.49645504,14
46.90109707,8.50957773,14
46.90097357,8.52270036,14
46.91487246,7.21022332,14
46.91489788,7.22335048,14
46.91492180,7.23647767,14
46.91494422,7.24960486,14
46.91496513,7.26273206,14
46.91033401,8.48350704,14
46.91021351,8.49663198,14
46.91009150,8.50975687,14
46.90996798,8.52288169,14
46.92389310,7.22331447,14
46.92391702,7.23644385,14
46.92393944,7.24957323,14
46.92396036,7.26270263,14
46.92397977,7.27583204,14
46.91932848,8.48368185,14
46.91920795,8.49680898,14
46.91908592,8.50993606,14
46.93288830,7.22327844,14
46.93291223,7.23641002,14
46.93293465,7.24954160,14
46.93295557,7.26267320,14
46.93297498,7.27580480,14
46.92844196,8.47072731,14
46.92832292,8.48385671,14
46.92820238,8.49698604,14
46.92808033,8.51011532,14
46.94190742,7.23637618,14
46.94192985,7.24950996,14
46.94195077,7.26264375,14
46.94197019,7.27577755,14
46.94198810,7.28891136,14
46.93743642,8.47090004,14
46.93731736,8.48403163,14
46.93719679,8.49716316,14
46.93707472,8.51029463,14
46.95092503,7.24947830,14
46.95094595,7.26261429,14
46.95096537,7.27575030,14
46.95098329,7.28888630,14
46.94654843,8.45793897,14
46.94643086,8.47107282,14
46.94631178,8.48420660,14
46.94619119,8.49734033,14
46.94606910,8.51047400,14
46.95992019,7.24944664,14
46.95994112,7.26258483,14
46.95996055,7.27572303,14
46.95997846,7.28886124,14
46.95999488,7.30199945,14
46.95554288,8.45810961,14
46.95542528,8.47124565,14
46.95530618,8.48438164,14
46.95518558,8.49751757,14
46.96893628,7.26255535,14
46.96895571,7.27569575,14
46.96897363,7.28883616,14
46.96899004,7.30197658,14
46.96476802,8.43200365,14
46.96465342,8.44514200,14
46.96453731,8.45828030,14
46.96441970,8.47141854,14
46.96430058,8.48455673,14
46.96417995,8.49769486,14
46.97793142,7.26252587,14
46.97795085,7.27566847,14
46.97796878,7.28881108,14
46.97798519,7.30195369,14
46.97800010,7.31509632,14
46.97387559,8.41902938,14
46.97376247,8.43216999,14
46.97364785,8.44531055,14
46.97353172,8.45845105,14
46.97341409,8.47159149,14
46.97329495,8.48473188,14
46.97317431,8.49787221,14
46.98694598,7.27564117,14
46.98696391,7.28878598,14
46.98698033,7.30193080,14
46.98699524,7.31507563,14
46.98298167,8.40605072,14
46.98287004,8.41919359,14
46.98275691,8.43233640,14
46.98264227,8.44547915,14
46.98252613,8.45862186,14
46.98240847,8.47176450,14
46.99594110,7.27561387,14
46.99595903,7.28876088,14
46.99597545,7.30190790,14
46.99599037,7.31505493,14
46.99600378,7.32820196,14
46.99601568,7.34134900,14
46.99208627,8.39306765,14
46.99197613,8.40621277,14
46.99186449,8.41935784,14
46.99175134,8.43250286,14
46.99163668,8.44564782,14
46.99152051,8.45879272,14
47.00495413,7.28873577,14
47.00497056,7.30188500,14
47.00498547,7.31503423,14
47.00499889,7.32818346,14
47.00501079,7.34133271,14
47.00502119,7.35448195,14
47.00503008,7.36763121,14
47.00118938,8.38008018,14
47.00108073,8.39322756,14
47.00097058,8.40637488,14
47.00085892,8.41952215,14
47.00074575,8.43266937,14
47.00063107,8.44581653,14
47.01396565,7.30186208,14
47.01398057,7.31501352,14
47.01399398,7.32816496,14
47.01400589,7.34131640,14
47.01401629,7.35446785,14
47.01402518,7.36761931,14
47.01403256,7.38077077,14
47.01039666,8.35393862,14
47.01029101,8.36708830,14
47.01018385,8.38023794,14
47.01007518,8.39338752,14
47.00996501,8.40653704,14
47.00985333,8.41968652,14
47.00974014,8.43283594,14
47.02297564,7.31499280,14
47.02298906,7.32814644,14
47.02300097,7.34130009,14
47.02301137,7.35445375,14
47.02302026,7.36760741,14
47.02302765,7.38076107,14
47.02303353,7.39391474,14
47.01949531,8.34094008,14
47.01939115,8.35409202,14
47.01928548,8.36724391,14
47.01917830,8.38039574,14
47.01906962,8.39354753,14
47.01895942,8.40669926,14
47.01884773,8.41985094,14
47.03199603,7.34128378,14
47.03200644,7.35443964,14
47.03201533,7.36759550,14
47.03202272,7.38075137,14
47.03202860,7.39390724,14
47.03203297,7.40706312,14
47.02848980,8.34109133,14
47.02838562,8.35424547,14
47.02827993,8.36739956,14
47.02817274,8.38055360,14
47.02806403,8.39370759,14
47.02795382,8.40686153,14
47.04100149,7.35442552,14
47.04101038,7.36758359,14
47.04101777,7.38074167,14
47.04102365,7.39389974,14
47.04102803,7.40705782,14
47.04103089,7.42021591,14
47.03758696,8.32808622,14
47.03748427,8.34124262,14
47.03738008,8.35439897,14
47.03727437,8.36755527,14
47.03716716,8.38071151,14
47.05000542,7.36757168,14
47.05001281,7.38073196,14
47.05001869,7.39389224,14
47.05002307,7.40705253,14
47.05002593,7.42021282,14
47.05002729,7.43337311,14
47.05002714,7.44653340,14
47.04668263,8.31507671,14
47.04658143,8.32823536,14
47.04647873,8.34139397,14
47.04637451,8.35455252,14
47.04626879,8.36771102,14
47.05900783,7.38072225,14
47.05901371,7.39388474,14
47.05901809,7.40704723,14
47.05902095,7.42020973,14
47.05902231,7.43337222,14
47.05902216,7.44653472,14
47.05902050,7.45969722,14
47.05577681,8.30206278,14
47.05567710,8.31522369,14
47.05557589,8.32838455,14
47.05547317,8.34154536,14
47.05536893,8.35470612,14
47.06800872,7.39387723,14
47.06801309,7.40704193,14
47.06801596,7.42020664,14
47.06801732,7.43337134,14
47.06801717,7.44653604,14
47.06801551,7.45970075,14
47.06801234,7.47286545,14
47.06496620,8.27588123,14
47.06486950,8.28904444,14
47.06477128,8.30220760,14
47.06467156,8.31537072,14
47.06457033,8.32853379,14
47.06446759,8.34169680,14
47.06436334,8.35485977,14
47.07701095,7.42020355,14
47.07701231,7.43337046,14
47.07701216,7.44653737,14
47.07701050,7.45970428,14
47.07700733,7.47287119,14
47.07700265,7.48603810,14
47.07405590,8.26285621,14
47.07396069,8.27602168,14
47.07386397,8.28918710,14
47.07376574,8.30235247,14
47.07366600,8.31551779,14
47.07356475,8.32868307,14
47.07346199,8.34184830,14
47.08600728,7.43336957,14
47.08600713,7.44653869,14
47.08600547,7.45970782,14
47.08600230,7.47287694,14
47.08599762,7.48604605,14
47.08599143,7.49921517,14
47.08598374,7.51238428,14
47.08597453,7.52555339,14
47.08323631,8.23665902,14
47.08314410,8.24982678,14
47.08305039,8.26299450,14
47.08295516,8.27616218,14
47.08285842,8.28932980,14
47.08276017,8.30249739,14
47.08266042,8.31566492,14
47.09500208,7.44654002,14
47.09500042,7.45971135,14
47.09499725,7.47288268,14
47.09499257,7.48605401,14
47.09498638,7.49922533,14
47.09497869,7.51239665,14
47.09496948,7.52556797,14
47.09495876,7.53873929,14
47.09494654,7.55191059,14
47.09232153,8.22362291,14
47.09223081,8.23679293,14
47.09213859,8.24996291,14
47.09204485,8.26313284,14
47.09194961,8.27630272,14
47.09185286,8.28947256,14
47.09175459,8.30264235,14
47.10399536,7.45971489,14
47.10399219,7.47288843,14
47.10398751,7.48606197,14
47.10398132,7.49923550,14
47.10397362,7.51240903,14
47.10396441,7.52558256,14
47.10395369,7.53875609,14
47.10394146,7.55192960,14
47.10392773,7.56510311,14
47.10157916,8.18423772,14
47.10149295,8.19741007,14
47.10140524,8.21058239,14
47.10131602,8.22375466,14
47.10122529,8.23692689,14
47.10113305,8.25009907,14
47.10103930,8.26327122,14
47.10094404,8.27644331,14
47.10084727,8.28961536,14
47.11298242,7.48606993,14
47.11297623,7.49924567,14
47.11296853,7.51242142,14
47.11295932,7.52559716,14
47.11294860,7.53877289,14
47.11293637,7.55194862,14
47.11292263,7.56512434,14
47.11290738,7.57830006,14
47.11289062,7.59147577,14
47.11287235,7.60465147,14
47.11065838,8.17118826,14
47.11057368,8.18436287,14
47.11048746,8.19753744,14
47.11039974,8.21071197,14
47.11031050,8.22388645,14
47.11021975,8.23706089,14
47.11012750,8.25023529,14
47.11003373,8.26340964,14
47.10993846,8.27658395,14
47.12196343,7.51243380,14
47.12195422,7.52561176,14
47.12194350,7.53878970,14
47.12193126,7.55196764,14
47.12191752,7.56514558,14
47.12190227,7.57832351,14
47.12188551,7.59150143,14
47.12186723,7.60467934,14
47.12184745,7.61785724,14
47.12182616,7.63103513,14
47.11989800,8.13178055,14
47.11981781,8.14495749,14
47.11973611,8.15813439,14
47.11965290,8.17131125,14
47.11956818,8.18448807,14
47.11948195,8.19766485,14
47.11939421,8.21084159,14
47.11930496,8.22401829,14
47.11921420,8.23719494,14
47.11912193,8.25037155,14
47.13093837,7.53880652,14
47.13092614,7.55198667,14
47.13091239,7.56516682,14
47.13089714,7.57834696,14
47.13088037,7.59152709,14
47.13086210,7.60470722,14
47.13084231,7.61788733,14
47.13082101,7.63106744,14
47.13079821,7.64424753,14
47.13077389,7.65742762,14
47.13074806,7.67060769,14
47.13072072,7.68378775,14
47.12904841,8.10553852,14
47.12897123,8.11871774,14
47.12889253,8.13189694,14
47.12881233,8.14507609,14
47.12873062,8.15825520,14
47.12864740,8.17143428,14
47.12856266,8.18461331,14
47.12847642,8.19779230,14
47.12838866,8.21097126,14
47.12829940,8.22415016,14
47.13990724,7.56518807,14
47.13989199,7.57837042,14
47.13987522,7.59155277,14
47.13985694,7.60473511,14
47.13983715,7.61791744,14
47.13981585,7.63109975,14
47.13979304,7.64428206,14
47.13976872,7.65746436,14
47.13974288,7.67064664,14
47.13971554,7.68382892,14
47.13968669,7.69701117,14
47.13873181,7.97383419,14
47.13866972,7.98701597,14
47.13819281,8.07928752,14
47.13811864,8.09246904,14
47.13804295,8.10565052,14
47.13796576,8.11883196,14
47.13788705,8.13201336,14
47.13780684,8.14519473,14
47.13772511,8.15837606,14
47.13764188,8.17155735,14
47.13755713,8.18473859,14
47.13747087,8.19791980,14
47.14885176,7.60476300,14
47.14883197,7.61794755,14
47.14881067,7.63113208,14
47.14878785,7.64431660,14
47.14876353,7.65750111,14
47.14873769,7.67068561,14
47.14871034,7.68387010,14
47.14868149,7.69705457,14
47.14865112,7.71023903,14
47.14861924,7.72342347,14
47.14858585,7.73660790,14
47.14855094,7.74979231,14
47.14851453,7.76297671,14
47.14847661,7.77616108,14
47.14843717,7.78934544,14
47.14839623,7.80252978,14
47.14835377,7.81571410,14
47.14830980,7.82889839,14
47.14806731,7.89481954,14
47.14801427,7.90800370,14
47.14795973,7.92118783,14
47.14790368,7.93437194,14
47.14784611,7.94755602,14
47.14778703,7.96074007,14
47.14772645,7.97392409,14
47.14766435,7.98710808,14
47.14760074,8.00029204,14
47.14753562,8.01347597,14
47.14746899,8.02665987,14
47.14740085,8.03984373,14
47.14733120,8.05302757,14
47.14726003,8.06621137,14
47.14718736,8.07939513,14
47.14711317,8.09257886,14
47.14703748,8.10576255,14
47.14696027,8.11894621,14
47.14688155,8.13212983,14
47.14680133,8.14531341,14
47.14671959,8.15849695,14
47.14663634,8.17168045,14
47.15780547,7.63116442,14
47.15778265,7.64435116,14
47.15775832,7.65753788,14
47.15773248,7.67072459,14
47.15770513,7.68391130,14
47.15767626,7.69709798,14
47.15764589,7.71028466,14
47.15761400,7.72347131,14
47.15758061,7.73665796,14
47.15754570,7.74984458,14
47.15750928,7.76303119,14
47.15747135,7.77621778,14
47.15743191,7.78940436,14
47.15739096,7.80259091,14
47.15734850,7.81577744,14
47.15730452,7.82896395,14
47.15725904,7.84215045,14
47.15721204,7.85533691,14
47.15716353,7.86852336,14
47.15711351,7.88170978,14
47.15706198,7.89489618,14
47.15700894,7.90808255,14
47.15695439,7.92126890,14
47.15689833,7.93445522,14
47.15684075,7.94764151,14
47.15678166,7.96082778,14
47.15672107,7.97401401,14
47.15665896,7.98720022,14
47.15659534,8.00038639,14
47.15653021,8.01357254,14
47.15646357,8.02675865,14
47.15639542,8.03994473,14
47.15632575,8.05313078,14
47.15625458,8.06631679,14
47.15618189,8.07950277,14
47.15610769,8.09268872,14
47.15603199,8.10587463,14
47.15595477,8.11906050,14
47.15587604,8.13224633,14
47.16672724,7.67076359,14
47.16669989,7.68395251,14
47.16667102,7.69714141,14
47.16664064,7.71033030,14
47.16660875,7.72351917,14
47.16657535,7.73670803,14
47.16654044,7.74989687,14
47.16650401,7.76308570,14
47.16646608,7.77627450,14
47.16642663,7.78946329,14
47.16638567,7.80265206,14
47.16634320,7.81584081,14
47.16629922,7.82902954,14
47.16625372,7.84221824,14
47.16620672,7.85540693,14
47.16615820,7.86859559,14
47.16610818,7.88178423,14
47.16605664,7.89497284,14
47.16600359,7.90816143,14
47.16594903,7.92134999,14
47.16589295,7.93453853,14
47.16583537,7.94772703,14
47.16577628,7.96091551,14
47.16571567,7.97410397,14
47.16565355,7.98729239,14
47.16558992,8.00048078,14
47.16552478,8.01366914,14
47.16545813,8.02685747,14
47.16538996,8.04004577,14
47.16532029,8.05323403,14
47.16524910,8.06642226,14
47.16517640,8.07961045,14
47.16510219,8.09279861,14
47.16502647,8.10598674,14
47.17563537,7.71037595,14
47.17560348,7.72356705,14
47.17557007,7.73675812,14
47.17553515,7.74994918,14
47.17549872,7.76314022,14
47.17546078,7.77633124,14
47.17542133,7.78952225,14
47.17538036,7.80271323,14
47.17533788,7.81590420,14
47.17529389,7.82909514,14
47.17524839,7.84228606,14
47.17520138,7.85547696,14
47.17515286,7.86866784,14
47.17510282,7.88185870,14
47.17505128,7.89504953,14
47.17499822,7.90824033,14
47.17494365,7.92143111,14
47.17488757,7.93462186,14
47.17482997,7.94781258,14
47.17477087,7.96100328,14
47.17471025,7.97419395,14
47.17451933,8.01376577,14
47.17445267,8.02695632,14
47.17438449,8.04014683,14
47.17431480,8.05333731,14
47.17424361,8.06652776,14
47.17417090,8.07971817,14
47.17409667,8.09290854,14
47.18428855,7.82916077,14
47.18424304,7.84235391,14
47.18419602,7.85554702,14
47.18414749,7.86874012,14
47.18409745,7.88193319,14
47.18404589,7.89512624,14
47.18399283,7.90831926,14
47.18393825,7.92151225,14
