45.872083227216,7.987225522802,14
45.872019625279,8.000102727266,14
45.871954547658,8.012979900047,14
45.871887994355,8.025857040418,14
45.871819965369,8.038734147654,14
45.871750460700,8.051611221027,14
45.871679480347,8.064488259811,14
45.882133950601,7.691084142409,14
45.881933814313,7.768362971013,14
45.881895292505,7.781242714910,14
45.881260199252,7.948677362094,14
45.881201014406,7.961556769254,14
45.881140353628,7.974436146910,14
45.881078216919,7.987315494338,14
45.881014604278,8.000194810810,14
45.880949515706,8.013074095599,14
45.880882951203,8.025953347978,14
45.880814910769,8.038832567222,14
45.880745394403,8.051711752603,14
45.880674402106,8.064590903394,14
45.880601933877,8.077470018870,14
45.891184045496,7.665361595290,14
45.891157326644,7.678243580395,14
45.891129131612,7.691125551984,14
45.891099460401,7.704007509330,14
45.891068313010,7.716889451708,14
45.891035689440,7.729771378389,14
45.891001589689,7.742653288647,14
45.890966013759,7.755535181756,14
45.890928961650,7.768417056989,14
45.890890433360,7.781298913619,14
45.890850428891,7.794180750920,14
45.890808948243,7.807062568165,14
45.890765991414,7.819944364628,14
45.890675649219,7.845707892298,14
45.890628263852,7.858589622052,14
45.890369194320,7.922997900951,14
45.890312951875,7.935879477669,14
45.890255233250,7.948761026338,14
45.890196038445,7.961642546231,14
45.890135367461,7.974524036622,14
45.890073220297,7.987405496783,14
45.890009596953,8.000286925988,14
45.889944497430,8.013168323510,14
45.889877921727,8.026049688623,14
45.889809869844,8.038931020600,14
45.889740341782,8.051812318715,14
45.889669337540,8.064693582240,14
45.889596857118,8.077574810449,14
45.889447467736,8.103337158012,14
45.889370558776,8.116218275913,14
45.900204496106,7.652514680815,14
45.900179249187,7.665398792168,14
45.900152525840,7.678282890732,14
45.900124326066,7.691166975780,14
45.900094649863,7.704051046586,14
45.900063497232,7.716935102422,14
45.900030868173,7.729819142562,14
45.899996762686,7.742703166279,14
45.899961180772,7.755587172847,14
45.899924122429,7.768471161539,14
45.899885587658,7.781355131629,14
45.899845576459,7.794239082389,14
45.899804088832,7.807123013093,14
45.899761124778,7.820006923014,14
45.899716684295,7.832890811426,14
45.899670767384,7.845774677602,14
45.899623374045,7.858658520816,14
45.899574504278,7.871542340340,14
45.899524158084,7.884426135448,14
45.899472335461,7.897309905413,14
45.899419036410,7.910193649509,14
45.899364260931,7.923077367009,14
45.899308009024,7.935961057187,14
45.899250280690,7.948844719315,14
45.899191075927,7.961728352667,14
45.899130394736,7.974611956516,14
45.899068237117,7.987495530136,14
45.899004603070,8.000379072800,14
45.898939492596,8.013262583782,14
45.898872905693,8.026146062354,14
45.898804842362,8.039029507790,14
45.898735302603,8.051912919363,14
45.898664286416,8.064796296347,14
45.898591793802,8.077679638015,14
45.898517824759,8.090562943641,14
45.898442379288,8.103446212497,14
45.898365457389,8.116329443857,14
45.898287059062,8.129212636994,14
45.909223491742,7.639663538678,14
45.909199717253,7.652549776279,14
45.909174466087,7.665436001817,14
45.909147738246,7.678322214565,14
45.909119533728,7.691208413798,14
45.909089852533,7.704094598788,14
45.909058694663,7.716980768808,14
45.909026060116,7.729866923133,14
45.908991948893,7.742753061035,14
45.908956360993,7.755639181787,14
45.908919296417,7.768525284664,14
45.908880755165,7.781411368938,14
45.908840737236,7.794297433883,14
45.908799242631,7.807183478771,14
45.908756271350,7.820069502877,14
45.908711823392,7.832955505474,14
45.908665898758,7.845841485834,14
45.908618497448,7.858727443232,14
45.908569619461,7.871613376941,14
45.908519264798,7.884499286233,14
45.908467433459,7.897385170383,14
45.908414125443,7.910271028664,14
45.908359340751,7.923156860349,14
45.908303079383,7.936042664711,14
45.908245341338,7.948928441023,14
45.908186126618,7.961814188560,14
45.908125435220,7.974699906594,14
45.907730276633,8.052013554548,14
45.907659248502,8.064899045717,14
45.907586743694,8.077784501569,14
45.907512762210,8.090669921379,14
45.907437304049,8.103555304420,14
45.907360369212,8.116440649964,14
45.907281957699,8.129325957286,14
45.907202069509,8.142211225659,14
45.918218729862,7.639696531276,14
45.918194951375,7.652584883786,14
45.918169695963,7.665473224235,14
45.918142963627,7.678361551893,14
45.918114754365,7.691249866036,14
45.918053905069,7.717026450867,14
45.918021265034,7.729914720101,14
45.917987148074,7.742802972913,14
45.917951554190,7.755691208576,14
45.917835910988,7.794355805402,14
45.917794409405,7.807243965200,14
45.917751430897,7.820132104216,14
45.917706975465,7.833020221723,14
45.917661043108,7.845908316994,14
45.917613633826,7.858796389302,14
45.917564747620,7.871684437921,14
45.917462544433,7.897460461183,14
45.917409227452,7.910348434374,14
45.917354433547,7.923236380969,14
45.917298162717,7.936124300241,14
45.916581706561,8.077889401111,14
45.916507712636,8.090776935831,14
45.916432241785,8.103664433781,14
45.916355294010,8.116551894236,14
45.916276869310,8.129439316468,14
45.916196967686,8.142326699751,14
45.916115589137,8.155214043358,14
45.916032733663,8.168101346562,14
45.927325655003,7.562386513691,14
45.927257114176,7.613948565618,14
45.927236286037,7.626839055710,14
45.927213980725,7.639729535192,14
45.927190198239,7.652620003339,14
45.927164938581,7.665510459422,14
45.926746603187,7.820194727032,14
45.926559888520,7.871755523279,14
45.925350231550,8.116663176672,14
45.925271793664,8.129552714540,14
45.925191878605,8.142442213458,14
45.925110486373,8.155331672701,14
45.925027616967,8.168221091540,14
45.936334381683,7.549514182159,14
45.936320937149,7.562406830759,14
45.936306015193,7.575299472383,14
45.936289615817,7.588192106304,14
45.936271739018,7.601084731795,14
45.936252384799,7.613977348131,14
45.936231553158,7.626869954584,14
45.936209244096,7.639762550427,14
45.936185457613,7.652655134935,14
45.935555041930,7.871826633016,14
45.934345181600,8.116774497272,14
45.934266730527,8.129666151501,14
45.934186802033,8.142557766781,14
45.934105396117,8.155449342385,14
45.934022512781,8.168340877586,14
45.945374747289,7.485058481467,14
45.945368688843,7.497953271133,14
45.945361152728,7.510848057457,14
45.945352138943,7.523742839712,14
45.945329678364,7.549532389106,14
45.945316231570,7.562427154792,14
45.945301307106,7.575321913502,14
45.945284904973,7.588216664510,14
45.945267025170,7.601111407089,14
45.945247667697,7.614006140511,14
45.945226832555,7.626900864051,14
45.945204519743,7.639795576981,14
45.945180729261,7.652690278575,14
45.943261679665,8.129779627353,14
45.943181737736,8.142673359719,14
45.943100318138,8.155567052409,14
45.943017420869,8.168460704697,14
45.942933045931,8.181354315856,14
45.954379374469,7.446375370366,14
45.954377748760,7.459272283513,14
45.954374645132,7.472169195497,14
45.954370063586,7.485066105592,14
45.954364004122,7.497963013070,14
45.954356466740,7.510859917206,14
45.954347451441,7.523756817273,14
45.954336958223,7.536653712544,14
45.954324987087,7.549550602292,14
45.954311538033,7.562447485790,14
45.954296611061,7.575344362313,14
45.954280206172,7.588241231133,14
45.954262323364,7.601138091524,14
45.954242962638,7.614034942759,14
45.954222123994,7.626931784111,14
45.954199807432,7.639828614853,14
45.952095252200,8.155684802775,14
45.952012341001,8.168580572875,14
45.951927951883,8.181476301846,14
45.951665917021,8.220163234715,14
45.963374851957,7.433477609368,14
45.963374704140,7.446376641489,14
45.963373078157,7.459275673173,14
45.963369974008,7.472174703695,14
45.963365391692,7.485073732328,14
45.963359331210,7.497972758345,14
45.963351792562,7.510871781018,14
45.963342775747,7.523770799623,14
45.963332280766,7.536669813432,14
45.963320307619,7.549568821718,14
45.963306856305,7.562467823754,14
45.963257633366,7.601164785101,14
45.963238269387,7.614063754874,14
45.961090198072,8.155802593482,14
45.961007272940,8.168700482120,14
45.960922869643,8.181598329628,14
45.960836988179,8.194496135281,14
45.960749628549,8.207393898351,14
45.960660790752,8.220291618111,14
45.972366053667,7.407674460493,14
45.972370193228,7.433476761663,14
45.972370045386,7.446377913047,14
45.972368419130,7.459279063995,14
45.972365314459,7.472180213780,14
45.972360731374,7.485081361676,14
45.972354669874,7.497982506956,14
45.972347129959,7.510883648894,14
45.972327614885,7.536685919834,14
45.972302186153,7.562488168683,14
45.970085155519,8.155920424529,14
45.970002216456,8.168820432431,14
45.969917798979,8.181720399203,14
45.969831903086,8.194620324119,14
45.969744528780,8.207520206452,14
45.969655676058,8.220420045476,14
45.969565344922,8.233319840464,14
45.981364215044,7.420572642585,14
45.981365545841,7.433475913667,14
45.981365397975,7.446379185040,14
45.981363771445,7.459282455977,14
45.981356082398,7.485088993637,14
45.978997171314,8.168940423808,14
45.978912739656,8.181842510569,14
45.978826829336,8.194744555474,14
45.978739440353,8.207646557797,14
45.978650572707,8.220548516810,14
45.978560226397,8.233450431787,14
45.978468401425,8.246352302001,14
45.990346712014,7.381853507204,14
45.990352479768,7.394758893769,14
45.990356768611,7.407664282805,14
45.990359578543,7.420569673584,14
45.990360909563,7.433475065381,14
45.990360761672,7.446380457469,14
45.990359134869,7.459285849121,14
45.987821766695,8.194868829347,14
45.987734363035,8.207772952384,14
45.987645480464,8.220677032112,14
45.987555118981,8.233581067803,14
45.987463278588,8.246485058732,14
45.987369959282,8.259389004172,14
45.987275161066,8.272292903395,14
45.987178883938,8.285196755676,14
45.987081127899,8.298100560288,14
45.986981892949,8.311004316504,14
45.999326109303,7.356029167176,14
45.999334836346,7.368936668060,14
45.999342084228,7.381844172868,14
45.999347852951,7.394751680873,14
45.999352142514,7.407659191349,14
45.996729296593,8.207899390215,14
45.996640399097,8.220805591382,14
45.996550022441,8.233711748514,14
45.996458166626,8.246617860883,14
45.996364831651,8.259523927763,14
45.996270017516,8.272429948427,14
45.996173724222,8.285335922148,14
45.996075951768,8.298241848199,14
45.995976700154,8.311147725855,14
45.995875969381,8.324053554388,14
45.995773759448,8.336959333072,14
45.995670070355,8.349865061179,14
46.008311281562,7.343105966917,14
46.008321489477,7.356015585316,14
46.008330217985,7.368925208366,14
46.008337467084,7.381834835339,14
46.008343236775,7.394744465510,14
46.008347527058,7.407654098151,14
46.005635328372,8.220934194622,14
46.005544936543,8.233842473919,14
46.005453065306,8.246750708454,14
46.005264884609,8.272567040329,14
46.005168575148,8.285475136215,14
46.005070786279,8.298383184433,14
46.004971518002,8.311291184254,14
46.004870770317,8.324199134953,14
46.004768543225,8.337107035802,14
46.004664836724,8.350014886076,14
46.004559650815,8.362922685046,14
46.004452985498,8.375830431988,14
46.017281812205,7.317266791801,14
46.017294981146,7.330178521610,14
46.017306670432,7.343090257522,14
46.017316880060,7.356001998812,14
46.017325610033,7.368913744753,14
46.017332860349,7.381825494618,14
46.017338631008,7.394737247679,14
46.014163436483,8.285614397880,14
46.014065631199,8.298524568988,14
46.013966346259,8.311434691701,14
46.013865581663,8.324344765291,14
46.013763337410,8.337254789031,14
46.013659613501,8.350164762196,14
46.013554409936,8.363074684058,14
46.013447726714,8.375984553890,14
46.013339563836,8.388894370967,14
46.026277207078,7.317246829803,14
46.026290378229,7.330160683229,14
46.026302069476,7.343074542758,14
46.026312280819,7.355988407665,14
46.026321012256,7.368902277222,14
46.026328263789,7.381816150704,14
46.022758141771,8.337402592759,14
46.022654400454,8.350314689540,14
46.022549179232,8.363226735019,14
46.022442478106,8.376138728468,14
46.022334297075,8.389050669162,14
46.022224636139,8.401962556373,14
46.022113495298,8.414874389374,14
46.035272611893,7.317226860986,14
46.035285785255,7.330142838753,14
46.035297478463,7.343058822625,14
46.035307691519,7.355974811874,14
46.035316424422,7.368890805774,14
46.031649197349,8.350464668109,14
46.031543958471,8.363378837930,14
46.031437239439,8.376292955722,14
46.031329040255,8.389207020758,14
46.031219360918,8.402121032311,14
46.031108201428,8.415034989654,14
46.030995561784,8.427948892062,14
46.044253370444,7.304288789342,14
46.044268026417,7.317206885347,14
46.044281201989,7.330124988183,14
46.044292897159,7.343043097123,14
46.040432010482,8.376447235651,14
46.040323793145,8.389363425754,14
46.040214095406,8.402279562375,14
46.040102917266,8.415195644787,14
46.039990258724,8.428111672262,14
46.039876119781,8.441027644075,14
46.053232652903,7.291346466850,14
46.053248791985,7.304266681091,14
46.053263450417,7.317186902889,14
46.053276628199,7.330107131518,14
46.053288325331,7.343027366251,14
46.049318555510,8.389519884152,14
46.049208839369,8.402438146566,14
46.049097642579,8.415356354771,14
46.048984965140,8.428274508040,14
46.048870807050,8.441192605647,14
46.048755168311,8.454110646864,14
46.062228080980,7.291322224533,14
46.062244222768,7.304244565293,14
46.062258883658,7.317166913610,14
46.062272063650,7.330089268758,14
46.062283762745,7.343011630010,14
46.058092377135,8.415517119608,14
46.057979680797,8.428437399396,14
46.057865503562,8.441357623521,14
46.057749845428,8.454277791257,14
46.071205892424,7.278373514224,14
46.071223518065,7.291297973945,14
46.071239662560,7.304222441950,14
46.071254325909,7.317146917512,14
46.067087120700,8.415677939296,14
46.066974405464,8.428600346329,14
46.066860209082,8.441522697698,14
46.066744531553,8.454444992679,14
46.080161633952,7.252493979772,14
46.080182225338,7.265420548715,14
46.080201335329,7.278347127395,14
46.080218963926,7.291273715086,14
46.080235111128,7.304200311060,14
46.080249776935,7.317126914593,14
46.076081873040,8.415838813836,14
46.075969138906,8.428763348839,14
46.075854923377,8.441687828179,14
46.075739226454,8.454612251130,14
46.089157078745,7.252463326555,14
46.089177673583,7.265392024193,14
46.089196786777,7.278320731569,14
46.089214418329,7.291249447955,14
46.089230568238,7.304178172626,14
46.089245236504,7.317106904853,14
46.085076633923,8.415999743229,14
46.084963880891,8.428926406927,14
46.084849646215,8.441853014963,14
46.084733929897,8.454779566609,14
46.098130451666,7.239501846294,14
46.098152531846,7.252432662889,14
46.098173130136,7.265363489949,14
46.098192246534,7.278294326746,14
46.098209881041,7.291225172553,14
46.094071403114,8.416160727473,14
46.093958631184,8.429089520593,14
46.093844377362,8.442018258050,14
46.093728641649,8.454946939117,14
46.107102343122,7.226536106481,14
46.107125909142,7.239469042033,14
46.107147993023,7.252401988776,14
46.107168594765,7.265334945982,14
46.107187714367,7.278267912926,14
46.102953389553,8.429252689836,14
46.102839116585,8.442183557440,14
46.102723361477,8.455114368654,14
46.116072752135,7.213566105668,14
46.116097804492,7.226501160175,14
46.116121374462,7.239436226599,14
46.116143462043,7.252371304214,14
46.116164067236,7.265306392293,14
46.111948155764,8.429415914657,14
46.111833863649,8.442348913133,14
46.111718089146,8.455281855219,14
46.124920694603,7.148843289536,14
46.124953164338,7.161780405153,14
46.124984151438,7.174717536322,14
46.125013655901,7.187654682315,14
46.125041677727,7.200591842405,14
46.125068216918,7.213529015865,14
46.125093273472,7.226466201970,14
46.125116847389,7.239403399992,14
46.125138938671,7.252340609204,14
46.125159547316,7.265277828881,14
46.120942929584,8.429579195055,14
46.120828618323,8.442514325129,14
46.120712824425,8.455449398813,14
46.120595547891,8.468384415382,14
46.133882183993,7.135856293826,14
46.133916142052,7.148795525490,14
46.133948617226,7.161734773432,14
46.133979609515,7.174674036924,14
46.134009118920,7.187613315240,14
46.134037145440,7.200552607653,14
46.134063689076,7.213491913437,14
46.134088749827,7.226431231865,14
46.134112327693,7.239370562211,14
46.134134422675,7.252309903747,14
46.129937710779,8.429742531031,14
46.129823380372,8.442679793428,14
46.129707567079,8.455616999436,14
46.129590270902,8.468554148328,14
46.142877632897,7.135806380480,14
46.142911596643,7.148747745193,14
46.142944077256,7.161689126183,14
46.142975074735,7.174630522724,14
46.143059168376,7.213454798385,14
46.143084233324,7.226396249862,14
46.138932499117,8.429905922584,14
46.138818149563,8.442845318031,14
46.138702316876,8.455784657088,14
46.138585001055,8.468723939029,14
46.151873088710,7.135756450155,14
46.151907058143,7.148699948643,14
46.151939544194,7.161643463408,14
46.151970546864,7.174586993723,14
46.147927294364,8.430069369715,14
46.147812925663,8.443010898936,14
46.147697073581,8.455952371768,14
46.147579738117,8.468893787483,14
46.160868551199,7.135706502853,14
46.160902526319,7.148652135840,14
46.160935017808,7.161597785105,14
46.156922096286,8.430232872424,14
46.156807708439,8.443176536145,14
46.156691836962,8.456120143476,14
46.156574481855,8.469063693692,14
46.156455643119,8.482007186065,14
46.169898000937,7.148604306785,14
46.169930497865,7.161552091276,14
46.165802497657,8.443342229656,14
46.165686606785,8.456287972214,14
46.165569232035,8.469233657655,14
46.165450373407,8.482179285254,14
46.178893481763,7.148556461478,14
46.178925984130,7.161506381920,14
46.178957002370,7.174456317912,14
46.174797293083,8.443507979471,14
46.174681382817,8.456455857980,14
46.174563988424,8.469403679372,14
46.174445109904,8.482351442922,14
46.187854976386,7.135556559077,14
46.187888968566,7.148508599918,14
46.187921476371,7.161460657037,14
46.187952499801,7.174412729706,14
46.183792094486,8.443673785589,14
46.183676164824,8.456623800775,14
46.183558750788,8.469573758844,14
46.183439852377,8.482523659071,14
46.183319469592,8.495473500728,14
46.196814980754,7.122552382622,14
46.196850463244,7.135506543862,14
46.196884461110,7.148460722106,14
46.196916974354,7.161414916627,14
46.192786901630,8.443839648010,14
46.192670952574,8.456791800598,14
46.192553518895,8.469743896070,14
46.192434600592,8.482695933699,14
46.192314197667,8.495647912758,14
46.192192310119,8.508599832522,14
46.205810467185,7.122500212302,14
46.205845955610,7.135456511670,14
46.205879959164,7.148412828041,14
46.205912477846,7.161369160690,14
46.201548292510,8.469914091050,14
46.201429354316,8.482868266807,14
46.201308931251,8.495822383994,14
46.201187023315,8.508776441886,14
46.214805958892,7.122448024278,14
46.214841453252,7.135406462499,14
46.214875462493,7.148364917724,14
46.210543071401,8.470084343784,14
46.210424113316,8.483040658394,14
46.210303670111,8.495996914435,14
46.210181741786,8.508953111180,14
46.223836955937,7.135356396350,14
46.223870970864,7.148316991154,14
46.219537855334,8.470254654272,14
46.219418877358,8.483213108462,14
46.219298414013,8.496171504082,14
46.219176465300,8.509129840406,14
46.219053031219,8.522088116707,14
46.232866484044,7.148269048332,14
46.232899019042,7.161231799718,14
46.232930068423,7.174194566655,14
46.228413646208,8.483385617009,14
46.228293162724,8.496346152933,14
46.228171193623,8.509306629562,14
46.228047738905,8.522267046168,14
46.241827975499,7.135256213119,14
46.241862001800,7.148221089258,14
46.241894542236,7.161185981674,14
46.241925596808,7.174150889641,14
46.237287916010,8.496520860990,14
46.237165926521,8.509483478649,14
46.237042451167,8.522446036285,14
46.250823491910,7.135206096037,14
46.250857523898,7.148173113931,14
46.250890069773,7.161140148103,14
46.246282673639,8.496695628253,14
46.246160663761,8.509660387667,14
46.246037167771,8.522625087059,14
46.259819012430,7.135155961976,14
46.259853050105,7.148125122352,14
46.259885601418,7.161094299004,14
46.255277435376,8.496870454721,14
46.255155405111,8.509837356616,14
46.255031888484,8.522804198489,14
46.254906885496,8.535770979613,14
46.268779006855,7.122134524359,14
46.268814536826,7.135105810937,14
46.268848580187,7.148077114520,14
46.268881136939,7.161048434379,14
46.264272200989,8.497045340394,14
46.264150150335,8.510014385496,14
46.264026613072,8.522983370576,14
46.263901589199,8.535952294906,14
46.277774528957,7.122082212410,14
46.277810064863,7.135055642921,14
46.277844113912,7.148029090435,14
46.277876676102,7.161002554227,14
46.273266970244,8.497220285272,14
46.273144899203,8.510191474307,14
46.273021341303,8.523162603319,14
46.272896296545,8.536133671582,14
46.286733025521,7.109054325320,14
46.286770054469,7.122029882758,14
46.286805596310,7.135005457926,14
46.286839651045,7.147981050099,14
46.286872218674,7.160956658549,14
46.282382347232,8.484421896367,14
46.282261742908,8.497395289356,14
46.282139651479,8.510368623048,14
46.282016072942,8.523341896718,14
46.295765583156,7.121977535401,14
46.295801130932,7.134955255954,14
46.295835191354,7.147932993510,14
46.295867764421,7.160910747343,14
46.291377143212,8.484594814273,14
46.291256518748,8.497570352645,14
46.291134406930,8.510545831721,14
46.291010807757,8.523521250774,14
46.304796668497,7.134905037003,14
46.304830734605,7.147884920668,14
46.304863313111,7.160864820610,14
46.304894404014,7.173844736103,14
46.304924007313,7.186824666420,14
46.300371942133,8.484767790658,14
46.300251297530,8.497745475139,14
46.300129165324,8.510723100324,14
46.300005545514,8.523700665487,14
46.313792208770,7.134854801074,14
46.313826280565,7.147836831574,14
46.313858864510,7.160818878351,14
46.313889960602,7.173800940678,14
46.313919568844,7.186783017830,14
46.309366743764,8.484940825523,14
46.309246079021,8.497920656839,14
46.309123926426,8.510900428859,14
46.309000285981,8.523880140856,14
46.322787751519,7.134804548168,14
46.322821829001,7.147788726227,14
46.322854418384,7.160772920564,14
46.322885519667,7.173757130452,14
46.318361547870,8.485113918868,14
46.318240862987,8.498095897744,14
46.318118690005,8.511077817324,14
46.317995028922,8.524059676881,14
46.331783296510,7.134754278283,14
46.331817379679,7.147740604628,14
46.331849974500,7.160726947251,14
46.331881080973,7.173713305425,14
46.331910699099,7.186699678422,14
46.327356354219,8.485287070693,14
46.327235649196,8.498271197854,14
46.327113455825,8.511255265720,14
46.326989774106,8.524239273563,14
46.340778843510,7.134703991421,14
46.340812932366,7.147692466777,14
46.340845532626,7.160680958411,14
46.340876644289,7.173669465596,14
46.336351162576,8.485460280998,14
46.336230437413,8.498446557170,14
46.336108223654,8.511432774047,14
46.335984521299,8.524418930901,14
46.349774392285,7.134653687580,14
46.349808486828,7.147644312673,14
46.349841092526,7.160634954044,14
46.349872209380,7.173625610965,14
46.345345972709,8.485633549782,14
46.345225227406,8.498621975691,14
46.345102993259,8.511610342305,14
46.344979270267,8.524598648895,14
46.358804042833,7.147596142317,14
46.358836653969,7.160588934150,14
46.358867776013,7.173581741534,14
46.358897408964,7.186574563741,14
46.354340784384,8.485806877046,14
46.354220018942,8.498797453418,14
46.354097764406,8.511787970493,14
46.353974020778,8.524778427546,14
46.367799600146,7.147547955708,14
46.367832216721,7.160542898729,14
46.367863343955,7.173537857301,14
46.367892981848,7.186532830696,14
46.363335597368,8.485980262790,14
46.363214811786,8.498972990349,14
46.363092536862,8.511965658613,14
46.362968772597,8.524958266854,14
46.376827780549,7.160496847782,14
46.376858912973,7.173493958267,14
46.376888555807,7.186491083576,14
46.376916709052,7.199488222982,14
46.372330411427,8.486153707013,14
46.372209605705,8.499148586486,14
46.372087310394,8.512143406663,14
46.371963525492,8.525138166818,14
46.385823345219,7.160450781307,14
46.385854482833,7.173450044431,14
46.385884130609,7.186449322379,14
46.381325226329,8.486327209717,14
46.381204400467,8.499324241829,14
46.381082084767,8.512321214645,14
46.380958279230,8.525318127438,14
46.394786277607,7.147403298368,14
46.394818910497,7.160404699305,14
46.394850053302,7.173406115794,14
46.394879706020,7.186407547107,14
46.390320041840,8.486500770900,14
46.390199195838,8.499499956377,14
46.390076859750,8.512499082557,14
46.389953033576,8.525498148715,14
46.403781837822,7.147355046749,14
46.403814476151,7.160358601777,14
46.403845624146,7.173362172356,14
46.403875281806,7.186365757758,14
46.403903449131,7.199369357259,14
46.399314857726,8.486674390563,14
46.399193991584,8.499675730130,14
46.399071635108,8.512677010400,14
46.398947788297,8.525678230648,14
46.412810041948,7.160312488722,14
46.412841195133,7.173318214116,14
46.412870857734,7.186323954335,14
46.408546974568,8.460840904960,14
46.408429069453,8.473844515754,14
46.408309673754,8.486848068706,14
46.408188787473,8.499851563088,14
46.408066410609,8.512854998174,14
46.407942543161,8.525858373238,14
46.421772958447,7.147258494755,14
46.421805607653,7.160266360140,14
46.421836766028,7.173274241075,14
46.421866433572,7.186282136835,14
46.421894610284,7.199290046692,14
46.417423905281,8.474016096835,14
46.417304489692,8.487021805328,14
46.417183583270,8.500027455252,14
46.430801173034,7.160220216031,14
46.430832336599,7.173230253233,14
46.430862009084,7.186240305259,14
46.430890190490,7.199250371383,14
46.426418740786,8.474187735671,14
46.426299305304,8.487195600430,14
46.426178378743,8.500203406621,14
46.439796737857,7.160174056395,14
46.439827906612,7.173186250589,14
46.439857584040,7.186198459608,14
46.439885770139,7.199210682724,14
46.435648012494,8.448339215955,14
46.435531539777,8.461349352666,14
46.435413575732,8.474359432260,14
46.435294120360,8.487369454013,14
46.435173173659,8.500379417195,14
46.448823475834,7.173142233144,14
46.448853158203,7.186156599881,14
46.448881348996,7.199170980715,14
46.448908048213,7.212185374920,14
46.444642885687,8.448506654863,14
46.444526393576,8.461518949292,14
46.444408409888,8.474531186604,14
46.444288934623,8.487543366074,14
46.457819044032,7.173098200898,14
46.457848731343,7.186114726078,14
46.457876926829,7.199131265356,14
46.457903630491,7.212147818004,14
46.453752777538,8.435659640813,14
46.453637757856,8.448674150075,14
46.453521246350,8.461688602947,14
46.453403243019,8.474702998703,14
46.453283747863,8.487717336616,14
46.466814610972,7.173054153851,14
46.466844303225,7.186072838200,14
46.466872503404,7.199091536646,14
46.466899211511,7.212110248463,14
46.466924427545,7.225128972924,14
46.462747667596,8.435825033159,14
46.462632628768,8.448841701589,14
46.462516097866,8.461858313630,14
46.462398074892,8.474874868555,14
46.462278559845,8.487891365637,14
46.475839873615,7.186030936245,14
46.475868078489,7.199051794586,14
46.475894791040,7.212072666298,14
46.475920011271,7.225093550653,14
46.475943739180,7.238114446926,14
46.471856121816,8.422971597094,14
46.471742556163,8.435990481082,14
46.471627498188,8.449009309406,14
46.471510947892,8.462028081342,14
46.484835442282,7.185989020215,14
46.484863651848,7.199012039176,14
46.484890368845,7.212035071508,14
46.484915593273,7.225058116484,14
46.484939325130,7.238081173377,14
46.480851027556,8.423134939974,14
46.480737443005,8.436155984582,14
46.480622365883,8.449176973527,14
46.480505796193,8.462197906083,14
46.480387733932,8.475218781522,14
46.493859223250,7.198972270416,14
46.493885944692,7.211997464093,14
46.493911173317,7.225022670415,14
46.493934909123,7.238047888653,14
46.493957152111,7.251073118083,14
46.489732327889,8.436321543660,14
46.489617231621,8.449344693951,14
46.489500642536,8.462367787852,14
46.502881518348,7.211959844054,14
46.502906751169,7.224987212447,14
46.502930490924,7.238014592757,14
46.502952737612,7.251041984257,14
46.502973491234,7.264069386222,14
46.498952962212,8.410436367331,14
46.498840832930,8.423461790291,14
46.498727210583,8.436487158316,14
46.498612095168,8.449512470678,14
46.498495486688,8.462537726650,14
46.498377385141,8.475562925507,14
46.511877089580,7.211922211390,14
46.511902326598,7.224951742579,14
46.511926070301,7.237981285686,14
46.511948320689,7.251010839984,14
46.511969077763,7.264040404745,14
46.507947880029,8.410597711970,14
46.507835732097,8.423625297728,14
46.507722090851,8.436652828549,14
46.507606956291,8.449680303708,14
46.507490328415,8.462707722477,14
46.520897899368,7.224916260813,14
46.520921647020,7.237947967442,14
46.520943901109,7.250979685262,14
46.520964661634,7.264011413546,14
46.516942795188,8.410759110736,14
46.516830628607,8.423788860016,14
46.516716968462,8.436818554360,14
46.529893469248,7.224880767148,14
46.529917220848,7.237914638025,14
46.529939478637,7.250948520092,14
46.529960242614,7.263982412624,14
46.529979512781,7.277016314893,14
46.525937707456,8.410920563629,14
46.525825522225,8.423952477156,14
46.525711843182,8.436984335748,14
46.525596670329,8.450016138677,14
46.538912791552,7.237881297434,14
46.538935053041,7.250917344475,14
46.538955820470,7.263953401980,14
46.538975093840,7.276989469222,14
46.535043326421,8.398047937937,14
46.534932616600,8.411082070648,14
46.534820412719,8.424116149149,14
46.534706714778,8.437150172714,14
46.547930624086,7.250886158409,14
46.547951394968,7.263924381613,14
46.547970671541,7.276962614555,14
46.547988453806,7.290000856507,14
46.548004741763,7.303039106743,14
46.544147484523,8.385170981492,14
46.544038250608,8.398207333384,14
46.543927522385,8.411243631793,14
46.543815299854,8.424279875993,14
46.556903922652,7.237814582731,14
46.556926191541,7.250854961896,14
46.556946965874,7.263895351524,14
46.556966245651,7.276935750890,14
46.556984030871,7.289976159267,14
46.557000321535,7.303016575927,14
46.553142423272,8.385328263914,14
46.553033171204,8.398366782231,14
46.565942532956,7.263866311713,14
46.565961815937,7.276908878229,14
46.565979604112,7.289951453755,14
46.565995897483,7.302994037566,14
46.566010696049,7.316036628934,14
46.562245133613,8.372444860790,14
46.562137358197,8.385485599012,14
46.562028087976,8.398526284479,14
46.574938095981,7.263837262179,14
46.574957382165,7.276881996570,14
46.574975173295,7.289926739973,14
46.574991469373,7.302971491659,14
46.575006270398,7.316016250903,14
46.575019576369,7.329061016977,14
46.571451183869,8.346514113129,14
46.571346380654,8.359557122560,14
46.571240082385,8.372600080687,14
46.571132289064,8.385642986786,14
46.571023000690,8.398685840128,14
46.583952944101,7.276855105915,14
46.583970738187,7.289902017919,14
46.583987036972,7.302948938206,14
46.584001840455,7.315995866051,14
46.584015148637,7.329042800727,14
46.584026961517,7.342089741507,14
46.580651318757,8.320574540710,14
46.580549488737,8.333619819167,14
46.580446163414,8.346665047774,14
46.580341342791,8.359710225806,14
46.580235026866,8.372755352535,14
46.580127215640,8.385800427235,14
46.592966298555,7.289877287594,14
46.592982600046,7.302926377208,14
46.592997405988,7.315975474380,14
46.593010716380,7.329024578382,14
46.593022531222,7.342073688488,14
46.593032850515,7.355122803972,14
46.589942895349,8.281578552020,14
46.589845535065,8.294626144991,14
46.589746679232,8.307673690294,14
46.589646327850,8.320721187200,14
46.589544480917,8.333768634984,14
46.589441138435,8.346816032918,14
46.589336300404,8.359863380277,14
46.589229966823,8.372910676332,14
46.589122137692,8.385957920359,14
46.601992966763,7.315955075888,14
46.602006279365,7.329006349942,14
46.602018096169,7.342057630101,14
46.602028417176,7.355108915637,14
46.599128214433,8.255619071251,14
46.599033829580,8.268668927434,14
46.598937948928,8.281718737400,14
46.598840572478,8.294768500424,14
46.598741700230,8.307818215779,14
46.598641332184,8.320867882738,14
46.598539468341,8.333917500574,14
46.598436108699,8.346967068561,14
46.598331253259,8.360016585971,14
46.610988522547,7.315934670576,14
46.611001837359,7.328988115408,14
46.611013656125,7.342041566345,14
46.611023978845,7.355095022659,14
46.611032805518,7.368148483623,14
46.611040136145,7.381201948512,14
46.608307607518,8.229650772284,14
46.608216199087,8.242702889497,14
46.608123294609,8.255754961947,14
46.608028894086,8.268806988907,14
46.607932997516,8.281858969652,14
46.607835604899,8.294910903454,14
46.607736716237,8.307962789587,14
46.607636331528,8.321014627323,14
46.607534450772,8.334066415937,14
46.607431073971,8.347118154702,14
46.619997390129,7.328969874779,14
46.620009210857,7.342025497219,14
46.620019535290,7.355081125037,14
46.620028363429,7.368136757505,14
46.620035695272,7.381192393897,14
46.620041530822,7.394248033486,14
46.620045870076,7.407303675546,14
46.617568006108,8.190619237936,14
46.617481071388,8.203673656580,14
46.617392640373,8.216728032641,14
46.617302713064,8.229782365393,14
46.617211289460,8.242836654109,14
46.617118369561,8.255890898062,14
46.617023953367,8.268945096526,14
46.616928040879,8.281999248774,14
46.616830632096,8.295053354080,14
46.616731727019,8.308107411716,14
46.628992937441,7.328951628056,14
46.629004760131,7.342009422725,14
46.629015086277,7.355067222771,14
46.629023915881,7.368125027468,14
46.629031248942,7.381182836089,14
46.629037085459,7.394240647908,14
46.629041425434,7.407298462197,14
46.629044268866,7.420356278230,14
46.626975447823,8.125460790654,14
46.626895981389,8.138517583540,14
46.626815018413,8.151574337477,14
46.626732558894,8.164631051738,14
46.626648602831,8.177687725597,14
46.626563150226,8.190744358326,14
46.626476201078,8.203800949199,14
46.626387755386,8.216857497489,14
46.626297813152,8.229914002470,14
46.626206374375,8.242970463415,14
46.626113439055,8.256026879598,14
46.626019007191,8.269083250291,14
46.625923078785,8.282139574768,14
46.638010631573,7.355053315862,14
46.638019462642,7.368113293514,14
46.638026796920,7.381173275089,14
46.638032634406,7.394233259862,14
46.638036975101,7.407293247106,14
46.638039819004,7.420353236093,14
46.638041166117,7.433413226098,14
46.636048637494,8.112516084000,14
46.635970654665,8.125575088064,14
46.635891175045,8.138634053905,14
46.635810198634,8.151692980796,14
46.635727725432,8.164751868012,14
46.635643755438,8.177810714825,14
46.635558288653,8.190869520508,14
46.635471325076,8.203928284336,14
46.635382864709,8.216987005581,14
46.635292907549,8.230045683516,14
46.635201453599,8.243104317416,14
46.647022338973,7.381163710897,14
46.647028177428,7.394225869350,14
46.647032518843,7.407288030273,14
46.647035363219,7.420350192941,14
46.647036710554,7.433412356626,14
46.647036560850,7.446474520602,14
46.647034914107,7.459536684142,14
46.647031770323,7.472598846519,14
46.645340864020,8.060383167226,14
46.645195351764,8.086505778645,14
46.645120350077,8.099567030654,14
46.645043851350,8.112628245894,14
46.644965855583,8.125689423637,14
46.644886362777,8.138750563159,14
46.644805372931,8.151811663730,14
46.644722886045,8.164872724626,14
46.644638902120,8.177933745119,14
46.644553421155,8.190994724483,14
46.644466443151,8.204055661990,14
46.644377968106,8.217116556915,14
46.656023714293,7.394218476370,14
46.656028056428,7.407282811700,14
46.656030901275,7.420347148773,14
46.656032248834,7.433411486864,14
46.656032099105,7.446475825245,14
46.656030452089,7.459540163191,14
46.656027307784,7.472604499973,14
46.656022666191,7.485668834867,14
46.656016527310,7.498733167144,14
46.654475668229,8.034359570347,14
46.654406643253,8.047423136573,14
46.654336120988,8.060486668935,14
46.654264101435,8.073550166709,14
46.654190584594,8.086613629166,14
46.654115570465,8.099677055581,14
46.654039059049,8.112740445226,14
46.653961050344,8.125803797376,14
46.653881544351,8.138867111302,14
46.653800541070,8.151930386280,14
46.653718040501,8.164993621581,14
46.653634042645,8.178056816480,14
46.665023587621,7.407277591385,14
46.665026432940,7.420344103589,14
46.665027780723,7.433410616811,14
46.665027630969,7.446477130324,14
46.665025983679,7.459543643401,14
46.665022838853,7.472610155315,14
46.665018196490,7.485676665339,14
46.665012056592,7.498743172748,14
46.665004419156,7.511809676814,14
46.664995284185,7.524876176810,14
46.664984651677,7.537942672011,14
46.663732112287,7.982195466811,14
46.663669066008,7.995261336352,14
46.663604522192,8.008327174936,14
46.663538480839,8.021392981838,14
46.663470941951,8.034458756331,14
46.663401905526,8.047524497688,14
46.663331371565,8.060590205182,14
46.663259340067,8.073655878086,14
46.663185811033,8.086721515675,14
46.663110784463,8.099787117221,14
46.663034260356,8.112852681997,14
46.662956238713,8.125918209278,14
46.662876719534,8.138983698336,14
46.674023156209,7.446478435838,14
46.674021508646,7.459547124771,14
46.674018363298,7.472615812542,14
46.674013720165,7.485684498424,14
46.674007579248,7.498753181689,14
46.673999940547,7.511821861612,14
46.673990804060,7.524890537465,14
46.673980169789,7.537959208522,14
46.673968037733,7.551027874057,14
46.673954407893,7.564096533342,14
46.672964671785,7.930013505837,14
46.672788981644,7.969217906826,14
46.672727422694,7.982285982453,14
46.672664365959,7.995354027851,14
46.672599811440,8.008422042292,14
46.672533759136,8.021490025051,14
46.672466209048,8.034557975400,14
46.672397161175,8.047625892613,14
46.672326615517,8.060693775964,14
46.672254572074,8.073761624726,14
46.672181030847,8.086829438171,14
46.672105991836,8.099897215574,14
46.672029455039,8.112964956207,14
46.671951420458,8.126032659344,14
46.683013880885,7.472621471656,14
46.683009236983,7.485692334120,14
46.683003095047,7.498763193968,14
46.682995455079,7.511834050473,14
46.682986317078,7.524904902908,14
46.682975681044,7.537975750548,14
46.682963546976,7.551046592665,14
46.682949914876,7.564117428533,14
46.682934784743,7.577188257425,14
46.682918156576,7.590259078614,14
46.682069670685,7.903954587017,14
46.682015591694,7.917024979473,14
46.681960014670,7.930095345333,14
46.681902939612,7.943165683870,14
46.681844366522,7.956235994358,14
46.681784295399,7.969306276069,14
46.681722726242,7.982376528278,14
46.681659659053,7.995446750258,14
46.681595093831,8.008516941282,14
46.681529030575,8.021587100623,14
46.681461469287,8.034657227554,14
46.681392409966,8.047727321350,14
46.691990962521,7.511846243397,14
46.691981823004,7.524919273140,14
46.691971185207,7.537992298088,14
46.691959049128,7.551065317513,14
46.691945414768,7.564138330689,14
46.691930282127,7.577211336888,14
46.691913651204,7.590284335385,14
46.691895522000,7.603357325453,14
46.691875894514,7.616430306364,14
46.691854768747,7.629503277393,14
46.691218298837,7.864814237578,14
46.691168705725,7.877886882770,14
46.691117614331,7.890959503545,14
46.691065024657,7.904032099178,14
46.691010936700,7.917104668942,14
46.690955350463,7.930177212109,14
46.690898265944,7.943249727954,14
46.690839683144,7.956322215750,14
46.690779602063,7.969394674770,14
46.690718022700,7.982467104286,14
46.690654945056,7.995539503574,14
46.690590369130,8.008611871906,14
46.690524294923,8.021684208555,14
46.700966682046,7.538008851142,14
46.700954543956,7.551084048601,14
46.700940907336,7.564159239810,14
46.700925772186,7.577234424043,14
46.700909138507,7.590309600573,14
46.700891006298,7.603384768674,14
46.700871375559,7.616459927619,14
46.700850246291,7.629535076682,14
46.700827618493,7.642610215135,14
46.700803492165,7.655685342252,14
46.700213670889,7.864885241468,14
46.700164069557,7.877960064693,14
46.700112969695,7.891034863502,14
46.700060371304,7.904109637169,14
46.700006274383,7.917184384966,14
46.699950678932,7.930259106167,14
46.699893584952,7.943333800045,14
46.699834992442,7.956408465874,14
46.699774901402,7.969483102927,14
46.699713311833,7.982557710478,14
46.699650223734,7.995632287799,14
46.709921254688,7.577257518888,14
46.709904618252,7.590334874177,14
46.709886483038,7.603412221038,14
46.709866849046,7.616489558742,14
46.709845716277,7.629566886563,14
46.709823084729,7.642644203775,14
46.709798954403,7.655721509651,14
46.709773325299,7.668798803464,14
46.709746197417,7.681876084488,14
46.709717570758,7.694953351996,14
46.709687445320,7.708030605262,14
46.709655821104,7.721107843558,14
46.709622698110,7.734185066158,14
46.709475218355,7.786493785065,14
46.709348871370,7.825725123830,14
46.709257146156,7.851879243338,14
46.709209035382,7.864956269012,14
46.709159425830,7.878033270996,14
46.709108317501,7.891110248564,14
46.709055710393,7.904187200989,14
46.709001604507,7.917264127545,14
46.708945999843,7.930341027505,14
46.708888896401,7.943417900143,14
46.708830294182,7.956494744731,14
46.708770193184,7.969571560543,14
46.718881951988,7.603439682543,14
46.718862314743,7.616519199732,14
46.718841178471,7.629598707037,14
46.718818543174,7.642678203734,14
46.718794408850,7.655757689095,14
46.718768775499,7.668837162393,14
46.718741643123,7.681916622901,14
46.718713011720,7.694996069894,14
46.718682881291,7.708075502644,14
46.718651251835,7.721154920424,14
46.718618123353,7.734234322509,14
46.718583495845,7.747313708171,14
46.718547369310,7.760393076683,14
46.718509743749,7.773472427320,14
46.718470619162,7.786551759354,14
46.718429995548,7.799631072059,14
46.718387872908,7.812710364707,14
46.718344251242,7.825789636573,14
46.718299130549,7.838868886930,14
46.718252510830,7.851948115050,14
46.718204392085,7.865027320208,14
46.718154774313,7.878106501677,14
46.718103657515,7.891185658729,14
46.727836632641,7.629630538105,14
46.727813993594,7.642712215012,14
46.727789855272,7.655793880582,14
46.727764217675,7.668875534091,14
46.727737080804,7.681957174809,14
46.727708444657,7.695038802012,14
46.727678309237,7.708120414972,14
46.727646674541,7.721202012963,14
46.727613540571,7.734283595257,14
46.727578907326,7.747365161129,14
46.727542774807,7.760446709852,14
46.727505143013,7.773528240699,14
46.727466011944,7.786609752943,14
46.727425381600,7.799691245858,14
46.727383251982,7.812772718716,14
46.727339623089,7.825854170792,14
46.727294494922,7.838935601359,14
46.727247867480,7.852017009690,14
46.727199740763,7.865098395058,14
46.736759651593,7.668913918558,14
46.736732510227,7.681997740213,14
46.736703869337,7.695081548351,14
46.736673728925,7.708165342247,14
46.736642088990,7.721249121173,14
46.736608949531,7.734332884403,14
46.736574310550,7.747416631211,14
46.736538172046,7.760500360870,14
46.736500534019,7.773584072652,14
46.736461396468,7.786667765832,14
46.736420759395,7.799751439682,14
46.736378622799,7.812835093476,14
46.736334986679,7.825918726488,14
46.736289851037,7.839002337991,14
46.736243215872,7.852085927257,14
46.745699285526,7.695124308911,14
46.745669140122,7.708210284468,14
46.745637494947,7.721296245056,14
46.745569705283,7.747468118416,14
46.745533560794,7.760554029736,14
46.745495916533,7.773639923179,14
46.745456772502,7.786725798020,14
46.745416128698,7.799811653532,14
46.745373985124,7.812897488987,14
46.745330341778,7.825983303660,14
46.745285198661,7.839069096824,14
