46.103473927133,7.666242847065,15
46.103138986018,7.795562713931,15
46.103097340685,7.808494602299,15
46.103054213311,7.821426469885,15
46.103009603897,7.834358315962,15
46.102816345838,7.886085470641,15
46.102764326222,7.899017198271,15
46.102710824566,7.911948900032,15
46.112469380329,7.666280345310,15
46.112442550904,7.679214532120,15
46.112414239191,7.692148705415,15
46.112320410318,7.730951136937,15
46.112250446293,7.756819343715,15
46.112213240848,7.769753420654,15
46.112174553113,7.782687478990,15
46.112134383090,7.795621517997,15
46.112092730779,7.808555536948,15
46.112049596179,7.821489535116,15
46.112004979290,7.834423511774,15
46.111958880112,7.847357466197,15
46.111862234891,7.873225305428,15
46.111811688848,7.886159188782,15
46.111759660516,7.899093046995,15
46.111706149895,7.912026879337,15
46.111651156985,7.924960685084,15
46.111594681787,7.937894463508,15
46.111536724300,7.950828213883,15
46.121464841227,7.666317856325,15
46.121438007307,7.679254174443,15
46.121409690851,7.692190479045,15
46.121379891857,7.705126769405,15
46.121348610326,7.718063044796,15
46.121315846259,7.730999304490,15
46.121245870512,7.756871773884,15
46.121208658833,7.769807982130,15
46.121169964618,7.782744171774,15
46.121129787865,7.795680342088,15
46.121088128575,7.808616492347,15
46.121044986749,7.821552621823,15
46.121000362385,7.834488729789,15
46.120954255484,7.847424815519,15
46.120906666047,7.860360878287,15
46.120857594072,7.873296917365,15
46.120807039560,7.886232932028,15
46.120755002511,7.899168921547,15
46.120701482926,7.912104885198,15
46.120646480803,7.925040822252,15
46.120589996143,7.937976731984,15
46.120532028947,7.950912613666,15
46.120472579213,7.963848466573,15
46.120411646942,7.976784289976,15
46.130552835399,7.614601458876,15
46.130485665223,7.653416917168,15
46.130460309594,7.666355380109,15
46.130433471179,7.679293830261,15
46.130405149979,7.692232266897,15
46.130375345994,7.705170689290,15
46.130344059224,7.718109096713,15
46.130311289668,7.731047488441,15
46.130277037327,7.743985863746,15
46.130241302200,7.756924221901,15
46.130204084288,7.769862562181,15
46.130165383591,7.782800883858,15
46.130125200109,7.795739186205,15
46.130083533841,7.808677468497,15
46.130040384787,7.821615730006,15
46.129995752949,7.834553970006,15
46.129949638325,7.847492187769,15
46.129902040916,7.860430382570,15
46.129852960721,7.873368553682,15
46.129802397741,7.886306700377,15
46.129750351976,7.899244821930,15
46.129696823426,7.912182917614,15
46.129641812090,7.925120986701,15
46.129585317969,7.938059028466,15
46.129527341062,7.950997042182,15
46.129467881370,7.963935027122,15
46.129406938893,7.976872982558,15
46.129344513631,7.989810907766,15
46.139567754238,7.601689824805,15
46.139548326497,7.614630464396,15
46.139527415722,7.627571094103,15
46.139505021914,7.640511713202,15
46.139481145072,7.653452320964,15
46.139455785196,7.666392916664,15
46.139306740313,7.731095688789,15
46.139272482235,7.744036196853,15
46.139236741124,7.756976687767,15
46.139199516979,7.769917160806,15
46.139160809800,7.782857615241,15
46.138797763158,7.886380493831,15
46.138637150612,7.925201178431,15
46.138580647030,7.938141352955,15
46.138522660413,7.951081499430,15
46.138463190763,7.964021617128,15
46.138402238079,7.976961705324,15
46.138339802362,7.989901763290,15
46.138275883611,8.002841790300,15
46.138143597008,8.028721748546,15
46.138075229156,8.041661678329,15
46.138005378270,8.054601574249,15
46.148581203304,7.588773924477,15
46.148563255592,7.601716706708,15
46.148543824598,7.614659479783,15
46.148522910321,7.627602242975,15
46.148500512763,7.640544995557,15
46.148476631923,7.653487736804,15
46.148451267801,7.666430465988,15
46.148232187049,7.757029171482,15
46.147517986766,7.951165985409,15
46.147458507158,7.964108236592,15
46.147397544268,7.977050458272,15
46.147335098096,7.989992649723,15
46.147271168642,8.002934810217,15
46.147205755905,8.015876939029,15
46.147138859887,8.028819035432,15
46.147070480587,8.041761098699,15
46.147000618005,8.054703128103,15
46.146929272141,8.067645122918,15
46.146856442994,8.080587082416,15
46.157593181618,7.575853756442,15
46.157576714431,7.588798681312,15
46.157558763714,7.601743597753,15
46.157539329467,7.614688505037,15
46.157518411689,7.627633402439,15
46.157496010381,7.640578289232,15
46.157472125543,7.653523164688,15
46.157446757174,7.666468028082,15
46.156392857225,7.977139241403,15
46.156330400598,7.990083567064,15
46.156266460441,8.003027861768,15
46.156201036753,8.015972124790,15
46.156134129535,8.028916355403,15
46.156065738787,8.041860552880,15
46.155995864508,8.054804716493,15
46.155924506699,8.067748845518,15
46.155851665360,8.080692939227,15
46.155777340490,8.093636996893,15
46.155701532090,8.106581017789,15
46.166617190588,7.549982244766,15
46.166603688202,7.562929319250,15
46.166588702038,7.575876386758,15
46.166572232095,7.588823446563,15
46.166554278373,7.601770497939,15
46.166534840872,7.614717540159,15
46.166513919593,7.627664572497,15
46.166491514535,7.640611594225,15
46.166467625699,7.653558604617,15
46.165261758776,8.003120944954,15
46.165196324137,8.016067342911,15
46.165129405719,8.029013708459,15
46.165061003523,8.041960040871,15
46.164991117547,8.054906339421,15
46.164919747793,8.067852603381,15
46.164846894261,8.080798832025,15
46.164772556950,8.093745024626,15
46.164696735860,8.106691180458,15
46.164619430991,8.119637298794,15
46.164540642344,8.132583378908,15
46.164460369918,8.145529420072,15
46.175635279288,7.524102173139,15
46.175624742697,7.537051395056,15
46.175612722078,7.550000611450,15
46.175599217432,7.562949821595,15
46.175584228759,7.575899024764,15
46.175567756060,7.588848220231,15
46.175549799333,7.601797407268,15
46.174191617823,8.016162593392,15
46.173986376889,8.055007996884,15
46.173914995190,8.067956396505,15
46.173842129464,8.080904760810,15
46.173767779711,8.093853089073,15
46.173691945932,8.106801380566,15
46.173614628125,8.119749634563,15
46.173535826291,8.132697850337,15
46.173455540431,8.145646027162,15
46.173373770543,8.158594164311,15
46.173290516628,8.171542261058,15
46.184647444505,7.498213543022,15
46.184639874701,7.511164910190,15
46.184630820622,7.524116273290,15
46.184620282267,7.537067631594,15
46.184608259636,7.550018984375,15
46.184594752731,7.562970330906,15
46.184579761550,7.575921670462,15
46.184563286094,7.588873002315,15
46.184545326362,7.601824325738,15
46.182763008542,8.093961190232,15
46.182687162073,8.106911618112,15
46.182609831328,8.119862008496,15
46.182531016307,8.132812360657,15
46.182450717012,8.145762673868,15
46.182368933441,8.158712947404,15
46.182285665595,8.171663180537,15
46.193653683026,7.472316355874,15
46.193649081002,7.485269866114,15
46.193642994455,7.498223373737,15
46.193635423385,7.511176878018,15
46.193626367790,7.524130378230,15
46.193615827672,7.537083873646,15
46.193603803031,7.550037363539,15
46.193590293865,7.562990847182,15
46.193575300176,7.575944323850,15
46.191605040366,8.119974420593,15
46.191526212159,8.132926909866,15
46.191445899429,8.145879360189,15
46.191364102175,8.158831770837,15
46.191280820397,8.171784141082,15
46.202654140114,7.433454961590,15
46.202653991637,7.446410613156,15
46.202652358387,7.459366264285,15
46.202649240366,7.472321914252,15
46.202644637573,7.485277562329,15
46.202638550008,7.498233207790,15
46.202630977671,7.511188849909,15
46.202621920561,7.524144487959,15
46.202611378680,7.537100121212,15
46.202599352027,7.550055748943,15
46.200441087448,8.145996086126,15
46.200359276511,8.158950634611,15
46.200275980801,8.171905142694,15
46.211648367124,7.420496316327,15
46.211649703643,7.433454106165,15
46.211649555141,7.446411896294,15
46.211647921618,7.459369685986,15
46.211644803076,7.472327474516,15
46.211640199513,7.485285261157,15
46.211634110929,7.498243045181,15
46.211626537325,7.511200825863,15
46.211617478701,7.524158602476,15
46.220641113555,7.407533393213,15
46.220643935565,7.420493321323,15
46.220645272307,7.433453250449,15
46.220645123780,7.446413179867,15
46.220643489985,7.459373108848,15
46.220640370920,7.472333036667,15
46.220635766588,7.485292962596,15
46.229636686426,7.407528257179,15
46.229639508908,7.420490325303,15
46.229640845874,7.433452394444,15
46.229640697322,7.446414463875,15
46.229639063253,7.459376532871,15
46.227176670274,8.185229278748,15
46.227090361736,8.198190121712,15
46.238627955247,7.394558912284,15
46.238632263966,7.407523119403,15
46.238635086920,7.420487328267,15
46.238636424109,7.433451538148,15
46.238636275533,7.446415748319,15
46.236171836574,8.185352585366,15
46.236085513608,8.198315569070,15
46.235997704877,8.211278510190,15
46.247617741049,7.381585285187,15
46.247623536502,7.394551631301,15
46.247627845942,7.407517979886,15
46.247630669368,7.420484330215,15
46.247632006780,7.433450681562,15
46.245167007310,8.185475933775,15
46.245080669916,8.198441058945,15
46.244992846508,8.211406141531,15
46.256613325538,7.381575859546,15
46.256619121960,7.394544347852,15
46.256623432120,7.407512838628,15
46.256626256018,7.420481331148,15
46.256627593653,7.433449824685,15
46.253715560517,8.250435227684,15
46.253621777385,8.263402274864,15
46.253526507990,8.276369275828,15
46.253429752334,8.289336229849,15
46.265601630096,7.368595802689,15
46.265608913996,7.381566430714,15
46.265614711387,7.394537061935,15
46.265619022267,7.407507695628,15
46.265621846636,7.420478331065,15
46.262616865997,8.263538564357,15
46.262521580685,8.276507708238,15
46.262424808862,8.289476805176,15
46.262326550529,8.302445854444,15
46.274597221073,7.368584227022,15
46.274604506190,7.381556998688,15
46.274610304549,7.394529773552,15
46.274614616149,7.407502550887,15
46.271611958346,8.263674899995,15
46.271516657115,8.276646187518,15
46.271419869126,8.289617428098,15
46.271321594378,8.302588621009,15
46.283584042210,7.355597735326,15
46.283592815552,7.368572647436,15
46.283600101886,7.381547563470,15
46.283605901213,7.394522482702,15
46.280607054196,8.263811281779,15
46.280511737048,8.276784713669,15
46.280414932892,8.289758098617,15
46.280316641729,8.302731435895,15
46.280216863559,8.315704724778,15
46.279908607008,8.354624293782,15
46.292569376431,7.342606954176,15
46.292579638493,7.355584006729,15
46.292588413300,7.368561063933,15
46.292595700851,7.381538125060,15
46.292601501146,7.394515189385,15
46.289506820249,8.276923286691,15
46.289409999927,8.289898816732,15
46.289311692349,8.302874299104,15
46.289211897516,8.315849733080,15
46.289110615428,8.328825117932,15
46.289007846085,8.341800452936,15
46.288903589486,8.354775737364,15
46.288797845631,8.367750970489,15
46.301564974036,7.342591075117,15
46.301575237811,7.355570273489,15
46.301584014083,7.368549476511,15
46.301591302851,7.381528683458,15
46.301597104115,7.394507893601,15
46.298501906486,8.277061906584,15
46.298405069997,8.290039582444,15
46.298306746005,8.303017210635,15
46.298206934509,8.315994790429,15
46.298105635509,8.328972321101,15
46.298002849006,8.341949801923,15
46.297898574999,8.354927232169,15
46.297792813488,8.367904611113,15
46.297685564473,8.380881938027,15
46.297576827955,8.393859212186,15
46.310548821202,7.329593851150,15
46.310560574443,7.342575190689,15
46.310570839932,7.355556535605,15
46.310579617669,7.368537885172,15
46.310586907654,7.381519238663,15
46.307400142870,8.290180395752,15
46.307301802462,8.303160170487,15
46.307100658392,8.329119574042,15
46.306997854729,8.342099201409,15
46.306893563314,8.355078778199,15
46.306787784146,8.368058303687,15
46.306680517227,8.381037777146,15
46.306571762556,8.394017197849,15
46.306461520133,8.406996565069,15
46.319544422217,7.329575814083,15
46.319556177419,7.342559300892,15
46.319566444621,7.355542793078,15
46.319575223823,7.368526289915,15
46.315992863021,8.342248651393,15
46.315888554198,8.355230375453,15
46.315782757374,8.368212048211,15
46.315675472550,8.381193668940,15
46.315566699725,8.394175236913,15
46.315456438901,8.407156751403,15
46.328526780153,7.316572142222,15
46.328540025566,7.329557770922,15
46.328551782731,7.342543405726,15
46.328562051647,7.355529045907,15
46.328570832314,7.368514690739,15
46.324777732937,8.368365844685,15
46.324670430208,8.381349613409,15
46.324561639231,8.394333329377,15
46.324451360004,8.407316991863,15
46.337522383395,7.316551944244,15
46.337535631018,7.329539721665,15
46.337547390144,7.342527505190,15
46.337557660774,7.355515294093,15
46.333665389968,8.381505610554,15
46.333556580838,8.394491475243,15
46.333446283210,8.407477286449,15
46.333334497085,8.420463043446,15
46.346517988505,7.316531739447,15
46.346531238339,7.329521666314,15
46.346542999427,7.342511599286,15
46.346553271770,7.355501537635,15
46.342660351598,8.381661660374,15
46.342551524314,8.394649674509,15
46.342441208285,8.407637635162,15
46.342329403510,8.420625541606,15
46.342216109990,8.433613393114,15
46.355482624183,7.290527394968,15
46.355498854214,7.303519457620,15
46.355513595252,7.316511527829,15
46.355526847295,7.329503604868,15
46.355538610345,7.342495688012,15
46.355548884402,7.355487776533,15
46.351655314863,8.381817762869,15
46.351546469426,8.394807927177,15
46.351436134995,8.407798038002,15
46.351324311570,8.420788094618,15
46.351210999152,8.433778096297,15
46.364478227166,7.290502874735,15
46.364494459904,7.303497088284,15
46.364509203400,7.316491309391,15
46.364522457654,7.329485537328,15
46.360541415939,8.394966233245,15
46.360431063107,8.407958494968,15
46.360319221033,8.420950702481,15
46.360205889717,8.433942855058,15
46.360091069159,8.446934951973,15
46.373473831318,7.290478346230,15
46.373490066763,7.303474711402,15
46.373504812717,7.316471084132,15
46.373518069181,7.329467463693,15
46.369425992389,8.408119006060,15
46.369314131665,8.421113365197,15
46.369200781450,8.434107669397,15
46.369085941745,8.447101917935,15
46.368969612550,8.460096110084,15
46.382451708516,7.277455300216,15
46.382469436406,7.290453809454,15
46.382485674557,7.303452326975,15
46.382500422970,7.316450852054,15
46.378420922605,8.408279571279,15
46.378309043232,8.421276082764,15
46.378195674119,8.434272539314,15
46.378080815268,8.447268940200,15
46.377964466678,8.460265284698,15
46.391447311350,7.277428602095,15
46.391465042196,7.290429264406,15
46.391481283054,7.303429935002,15
46.391496033925,7.316430613155,15
46.387303955501,8.421438855184,15
46.387190567490,8.434437464808,15
46.387075689492,8.447436018769,15
46.386959321508,8.460434516340,15
46.386841463536,8.473432956796,15
46.400423690618,7.264399087875,15
46.400442914654,7.277401894976,15
46.400460648454,7.290404711088,15
46.400476892019,7.303407535483,15
46.400491645349,7.316410367436,15
46.396185461330,8.434602445879,15
46.396070564186,8.447603153640,15
46.395954176806,8.460603805012,15
46.395836299191,8.473604399267,15
46.409419290954,7.264370217234,15
46.409438518193,7.277375178861,15
46.409456254949,7.290380149498,15
46.409472501220,7.303385128419,15
46.405180355406,8.434767482528,15
46.405065439115,8.447770344815,15
46.404949032341,8.460773150712,15
46.404831135082,8.473775899493,15
46.404711747341,8.486778590431,15
46.418414891291,7.264341336871,15
46.418434121734,7.277348453748,15
46.418451861445,7.290355579636,15
46.418468110424,7.303362713808,15
46.414060314046,8.447937592292,15
46.413943887877,8.460942553440,15
46.413825970976,8.473947457472,15
46.413706563343,8.486952303662,15
46.427389766771,7.251303183668,15
46.427410491398,7.264312446785,15
46.427429725044,7.277321719639,15
46.427447467710,7.290331001503,15
46.423055188746,8.448104896073,15
46.422938743182,8.461112013197,15
46.422820806638,8.474119073206,15
46.422701379113,8.487126075372,15
46.436385362962,7.251272127158,15
46.436406091040,7.264283546977,15
46.436425327890,7.277294976533,15
46.436443073511,7.290306415099,15
46.431933598023,8.461281529983,15
46.431815641836,8.474290746694,15
46.431696194419,8.487299905562,15
46.431575255775,8.500309005861,15
46.445358735447,7.238227493417,15
46.445380958454,7.251241060200,15
46.445401689985,7.264254637446,15
46.445420930038,7.277268224430,15
46.440928452166,8.461451103798,15
46.440810476335,8.474462477936,15
46.440691009028,8.487473794232,15
46.440570050243,8.500485051958,15
46.454354326308,7.238194257858,15
46.454376553016,7.251209982793,15
46.454397287998,7.264225718193,15
46.454416531255,7.277241463330,15
46.449923305378,8.461620734641,15
46.449805309904,8.474634266933,15
46.449685822705,8.487647741382,15
46.449564843781,8.500661157261,15
46.449442373131,8.513674513845,15
46.463326193624,7.225143138501,15
46.463349916005,7.238161011124,15
46.463372146413,7.251178894939,15
46.463392884847,7.264196789217,15
46.463412131307,7.277214693233,15
46.458800142309,8.474806113684,15
46.458680635218,8.487821747011,15
46.458559636154,8.500837321770,15
46.458437145116,8.513852837232,15
46.472321777974,7.225107720990,15
46.472345504304,7.238127753218,15
46.472367738412,7.251147796636,15
46.472388480298,7.264167850519,15
46.467794973315,8.474978018188,15
46.467675446333,8.487995811121,15
46.467554427129,8.501013545483,15
46.467431915703,8.514031220550,15
46.481317360694,7.225072291579,15
46.481341090972,7.238094484137,15
46.481363328780,7.251116687886,15
46.481384074118,7.264138902099,15
46.476670255817,8.488169933710,15
46.476549216473,8.501189828402,15
46.476426684659,8.514209663799,15
46.476302660374,8.527229439173,15
46.490287714603,7.212012508574,15
46.490312941549,7.225036850270,15
46.490336675776,7.238061203883,15
46.490358917284,7.251085568688,15
46.485665063436,8.488344114778,15
46.485544003953,8.501366170526,15
46.485421451750,8.514388166978,15
46.485297406829,8.527410103408,15
46.499283289164,7.211974893585,15
46.499308520306,7.225001397062,15
46.499332258481,7.238027912456,15
46.499354503690,7.251054439041,15
46.494538789335,8.501542571856,15
46.494416216744,8.514566730089,15
46.494292151186,8.527590828299,15
46.494166592661,8.540614865761,15
46.508252132839,7.198908612631,15
46.508278861393,7.211937265971,15
46.508304096732,7.224965931954,15
46.508327838856,7.237994609855,15
46.508350087765,7.251023298947,15
46.503533572385,8.501719032391,15
46.503410979406,8.514745353131,15
46.503286893212,8.527771613848,15
46.503161313803,8.540797813815,15
46.517247698058,7.198868809160,15
46.517274431058,7.211899625732,15
46.517299670594,7.224930454948,15
46.517323416666,7.237961296081,15
46.512528352872,8.501895552131,15
46.512405739505,8.514924036103,15
46.512281632674,8.527952460052,15
46.512156032380,8.540980823252,15
46.512028938622,8.554009124975,15
46.526243260480,7.198828992339,15
46.526269997925,7.211861972868,15
46.526295241658,7.224894966042,15
46.526318991679,7.237927971133,15
46.521400496805,8.515102779006,15
46.521276369338,8.528133366913,15
46.521150748159,8.541163894070,15
46.521023633267,8.554194359752,15
46.535210584021,7.185754030326,15
46.535238819871,7.198789162168,15
46.535265561761,7.211824307380,15
46.535290809691,7.224859465237,15
46.530395251074,8.515281581840,15
46.530271102971,8.528314334430,15
46.530145460907,8.541347026271,15
46.530018324882,8.554379656636,15
46.544234375997,7.198749318646,15
46.544261122333,7.211786629268,15
46.544286374459,7.224823952533,15
46.544310132377,7.237861287716,15
46.539265833339,8.528495362604,15
46.539140170390,8.541530219854,15
46.539013013233,8.554565015627,15
46.538884361866,8.567599749198,15
46.553229928626,7.198709461775,15
46.553256679406,7.211748938530,15
46.553281935730,7.224788427930,15
46.553305697596,7.237827929247,15
46.548260560210,8.528676451434,15
46.548134876376,8.541713474818,15
46.548007698085,8.554750436726,15
46.547879025338,8.567787336431,15
46.562225477523,7.198669591553,15
46.562252232749,7.211711235168,15
46.562277493269,7.224752891428,15
46.562301259084,7.237794559605,15
46.557255283349,8.528857600921,15
46.557129578631,8.541896791165,15
46.557002379207,8.554935919932,15
46.556873685077,8.567974986497,15
46.556743496243,8.581013990133,15
46.571192767832,7.185585910150,15
46.571221022456,7.198629707980,15
46.571247782127,7.211673519181,15
46.571273046844,7.224717343026,15
46.566124276921,8.542080168893,15
46.565997056364,8.555121465246,15
46.565868340853,8.568162699397,15
46.565738130389,8.581203870618,15
46.580188303874,7.185543844917,15
46.580216563192,7.198589811058,15
46.580243327308,7.211635790570,15
46.580268596221,7.224681782726,15
46.575118971013,8.542263608004,15
46.574991729323,8.555307072668,15
46.574862992431,8.568350475129,15
46.574732760337,8.581393814661,15
46.589154076023,7.172453644527,15
46.589183835485,7.185501765607,15
46.589212099496,7.198549900785,15
46.589238868057,7.211598049334,15
46.589264141167,7.224646210527,15
46.583986397851,8.555492742197,15
46.583857639577,8.568538313695,15
46.583727385853,8.581583822264,15
46.583595636679,8.594629267176,15
46.598149598027,7.172409381380,15
46.598179362431,7.185459672222,15
46.598207631136,7.198509977163,15
46.598234404142,7.211560295473,15
46.592981061715,8.555678473834,15
46.592852282060,8.568726215094,15
46.592722006706,8.581773893425,15
46.592590235653,8.594821508099,15
46.607145115134,7.172365103431,15
46.607174884479,7.185417564762,15
46.607203157877,7.198470040189,15
46.607229935329,7.211522528988,15
46.601975720681,8.555864267578,15
46.601846919644,8.568914179326,15
46.601716622660,8.581964028144,15
46.601584829730,8.595013813307,15
46.616109356627,7.159266192962,15
46.616140627109,7.172320810682,15
46.616170401396,7.185375443225,15
46.616198679488,7.198430089866,15
46.616225461385,7.211484749878,15
46.610970374515,8.556050123430,15
46.610841552097,8.569102206391,15
46.610711233484,8.582154226422,15
46.610579418675,8.595206182798,15
46.625104858048,7.159219713472,15
46.625136133720,7.172276503131,15
46.625165912949,7.185333307613,15
46.625194195735,7.198390126193,15
46.619965022986,8.556236041389,15
46.619836179186,8.569290296289,15
46.619705838943,8.582344488259,15
46.619574002256,8.595398616574,15
46.634100353871,7.159173218455,15
46.634131634734,7.172232180778,15
46.634161418904,7.185291157925,15
46.634189706383,7.198350149169,15
46.628959665858,8.556422021456,15
46.628830800677,8.569478449020,15
46.628700438804,8.582534813655,15
46.628568580239,8.595591114634,15
46.643095843863,7.159126707912,15
46.643127129916,7.172187843624,15
46.643156919028,7.185248994161,15
46.643185211201,7.198310158795,15
46.638081692522,8.543549400474,15
46.637954302900,8.556608063631,15
46.637825416337,8.569666664585,15
46.637695032834,8.582725202609,15
46.637563152391,8.595783676978,15
46.652091327790,7.159080181841,15
46.652122619033,7.172143491669,15
46.652152413088,7.185206816321,15
46.652180709954,7.198270155071,15
46.647076344632,8.543733330641,15
46.646948933877,8.556794167913,15
46.646820025933,8.569854942982,15
46.646689620800,8.582915655122,15
46.661086805420,7.159033640244,15
46.661118101853,7.172099124913,15
46.661147900850,7.185164624406,15
46.661176202409,7.198230137996,15
46.656070990445,8.543917322189,15
46.655943558556,8.556980334302,15
46.655814629230,8.570043284213,15
46.655684202468,8.583106171194,15
46.670082276519,7.158987083120,15
46.670113578142,7.172054743355,15
46.670143382080,7.185122418415,15
46.670171688333,7.198190107572,15
46.665065629726,8.544101375120,15
46.664938176704,8.557166562800,15
46.664809225997,8.570231688276,15
46.664678777605,8.583296750824,15
46.679109047666,7.172010346996,15
46.679138856546,7.185080198348,15
46.679167167493,7.198150063797,15
46.679193980505,7.211219942617,15
46.674060262243,8.544285489433,15
46.673932788088,8.557352853404,15
46.673803815999,8.570420155173,15
46.673673345977,8.583487394013,15
46.688104510193,7.171965935836,15
46.688134324015,7.185037964205,15
46.688162639655,7.198110006672,15
46.688189457112,7.211182062509,15
46.683180884868,8.531400062662,15
46.683054887762,8.544469665127,15
46.682927392474,8.557539206116,15
46.682798399004,8.570608684903,15
46.682667907351,8.583678100761,15
46.697099965489,7.171921509874,15
46.697129784252,7.184995715987,15
46.697158104585,7.198069936197,15
46.697184926488,7.211144169777,15
46.697210249961,7.224218416002,15
46.692175524041,8.531582121995,15
46.692049506050,8.544653902204,15
46.691921989629,8.557725620936,15
46.691792974777,8.570797277466,15
46.706125237025,7.184953453692,15
46.706153562052,7.198029852371,15
46.706180388400,7.211106264420,15
46.706205716069,7.224182689114,15
46.701170155749,8.531764241985,15
46.701044116874,8.544838200662,15
46.700916579319,8.557912097864,15
46.700787543086,8.570985932862,15
46.715120682100,7.184911177322,15
46.715149011820,7.197989755195,15
46.715175842614,7.211068346439,15
46.715201174480,7.224146950327,15
46.710289340594,8.518870224010,15
46.710164779760,8.531946422631,15
46.710038719999,8.545022560503,15
46.709911161312,8.558098636899,15
46.709782103697,8.571174651092,15
46.724116119244,7.184868886876,15
46.724144453658,7.197949644669,15
46.724171288896,7.211030415833,15
46.724196624959,7.224111199641,15
46.724220461847,7.237191995366,15
46.719159395839,8.532128663934,15
46.719033315194,8.545206981726,15
46.718905735373,8.558285238041,15
46.718776656377,8.571363432154,15
46.718646078205,8.584441563338,15
46.733139887331,7.197909520793,15
46.733166727015,7.210992472602,15
46.733192067274,7.224075437055,15
46.733215908111,7.237158413426,15
46.728027902224,8.545391464330,15
46.727900301270,8.558471901291,15
46.727771200892,8.571552276050,15
46.727640601091,8.584632587879,15
46.742135312606,7.197869383567,15
46.742162156735,7.210954516747,15
46.742187501192,7.224039662571,15
46.742211345977,7.237124820312,15
46.737022480857,8.545576008317,15
46.736894858769,8.558658626649,15
46.736765737010,8.571741182778,15
46.736635115579,8.584823675978,15
46.751157577824,7.210916548267,15
46.751182926478,7.224003876187,15
46.751206775211,7.237091216025,15
46.751229124024,7.250178567054,15
46.746017050858,8.545760613685,15
46.745889407637,8.558845414114,15
46.745760264497,8.571930152340,15
46.745629621436,8.585014827636,15
46.760126137030,7.197789069063,15
46.760152990049,7.210878567162,15
46.760178342900,7.223968077905,15
46.760202195581,7.237057600565,15
46.755137776180,8.532858235709,15
46.755011611995,8.545945280436,15
46.754883947641,8.559032263687,15
46.754754783119,8.572119184735,15
46.769121535712,7.197748891786,15
46.769148393176,7.210840573433,15
46.769173750223,7.223932267723,15
46.769197606854,7.237023973931,15
46.769219963067,7.250115691329,15
46.764132349103,8.533040780294,15
46.764006164034,8.546130008569,15
46.763878478547,8.559219175367,15
46.763749292643,8.572308279963,15
46.778143786972,7.210802567079,15
46.778169148216,7.223896445642,15
46.778193008795,7.236990336123,15
46.778215368709,7.250084237795,15
46.773374822609,8.507040378919,15
46.773251617985,8.520131912239,15
46.773126912696,8.533223385536,15
46.773000706742,8.546314798083,15
46.787139171204,7.210764548100,15
46.787164536645,7.223860611662,15
46.787188401172,7.236956687142,15
46.787210764786,7.250052773812,15
46.782369417662,8.507218674819,15
46.782246192650,8.520312393138,15
46.782121466725,8.533406051433,15
46.781995239885,8.546499648980,15
46.796134545637,7.210726516496,15
46.796159915275,7.223824765783,15
46.796183783751,7.236923026987,15
46.796206151065,7.250021299382,15
46.791240757517,8.520492933968,15
46.791116010955,8.533588777988,15
46.805155283875,7.223788908005,15
46.805179156299,7.236889355659,15
46.805201527313,7.249989814504,15
46.805222396917,7.263090283812,15
46.800235312353,8.520673534728,15
46.800110545155,8.533771565198,15
46.799984276546,8.546869534919,15
46.814150642210,7.223753038328,15
46.814174518582,7.236855673157,15
46.814196893297,7.249958319177,15
46.814217766352,7.263060975661,15
46.809353143101,8.507753917752,15
46.809229856925,8.520854195420,15
46.823145990047,7.223717156751,15
46.823169870368,7.236821979482,15
46.823192248783,7.249926813403,15
46.823213125290,7.263031657788,15
46.823232499890,7.276136511910,15
46.818347697563,8.507932450474,15
46.818224390999,8.521034916043,15
46.818099582527,8.534137321589,15
46.832165211423,7.236788274633,15
46.832187593537,7.249895297180,15
46.832208473496,7.263002330192,15
46.832227851300,7.276109372941,15
46.827464066092,8.495006328909,15
46.827342241294,8.508111042401,15
46.827218914341,8.521215696596,15
46.827094085233,8.534320290769,15
46.841160541513,7.236754558610,15
46.841182927328,7.249863770510,15
46.841203810739,7.262972992874,15
46.841223191746,7.276082224975,15
46.836578961532,8.482075829276,15
46.836458618998,8.495182790689,15
46.836336774061,8.508289693533,15
46.836213426719,8.521396537081,15
46.836088576975,8.534503320606,15
46.850178249920,7.249832233392,15
46.850199136783,7.262943645833,15
46.850218520994,7.276055068012,15
46.850236402553,7.289166499201,15
46.845573523131,8.482250159458,15
46.845453160706,8.495359310949,15
46.845331295629,8.508468403870,15
46.845207927900,8.521577437496,15
46.859173561082,7.249800685825,15
46.859194451396,7.262914289070,15
46.859213838811,7.276027902052,15
46.859231723325,7.289141524044,15
46.854568073300,8.482424547395,15
46.854447690984,8.495535889689,15
46.854325805767,8.508647173413,15
46.868168860579,7.249769127811,15
46.868189754345,7.262884922584,15
46.868209144963,7.276000727095,15
46.868227032432,7.289116540616,15
46.868243416753,7.302232362422,15
46.863681510864,8.469485401420,15
46.863562611805,8.482598993086,15
46.863442209596,8.495712526908,15
46.863320304240,8.508826002162,15
46.877185045396,7.262855546376,15
46.877204439218,7.275973543141,15
46.877222329642,7.289091548917,15
46.877238716669,7.302209562976,15
46.872676057114,8.469657712611,15
46.872557138411,8.482773496530,15
46.872436716312,8.495889222608,15
46.872314790815,8.509004890115,15
46.886180324316,7.262826160446,15
46.886199721341,7.275946350190,15
46.886217614721,7.289066548946,15
46.886234004455,7.302186755986,15
46.881670591233,8.469830080830,15
46.881551652887,8.482948057730,15
46.881431210895,8.496065976787,15
46.881309265259,8.509183837274,15
46.895194991100,7.275919148243,15
46.895212887435,7.289041540704,15
46.895229279876,7.302163941449,15
46.895244168423,7.315286349751,15
46.890782567082,8.456882278357,15
46.890665112987,8.470002506078,15
46.890546154998,8.483122676683,15
46.890425693115,8.496242789445,15
46.904190248261,7.275891937299,15
46.904208147551,7.289016524191,15
46.904224542699,7.302141119367,15
46.904239433705,7.315265722100,15
46.899777095633,8.457052566203,15
46.899659622143,8.470174988355,15
46.899540644511,8.483297353391,15
46.899420162737,8.496419660584,15
46.913185492591,7.275864717357,15
46.913203394836,7.288991499406,15
46.913219792691,7.302118289738,15
46.913234686155,7.315245087628,15
46.913248075229,7.328371892349,15
46.908887599848,8.444098236653,15
46.908771611353,8.457222910351,15
46.908654118468,8.470347527660,15
46.908535121193,8.483472087852,15
46.908414619527,8.496596590202,15
46.922198629057,7.288966466350,15
46.922215029619,7.302095452564,15
46.922229925542,7.315224446337,15
46.922243316826,7.328353446939,15
46.917996624653,8.431139515980,15
46.917882121650,8.444266441223,15
46.917766114009,8.457393310803,15
46.917648601729,8.470520123994,15
46.917529584811,8.483646880068,15
46.931193849980,7.288941425022,15
46.931210253249,7.302072607845,15
46.931225151630,7.315203798224,15
46.931238545124,7.328334995435,15
46.926991152055,8.431305579520,15
46.926876630155,8.444434701370,15
46.926760603367,8.457563767558,15
46.926643071692,8.470692777356,15
46.926524035131,8.483821730039,15
46.940205463347,7.302049755579,15
46.940220364187,7.315183143292,15
46.940233759892,7.328316537836,15
46.940245650461,7.341449938483,15
46.936098701590,8.418340323792,15
46.935985665927,8.431471697912,15
46.935871125128,8.444603017095,15
46.935755079194,8.457734280616,15
46.935637528124,8.470865487748,15
46.949200659682,7.302026895768,15
46.949215562980,7.315162481540,15
46.949228960895,7.328298074142,15
46.949240853426,7.341433672848,15
46.945093220347,8.418504298977,15
46.944980166034,8.431637871155,15
46.944865606337,8.444771388397,15
46.944749541256,8.457904849977,15
46.958210747775,7.315141812967,15
46.958224147900,7.328279604354,15
46.958236042393,7.341417401844,15
46.958246431254,7.354555204712,15
46.954199292438,8.405532503116,15
46.954087725106,8.418668328288,15
46.953974652143,8.431804099251,15
46.953860073548,8.444939815277,15
46.953743989321,8.458075475641,15
46.967205918339,7.315121137574,15
46.967219320674,7.328261128471,15
46.967231217129,7.341401125471,15
46.967241607703,7.354541127849,15
46.967250492397,7.367681134878,15
46.963193801367,8.405694387044,15
46.963082215634,8.418832411726,15
46.962969124021,8.431970382198,15
46.962854526528,8.445108297735,15
46.976201074439,7.315100455361,15
46.976214478984,7.328242646493,15
46.976226377400,7.341384843729,15
46.976236769688,7.354527046342,15
46.976245655847,7.367669253606,15
46.976253035878,7.380811464794,15
46.976258909780,7.393953679180,15
46.976263277553,7.407095896036,15
46.972298393838,8.392716045972,15
46.972188295832,8.405856324372,15
46.972076691698,8.418996549290,15
46.971963581435,8.432136719998,15
46.971848965044,8.445276835770,15
46.985209622596,7.328224158420,15
46.985221522974,7.341368556617,15
46.985231916975,7.354512960192,15
46.985240804600,7.367657368417,15
46.985248185847,7.380801780566,15
46.985254060717,7.393946195912,15
46.985258429211,7.407090613729,15
46.985261291327,7.420235033290,15
46.985262647066,7.433379453869,15
46.981508604944,8.366590719478,15
46.981401501540,8.379733303624,15
46.981292891758,8.392875835741,15
46.981182775599,8.406018315102,15
46.981071153064,8.419160740980,15
46.980958024151,8.432303112650,15
46.994227049331,7.354498869398,15
46.994235938421,7.367645479310,15
46.994243320885,7.380792093145,15
46.994249196724,7.393938710178,15
46.994253565937,7.407085329682,15
46.994256428525,7.420231950929,15
46.994257784488,7.433378573194,15
46.994257633826,7.446525195750,15
46.990712845741,8.340456433701,15
46.990608737931,8.353601321413,15
46.990503123495,8.366746158548,15
46.990396002434,8.379890944381,15
46.990287374747,8.393035678185,15
46.990177240435,8.406180359233,15
46.990065599498,8.419324986798,15
46.989952451936,8.432469560153,15
47.003238440759,7.380782402532,15
47.003244317566,7.393931221977,15
47.003248687500,7.407080043893,15
47.003251550560,7.420228867552,15
47.003252906746,7.433377692229,15
47.003252756059,7.446526517197,15
47.003251098498,7.459675341729,15
46.999911113015,8.314313190103,15
46.999810001792,8.327460379199,15
46.999707383696,8.340607519172,15
46.999603258725,8.353754609296,15
46.999497626881,8.366901648843,15
46.999390488164,8.380048637089,15
46.999281842572,8.393195573304,15
46.999171690107,8.406342456764,15
46.999060030768,8.419489286741,15
47.012243793664,7.407074756362,15
47.012246657196,7.420225783160,15
47.012248013606,7.433376810974,15
47.012247862894,7.446527839080,15
47.012246205059,7.459678866749,15
47.012243040103,7.472829893256,15
47.009200010073,8.275011454902,15
47.009103403553,8.288160990144,15
47.009005289911,8.301310478443,15
47.008905669146,8.314459919072,15
47.008804541260,8.327609311305,15
47.008701906252,8.340758654416,15
47.008597764122,8.353907947677,15
47.008492114870,8.367057190363,15
47.008384958495,8.380206381745,15
47.008276294999,8.393355521099,15
47.021243104835,7.433375929429,15
47.021242954098,7.446529161398,15
47.021241295990,7.459682392930,15
47.021238130513,7.472835623300,15
47.021233457665,7.485988851781,15
47.018383321838,8.248848004473,15
47.018289714141,8.261999835283,15
47.018194599073,8.275151620603,15
47.018097976634,8.288303359708,15
47.017999846825,8.301455051870,15
47.017900209646,8.314606696363,15
47.017799065097,8.327758292459,15
47.017696413177,8.340909839433,15
47.017592253887,8.354061336558,15
47.017486587227,8.367212783106,15
47.030238180199,7.433375047593,15
47.030238029437,7.446530484151,15
47.030236371057,7.459685920272,15
47.030233205057,7.472841355231,15
47.030228531440,7.485996788300,15
47.030222350203,7.499152218754,15
47.027649749710,8.209521435276,15
47.027560649447,8.222675602783,15
47.027470041565,8.235829726980,15
47.027377926065,8.248983807142,15
47.027284302945,8.262137842540,15
47.027189172208,8.275291832450,15
47.027092533851,8.288445776143,15
47.026994387876,8.301599672894,15
47.026894734282,8.314753521975,15
47.026793573069,8.327907322660,15
47.039233088679,7.446531807339,15
47.039231430025,7.459689448775,15
47.039228263505,7.472847089048,15
47.039223589117,7.486004727432,15
47.039217406862,7.499162363200,15
47.039209716740,7.512319995625,15
47.039200518752,7.525477623980,15
47.036818088892,8.183337794033,15
47.036731989686,8.196494251292,15
47.036644382613,8.209650666696,15
47.036555267674,8.222807039517,15
47.036464644867,8.235963369029,15
47.036372514193,8.249119654504,15
47.036278875653,8.262275895218,15
47.036183729245,8.275432090441,15
47.036087074970,8.288588239449,15
47.035988912828,8.301744341514,15
47.048226472663,7.459692978439,15
47.048223305620,7.472852824752,15
47.048218630463,7.486012669176,15
47.048212447190,7.499172510983,15
47.048204755802,7.512332349448,15
47.048195556298,7.525492183844,15
47.048184848679,7.538652013443,15
47.045897339342,8.170303951461,15
47.045812734072,8.183462655890,15
47.045726620686,8.196621319190,15
47.045638999185,8.209779940634,15
47.045549869569,8.222938519494,15
47.045459231838,8.236097055046,15
47.045367085991,8.249255546562,15
47.045273432028,8.262413993315,15
47.045178269951,8.275572394578,15
47.057218331172,7.472858562342,15
47.057213655245,7.486020613531,15
47.057207470954,7.499182662104,15
47.057199778299,7.512344707335,15
47.057190577281,7.525506748496,15
47.057179867898,7.538668784861,15
47.057167650153,7.551830815703,15
47.057153924043,7.564992840296,15
47.054975092727,8.157265696023,15
47.054891981889,8.170426647620,15
47.054807362687,8.183587558814,15
47.054721235122,8.196748428880,15
47.054633599193,8.209909257089,15
47.054544454900,8.223070042715,15
47.054453802244,8.236230785032,15
47.066202477919,7.499192816563,15
47.066194783998,7.512357069284,15
47.066185581465,7.525521317936,15
47.066174870320,7.538685561792,15
47.066162650563,7.551849800126,15
47.066148922193,7.565014032210,15
47.066133685212,7.578178257318,15
47.066116939619,7.591342474723,15
47.064131455366,8.131059788554,15
47.064051348069,8.144223026268,15
47.063969732159,8.157386225032,15
47.063886607638,8.170549384120,15
47.063801974505,8.183712502805,15
47.063715832760,8.196875580361,15
47.063628182403,8.210038616061,15
47.075189772666,7.512369435297,15
47.075180568618,7.525535892165,15
47.075169855710,7.538702344238,15
47.075157633941,7.551868790788,15
47.075143903312,7.565035231089,15
47.075128663823,7.578201664413,15
47.075111915473,7.591368090035,15
47.075093658263,7.604534507228,15
47.075073892193,7.617700915264,15
47.073281818775,8.104844934944,15
47.073204716012,8.118010456592,15
47.073126104388,8.131175940745,15
47.073045983905,8.144341386675,15
47.072964354561,8.157506793656,15
47.072881216356,8.170672160960,15
47.072796569292,8.183837487862,15
47.084164823836,7.538719132198,15
47.084152600055,7.551887787690,15
47.084138867167,7.565056436933,15
47.084123625169,7.578225079200,15
47.084106874063,7.591393713764,15
47.084088613848,7.604562339898,15
47.084068844524,7.617730956877,15
47.084047566092,7.630899563973,15
47.084024778551,7.644068160460,15
47.082569846886,8.052285424625,15
47.082498767868,8.065453297933,15
47.082426179741,8.078621136652,15
47.082352082505,8.091788940055,15
47.082276476161,8.104956707415,15
47.082199360708,8.118124438005,15
47.082120736147,8.131292131100,15
47.082040602476,8.144459785972,15
47.081958959697,8.157627401895,15
47.081875807810,8.170794978142,15
47.081791146814,8.183962513986,15
47.093133813523,7.565077649742,15
47.093118569017,7.578248501677,15
47.093101815155,7.591419345909,15
47.093083551935,7.604590181711,15
47.093063779358,7.617761008357,15
47.093042497425,7.630931825121,15
47.093019706134,7.644102631275,15
47.092995405486,7.657273426094,15
47.092969595481,7.670444208849,15
47.091634116408,8.039218278300,15
47.091564535050,8.052388395138,15
47.091493444335,8.065558478114,15
47.091420844264,8.078728526501,15
47.091346734835,8.091898539571,15
47.091271116049,8.105068516599,15
47.091193987907,8.118238456857,15
47.091115350407,8.131408359619,15
47.091035203550,8.144578224159,15
47.090953547337,8.157748049749,15
47.090870381766,8.170917835664,15
47.102113495135,7.578271931845,15
47.102096738515,7.591444986470,15
47.102078472291,7.604618032666,15
47.102058696461,7.617791069705,15
47.102037411026,7.630964096862,15
47.102014615985,7.644137113410,15
47.101990311339,7.657310118621,15
47.101964497088,7.670483111770,15
47.101937173232,7.683656092130,15
47.101908339770,7.696829058973,15
47.100828519075,7.999801894627,15
47.100763455085,8.012974319086,15
47.100696881490,8.026146711863,15
47.100628798289,8.039319072231,15
47.100559205483,8.052491399463,15
47.100488103072,8.065663692832,15
47.100415491056,8.078835951611,15
47.100341369434,8.092008175075,15
47.100265738207,8.105180362496,15
47.100188597374,8.118352513147,15
47.100109946936,8.131524626303,15
47.100029786893,8.144696701236,15
47.111073374682,7.604645892762,15
47.111053595599,7.617821140920,15
47.111032306663,7.630996379196,15
47.111009507872,7.644171606863,15
47.110985199228,7.657346823193,15
47.110959380731,7.670522027461,15
47.110932052379,7.683697218939,15
47.110903214174,7.696872396901,15
47.110872866116,7.710047560621,15
47.110841008203,7.723222709372,15
47.110772762817,7.749572959058,15
47.110736375344,7.762748058540,15
47.110698478017,7.775923140146,15
47.110659070836,7.789098203150,15
47.110618153802,7.802273246824,15
47.110575726914,7.815448270443,15
47.110486343577,7.841798254605,15
47.110439387128,7.854973213695,15
47.110390920825,7.868148149823,15
47.110340944669,7.881323062261,15
47.110068416082,7.947197243680,15
47.110009380804,7.960371998722,15
47.109948835672,7.973546724989,15
47.109886780686,7.986721421752,15
47.109823215846,7.999896088287,15
47.109758141153,8.013070723865,15
47.109691556607,8.026245327761,15
47.109623462206,8.039419899247,15
47.109553857952,8.052594437598,15
47.109482743845,8.065768942085,15
47.109410119883,8.078943411984,15
47.109335986068,8.092117846566,15
47.109260342400,8.105292245106,15
47.120027184102,7.631028672123,15
47.120004381562,7.644206111634,15
47.119980068919,7.657383539809,15
47.119954246175,7.670560955921,15
47.119926913329,7.683738359244,15
47.119898070381,7.696915749050,15
47.119867717331,7.710093124614,15
47.119835854178,7.723270485209,15
47.119802480924,7.736447830108,15
47.119767597568,7.749625158584,15
47.119731204110,7.762802469911,15
47.119693300550,7.775979763361,15
47.119653886887,7.789157038209,15
47.119612963123,7.802334293728,15
47.119570529257,7.815511529191,15
47.119526585289,7.828688743871,15
47.119481131219,7.841865937042,15
47.119434167046,7.855043107976,15
47.119385692772,7.868220255948,15
47.119335708396,7.881397380231,15
47.119284213918,7.894574480098,15
47.119231209338,7.907751554822,15
47.119176694655,7.920928603676,15
47.119120669871,7.934105625935,15
47.119063134985,7.947282620871,15
47.119004089997,7.960459587758,15
47.118943534907,7.973636525869,15
47.118881469714,7.986813434477,15
47.118817894420,7.999990312855,15
47.118752809024,8.013167160278,15
47.118686213526,8.026343976018,15
47.118618107926,8.039520759349,15
47.118548492223,8.052697509544,15
47.118477366419,8.065874225876,15
47.128949093189,7.670599897151,15
47.128921755848,7.683779513044,15
47.128892908156,7.696959115420,15
47.128862550115,7.710138703554,15
47.128830681723,7.723318276719,15
47.128797302980,7.736497834187,15
47.128762413887,7.749677375233,15
47.128726014444,7.762856899130,15
47.128688104651,7.776036405150,15
47.128648684507,7.789215892568,15
47.128607754013,7.802395360657,15
47.128565313169,7.815574808690,15
47.128521361974,7.828754235940,15
47.128475900429,7.841933641680,15
47.128428928534,7.855113025185,15
47.128380446288,7.868292385727,15
47.128330453692,7.881471722579,15
47.128278950746,7.894651035016,15
47.128225937449,7.907830322310,15
47.128171413802,7.921009583734,15
47.128115379805,7.934188818563,15
47.128057835457,7.947368026069,15
47.127998780759,7.960547205526,15
47.127938215711,7.973726356206,15
47.127876140312,7.986905477384,15
47.127812554563,8.000084568333,15
47.127747458463,8.013263628325,15
47.127680852014,8.026442656635,15
47.137916579702,7.683820680339,15
47.137887727267,7.697002496011,15
47.137857364234,7.710184297440,15
47.137825490602,7.723366083900,15
47.137792106372,7.736547854664,15
47.137757211543,7.749729609006,15
47.137720806115,7.762911346198,15
47.137682890088,7.776093065514,15
47.137643463463,7.789274766227,15
47.137602526239,7.802456447611,15
47.137560078416,7.815638108939,15
47.137516119995,7.828819749485,15
47.137470650975,7.842001368521,15
47.137423671357,7.855182965321,15
47.137375181140,7.868364539158,15
47.137325180324,7.881546089306,15
47.137273668909,7.894727615038,15
47.137220646896,7.907909115628,15
47.137166114284,7.921090590348,15
47.137110071074,7.934272038472,15
47.137052517265,7.947453459273,15
47.136993452857,7.960634852025,15
47.136932877850,7.973816216001,15
47.136870792245,7.986997550475,15
47.136807196041,8.000178854719,15
47.146852159456,7.710229906273,15
47.146820280584,7.723413906754,15
47.146554824766,7.815701429940,15
47.146510859119,7.828885284506,15
47.146465382624,7.842069117563,15
47.146268368175,7.894804220165,15
47.146215337445,7.907987934775,15
47.146160795869,7.921171623516,15
47.146104743445,7.934355285661,15
