45.836958287427,7.768092819745,15
45.836039850703,7.999734709432,15
45.835974816889,8.012603441437,15
45.835908308385,8.025472141033,15
45.835840325191,8.038340807493,15
45.835770867308,8.051209440090,15
45.835699934735,8.064078038097,15
45.835627527472,8.076946600789,15
45.846208233340,7.665175802445,15
45.846181536962,7.678047231138,15
45.846025931003,7.742404157332,15
45.845990384997,7.755275494029,15
45.845953364053,7.768146812850,15
45.845914868172,7.781018113069,15
45.845874897352,7.793889393958,15
45.845833451594,7.806760654792,15
45.845221057336,7.961213955918,15
45.845160437385,7.974084889896,15
45.845098342495,7.986955793646,15
45.845034772667,7.999826666439,15
45.844969727901,8.012697507550,15
45.844903208197,8.025568316251,15
45.844835213556,8.038439091817,15
45.844765743976,8.051309833519,15
45.844694799458,8.064180540633,15
45.844622380002,8.077051212430,15
45.844548485608,8.089921848185,15
45.855252343673,7.639465820784,15
45.855228593173,7.652339384160,15
45.855203367487,7.665212935474,15
45.855176666614,7.678086473999,15
45.855148490555,7.690959999007,15
45.855118839310,7.703833509773,15
45.855087712878,7.716707005570,15
45.855055111260,7.729580485671,15
45.855021034456,7.742453949348,15
45.854985482465,7.755327395877,15
45.854948455288,7.768200824530,15
45.854909952925,7.781074234580,15
45.854869975375,7.793947625300,15
45.854828522639,7.806820995965,15
45.854695313313,7.845440980356,15
45.854647959832,7.858314263530,15
45.854443794044,7.909807152066,15
45.854389064631,7.922680309526,15
45.854332860031,7.935553439664,15
45.854275180246,7.948426541753,15
45.854216025274,7.961299615065,15
45.854155395115,7.974172658875,15
45.854093289771,7.987045672456,15
45.854029709240,7.999918655080,15
45.853964653523,8.012791606022,15
45.853898122619,8.025664524555,15
45.853830116529,8.038537409952,15
45.853760635253,8.051410261486,15
45.853689678790,8.064283078430,15
45.853617247141,8.077155860059,15
45.853543340306,8.090028605645,15
45.853467958284,8.102901314461,15
45.853232961101,8.141519213028,15
45.864247500440,7.639498745469,15
45.864223745942,7.652374419403,15
45.864198516009,7.665250081273,15
45.864171810641,7.678125730355,15
45.864143629839,7.691001365920,15
45.864113973603,7.703876987243,15
45.864082841931,7.716752593596,15
45.864050234825,7.729628184254,15
45.864016152284,7.742503758488,15
45.863980594309,7.755379315574,15
45.863943560899,7.768254854783,15
45.863905052054,7.781130375390,15
45.863865067774,7.794005876667,15
45.863823608060,7.806881357889,15
45.863780672911,7.819756818327,15
45.863736262328,7.832632257257,15
45.863690376310,7.845507673950,15
45.863643014857,7.858383067681,15
45.863594177969,7.871258437722,15
45.863543865647,7.884133783348,15
45.863492077891,7.897009103830,15
45.863438814699,7.909884398444,15
45.863384076073,7.922759666461,15
45.863327862012,7.935634907156,15
45.863270172517,7.948510119801,15
45.863211007587,7.961385303670,15
45.863150367222,7.974260458037,15
45.863088251422,7.987135582175,15
45.863024660188,8.000010675356,15
45.862959593519,8.012885736855,15
45.862893051416,8.025760765944,15
45.862825033878,8.038635761897,15
45.862755540905,8.051510723988,15
45.862684572498,8.064385651490,15
45.862612128655,8.077260543675,15
45.862538209379,8.090135399818,15
45.862462814667,8.103010219191,15
45.862385944521,8.115885001068,15
45.862307598940,8.128759744723,15
45.862227777925,8.141634449428,15
45.873264954162,7.626653884922,15
45.873242671349,7.639531681474,15
45.873218912853,7.652409466689,15
45.873193678674,7.665287239843,15
45.873166968811,7.678165000206,15
45.873138783266,7.691042747054,15
45.873109122038,7.703920479659,15
45.873077985126,7.716798197295,15
45.873045372532,7.729675899234,15
45.873011284255,7.742553584751,15
45.872975720294,7.755431253119,15
45.872938680651,7.768308903611,15
45.872900165325,7.781186535500,15
45.872860174316,7.794064148060,15
45.872818707623,7.806941740563,15
45.872775765248,7.819819312284,15
45.872731347190,7.832696862496,15
45.872685453448,7.845574390472,15
45.872638084024,7.858451895485,15
45.872589238917,7.871329376809,15
45.872538918126,7.884206833716,15
45.872487121653,7.897084265481,15
45.872433849497,7.909961671377,15
45.872379101658,7.922839050677,15
45.872322878135,7.935716402654,15
45.872265178930,7.948593726582,15
45.872206004042,7.961471021733,15
45.872145353470,7.974348287382,15
45.871607024312,8.077365263279,15
45.871533092594,8.090242230704,15
45.871457685192,8.103119161359,15
45.871380802108,8.115996054519,15
45.871302443341,8.128872909456,15
45.871222608890,8.141749725444,15
45.871141298757,8.154626501756,15
45.871058512941,8.167503237665,15
45.882260142730,7.626684720237,15
45.882237856167,7.639564628797,15
45.882214093673,7.652444526020,15
45.882188855247,7.665324411181,15
45.882162140890,7.678204283553,15
45.882104284382,7.703963987022,15
45.882073142230,7.716843816665,15
45.882040524148,7.729723630613,15
45.882006430134,7.742603428138,15
45.881970860189,7.755483208513,15
45.881855294766,7.794122439477,15
45.881813821095,7.807002143989,15
45.881770871493,7.819881827718,15
45.881726445960,7.832761489938,15
45.881680544496,7.845641129921,15
45.881633167100,7.858520746942,15
45.881584313773,7.871400340274,15
45.881533984514,7.884279909189,15
45.881482179325,7.897159452962,15
45.881428898203,7.910038970866,15
45.881374141151,7.922918462173,15
45.881317908167,7.935797926158,15
45.880527989718,8.090349098303,15
45.880452569626,8.103228140966,15
45.880375673604,8.116107146134,15
45.880297301650,8.128986113079,15
45.880217453765,8.141865041075,15
45.880136129949,8.154743929394,15
45.880053330201,8.167622777311,15
45.891255344974,7.626715566146,15
45.891233054661,7.639597587439,15
45.891209288168,7.652479597396,15
45.890721558406,7.832826139581,15
45.890579402305,7.871471328117,15
45.890529064578,7.884353009766,15
45.890477250672,7.897234666273,15
45.890423960586,7.910116296910,15
45.889522900517,8.090456002615,15
45.889292173635,8.129099355592,15
45.889212312315,8.141980396321,15
45.889130974816,8.154861397374,15
45.889048161136,8.167742358024,15
45.888963871277,8.180623277545,15
45.888878105239,8.193504155210,15
45.900375761754,7.523673023735,15
45.900365279115,7.536557223015,15
45.900353320048,7.549441416772,15
45.900339884554,7.562325604280,15
45.900324972631,7.575209784812,15
45.900308584280,7.588093957641,15
45.900271378294,7.613862277286,15
45.900250560660,7.626746422647,15
45.900228266597,7.639630557399,15
45.898207184308,8.142095791182,15
45.898125833125,8.154978905694,15
45.898043005514,8.167861979803,15
45.897958701475,8.180745012784,15
45.897872921008,8.193628003908,15
45.909401283572,7.459255352623,15
45.909398182552,7.472141682801,15
45.909387550482,7.497914336762,15
45.909371011707,7.523686977353,15
45.909360527305,7.536573290817,15
45.909348566227,7.549459598759,15
45.909335128472,7.562345900452,15
45.909320214042,7.575232195168,15
45.909303822934,7.588118482182,15
45.909285955151,7.601004760767,15
45.909266610691,7.613891030196,15
45.909245789554,7.626777289741,15
45.907120704643,8.155096454355,15
45.907037863101,8.167981642649,15
45.906953544882,8.180866789814,15
45.906867749987,8.193751895122,15
45.906780478416,8.206636957848,15
45.918398323901,7.433481843542,15
45.918398176209,7.446370290228,15
45.918396551592,7.459258736479,15
45.918393450050,7.472147181567,15
45.918388871584,7.485035624766,15
45.918382816192,7.497924065349,15
45.918375283877,7.510812502589,15
45.918366274636,7.523700935759,15
45.918355788471,7.536589364134,15
45.918343825381,7.549477786986,15
45.918330385367,7.562366203589,15
45.918315468428,7.575254613216,15
45.918299074564,7.588143015140,15
45.918281203775,7.601031408634,15
45.918261856062,7.613919792973,15
45.918241031424,7.626808167429,15
45.915948401264,8.180988608636,15
45.915862591941,8.193875828855,15
45.915775305693,8.206763006491,15
45.915686542521,8.219650140818,15
45.927389468877,7.407699874241,15
45.927392275506,7.420590435256,15
45.927393604961,7.433480997287,15
45.927393457244,7.446371559610,15
45.927391832354,7.459262121496,15
45.927388730291,7.472152682220,15
45.927384151054,7.485043241054,15
45.927378094645,7.497933797273,15
45.927370561063,7.510824350148,15
45.927361550307,7.523714898955,15
45.927351062379,7.536605442965,15
45.927339097278,7.549495981453,15
45.927310735556,7.575277038954,15
45.927294338936,7.588167556513,15
45.927276465142,7.601058065644,15
45.924943270389,8.181110469251,15
45.924857446638,8.193999805105,15
45.924770145713,8.206889098377,15
45.924681367616,8.219778348339,15
45.924591112346,8.232667554266,15
45.924499379903,8.245556715429,15
45.936380477229,7.394802119343,15
45.936384761750,7.407694794974,15
45.936387568851,7.420587472350,15
45.936388898530,7.433480150743,15
45.936388750788,7.446372829427,15
45.936387125625,7.459265507674,15
45.936384023040,7.472158184759,15
45.936379443034,7.485050859955,15
45.936373385606,7.497943532534,15
45.936365850757,7.510836201771,15
45.936356838487,7.523728866939,15
45.936346348796,7.536621527310,15
45.933938152022,8.181232371657,15
45.933852313843,8.194123823873,15
45.933764998242,8.207015233506,15
45.933676205220,8.219906599829,15
45.933585934777,8.232797922117,15
45.933494186912,8.245689199642,15
45.945370018746,7.381900131000,15
45.945375781657,7.394794921248,15
45.945380066899,7.407689713966,15
45.945382874472,7.420584508429,15
45.945384204375,7.433479303908,15
45.945384056608,7.446374099679,15
45.945382431171,7.459268895013,15
45.945379328065,7.472163689185,15
45.945341647488,7.536637617170,15
45.942847193324,8.194247885158,15
45.942759863047,8.207141411878,15
45.942671055100,8.220034895288,15
45.942580769483,8.232928334662,15
45.942489006197,8.245821729274,15
45.942395765241,8.258715078396,15
45.942301046615,8.271608381303,15
45.954365334248,7.381890812626,15
45.954371098129,7.394787720686,15
45.954375384091,7.407684631217,15
45.954378192135,7.420581543491,15
45.954379522261,7.433478456783,15
45.951842084847,8.194371988961,15
45.951754739893,8.207267633493,15
45.951575616232,8.233058791902,15
45.951483837524,8.245954304326,15
45.951390580898,8.258849771261,15
45.951295846354,8.271745191980,15
45.951199633892,8.284640565756,15
45.963334498016,7.343184433356,15
45.963344697363,7.356083448182,15
45.963353418545,7.368982467659,15
45.963360661560,7.381881491059,15
45.963366426408,7.394780517657,15
45.963370713091,7.407679546726,15
45.963373521607,7.420578577538,15
45.960570474789,8.233189293836,15
45.960478680660,8.246086924798,15
45.960385408364,8.258984510271,15
45.960290657902,8.271882049527,15
45.960194429274,8.284779541841,15
45.960096722479,8.297676986486,15
45.959997537518,8.310574382734,15
45.959896874391,8.323471729860,15
45.959794733097,8.336369027137,15
45.959691113637,8.349266273837,15
45.972318153031,7.330267622094,15
45.972329832507,7.343168750806,15
45.972340033568,7.356069884896,15
45.972348756215,7.368971023636,15
45.972356000447,7.381872166300,15
45.972361766264,7.394773312161,15
45.972368862654,7.420575610569,15
45.969473535371,8.246219590690,15
45.969380247406,8.259119295426,15
45.969285481026,8.272018953946,15
45.969189236231,8.284918565523,15
45.969091513021,8.297818129431,15
45.968992311397,8.310717644943,15
45.968891631358,8.323617111333,15
45.968789472905,8.336516527873,15
45.968685836037,8.349415893837,15
45.968580720754,8.362315208498,15
45.968474127057,8.375214471130,15
45.981285698039,7.304443335823,15
45.981300336803,7.317346571590,15
45.981313496903,7.330249814187,15
45.981325178341,7.343153062888,15
45.981335381116,7.356056316966,15
45.981344105227,7.368959575695,15
45.981351350676,7.381862838348,15
45.981357117462,7.394766104199,15
45.981361405584,7.407669372520,15
45.978375097790,8.259254126726,15
45.978280315491,8.272155905235,15
45.978184054530,8.285057636801,15
45.978086314906,8.297959320699,15
45.977987096618,8.310860956200,15
45.977886399668,8.323762542578,15
45.977784224055,8.336664079107,15
45.977680569779,8.349565565060,15
45.977575436839,8.362466999710,15
45.977468825237,8.375368382331,15
45.977360734972,8.388269712196,15
45.977251166043,8.401170988579,15
45.990264928217,7.291515931468,15
45.990281048351,7.304421280392,15
45.990295689573,7.317326636873,15
45.990308851884,7.330232000185,15
45.990320535284,7.343137369600,15
45.990330739772,7.356042744393,15
45.990339465349,7.368948123837,15
45.986881179087,8.323908023596,15
45.986778986314,8.336811680840,15
45.986675314629,8.349715287508,15
45.986570164033,8.362618842873,15
45.986463534526,8.375522346208,15
45.986355426108,8.388425796788,15
45.986245838778,8.401329193885,15
45.986134772537,8.414232536772,15
45.986022227384,8.427135824724,15
45.999242684698,7.278584284971,15
45.999260286698,7.291491747051,15
45.999276409539,7.304399217415,15
45.999291053219,7.317306695336,15
45.999304217740,7.330214180088,15
45.999315903102,7.343121670943,15
45.995564902103,8.362770737985,15
45.995458254691,8.375676362760,15
45.995350128119,8.388581934780,15
45.995240522388,8.401487453317,15
45.995129437497,8.414392917645,15
45.995016873447,8.427298327036,15
45.994902830236,8.440203680765,15
45.994787307866,8.453108978105,15
46.008238050866,7.278557970117,15
46.008255655821,7.291467554363,15
46.008271781369,7.304377146892,15
46.008286427508,7.317286746979,15
46.008299594239,7.330196353896,15
46.004344840773,8.388738126173,15
46.004235216641,8.401645766876,15
46.004124113100,8.414553353369,15
46.004011530151,8.427460884926,15
46.003897467794,8.440368360821,15
46.003781926029,8.453275780327,15
46.003664904857,8.466183142716,15
46.017214339876,7.265619948140,15
46.017233427443,7.278531646266,15
46.017251035353,7.291443353403,15
46.017267163607,7.304355068823,15
46.013229921302,8.401804134561,15
46.013118799111,8.414713843946,15
46.013006197264,8.427623498394,15
46.012892115761,8.440533097180,15
46.012776554601,8.453442639577,15
46.012659513785,8.466352124857,15
46.026189152750,7.252677679670,15
46.026209723425,7.265591491675,15
46.026228814195,7.278505313418,15
46.026246425061,7.291419144171,15
46.026262556022,7.304332983209,15
46.022000874553,8.427786167439,15
46.021886773903,8.440697889842,15
46.021771193349,8.453609555855,15
46.021654132890,8.466521164753,15
46.021535592526,8.479432715807,15
46.021415572257,8.492344208293,15
46.035184542790,7.252647089140,15
46.035205116916,7.265563025488,15
46.035224210890,7.278478971573,15
46.035241824711,7.291394926669,15
46.035257958378,7.304310890048,15
46.030881441988,8.440862738807,15
46.030765842039,8.453776529163,15
46.030648761936,8.466690262402,15
46.030530201681,8.479603937800,15
46.030410161273,8.492517554627,15
46.044157884558,7.239698437211,15
46.044179942538,7.252616488163,15
46.044200520116,7.265534549578,15
46.044219617293,7.278452620731,15
46.044237234069,7.291370700895,15
46.039760500437,8.453943559499,15
46.039643400692,8.466859417806,15
46.039524820545,8.479775218271,15
46.039404759997,8.492690960167,15
46.039283219047,8.505606642767,15
46.053153290081,7.239665699992,15
46.053175351761,7.252585876737,15
46.053195932792,7.265506063946,15
46.053215033172,7.278426260893,15
46.048638048923,8.467028630965,15
46.048519448885,8.479946557223,15
46.048399368197,8.492864424912,15
46.048277806859,8.505782233305,15
46.062100131393,7.213788379370,15
46.062125158569,7.226710659526,15
46.062148704847,7.239632951599,15
46.062170770227,7.252555254864,15
46.062191354709,7.265477568592,15
46.062210458294,7.278399892057,15
46.057632706396,8.467197901877,15
46.057514086466,8.480117954654,15
46.057393985638,8.493037948862,15
46.057272403913,8.505957883774,15
46.071069034503,7.200826970558,15
46.071095547022,7.213751365315,15
46.071120578395,7.226675772715,15
46.071144128622,7.239600192033,15
46.071166197702,7.252524622542,15
46.071186785636,7.265449063515,15
46.066627372878,8.467367230544,15
46.066508733057,8.480289410566,15
46.066388612089,8.493211532018,15
46.066267009975,8.506133594175,15
46.080036456103,7.187861306552,15
46.080064454462,7.200787815908,15
46.080090971427,7.213714338635,15
46.080116006997,7.226640874006,15
46.080139561172,7.239567421294,15
46.075622048136,8.467536616964,15
46.075503388423,8.480460924957,15
46.075383247316,8.493385174379,15
46.075261624813,8.506309364506,15
46.089031879912,7.187820009856,15
46.089059882964,7.200748647908,15
46.089086404374,7.213677299330,15
46.089111444141,7.226605963397,15
46.089135002264,7.239534639380,15
46.084616731936,8.467706061140,15
46.084498052331,8.480632497827,15
46.084377891084,8.493558875946,15
46.084256248194,8.506485194768,15
46.097966850862,7.161917207157,15
46.097997822391,7.174847945709,15
46.098027312029,7.187778699084,15
46.098055319775,7.200709466557,15
46.098081845630,7.213640247401,15
46.098106889593,7.226571040889,15
46.093611424045,8.467875563069,15
46.093492724549,8.480804129178,15
46.093372543162,8.493732636717,15
46.093250879883,8.506661084961,15
46.106823552650,7.110140309996,15
46.106860457928,7.123073112132,15
46.106895881066,7.136005931998,15
46.106929822065,7.148938768868,15
46.106962280923,7.161871622016,15
46.106993257642,7.174804490715,15
46.107022752222,7.187737374237,15
46.107050764661,7.200670271857,15
46.107077294961,7.213603182847,15
46.102606124229,8.468045122752,15
46.102487404842,8.480975819008,15
46.102367203315,8.493906456694,15
46.102245519648,8.506837035085,15
46.115780573460,7.097151271288,15
46.115818967310,7.110086185839,15
46.115855878771,7.123021118847,15
46.115891307844,7.135956069586,15
46.115925254529,7.148891037328,15
46.115957718826,7.161826021348,15
46.115988700736,7.174761020919,15
46.116018200257,7.187696035314,15
46.116046217390,7.200631063806,15
46.111600832256,8.468214740190,15
46.111482092977,8.481147567318,15
46.111361871310,8.494080335877,15
46.111240167255,8.507013045140,15
46.124775989296,7.097094997104,15
46.124814389578,7.110032043252,15
46.124851307222,7.122969107858,15
46.124886742231,7.135906190195,15
46.120476788721,8.481319374108,15
46.120356546914,8.494254274265,15
46.120234822471,8.507189115125,15
46.120111615392,8.520123895963,15
46.133771412508,7.097038703765,15
46.133809819221,7.109977882237,15
46.133846743049,7.122917079166,15
46.129471491840,8.481491239378,15
46.129351229894,8.494428271858,15
46.129229485063,8.507365245042,15
46.129106257347,8.520302158203,15
46.142766842862,7.096982391271,15
46.142805256007,7.109923702792,15
46.142842186018,7.122865032771,15
46.138466202102,8.481663163127,15
46.138345920016,8.494602328656,15
46.138224154796,8.507541434889,15
46.138100906444,8.520480481099,15
46.151762280125,7.096926059623,15
46.151800699701,7.109869504919,15
46.151837635897,7.122812968672,15
46.147460919273,8.481835145356,15
46.147340617046,8.494776444660,15
46.147218831439,8.507717684667,15
46.147095562450,8.520658864652,15
46.146970810080,8.533599983888,15
46.160757724063,7.096869708820,15
46.160796150072,7.109815288616,15
46.160833092450,7.122760886869,15
46.156335320753,8.494950619869,15
46.156213514757,8.507893994377,15
46.156090225132,8.520837308862,15
46.155965451877,8.533780562597,15
46.169753174444,7.096813338862,15
46.169791606884,7.109761053884,15
46.169828555446,7.122708787363,15
46.169864020130,7.135656538572,15
46.165330030901,8.495124854283,15
46.165208204518,8.508070364017,15
46.165084894256,8.521015813727,15
46.164960100116,8.533961202689,15
46.178748631033,7.096756949750,15
46.178787069905,7.109706800723,15
46.178824024651,7.122656670153,15
46.178859495270,7.135606557313,15
46.174324747259,8.495299147903,15
46.174202900487,8.508246793588,15
46.174079569589,8.521194379250,15
46.173954754564,8.534141904162,15
46.173828455413,8.547089367599,15
46.187744093598,7.096700541483,15
46.187782538902,7.109652529133,15
46.187819499831,7.122604535239,15
46.183197602432,8.508423283089,15
46.183074250897,8.521373005428,15
46.182949414987,8.534322667018,15
46.182823094703,8.547272267131,15
46.182695290045,8.560221805042,15
46.196699625547,7.083690008194,15
46.196739561906,7.096644114062,15
46.196778013641,7.109598239113,15
46.192068937948,8.521551692263,15
46.191944081153,8.534503491255,15
46.191817739736,8.547455228771,15
46.191689913696,8.560406904084,15
46.205695092683,7.083631423490,15
46.205735035722,7.096587667485,15
46.205773493889,7.109543930665,15
46.201063630507,8.521730439755,15
46.200938752828,8.534684376874,15
46.200812390277,8.547638252518,15
46.200684542856,8.560592065959,15
46.214690565094,7.083572818905,15
46.214730514813,7.096531201754,15
46.214768979413,7.109489603787,15
46.210058328342,8.521909247903,15
46.209933429778,8.534865323876,15
46.209807046094,8.547821338373,15
46.209679177291,8.560777290667,15
46.209549823368,8.573733180032,15
46.223686042548,7.083514194441,15
46.223725998947,7.096474716869,15
46.223764469978,7.109435258481,15
46.223801455642,7.122395818550,15
46.218928111770,8.535046332259,15
46.218801706954,8.548004486335,15
46.218673816769,8.560962578209,15
46.218544441216,8.573920607153,15
46.218413580295,8.586878572441,15
46.232721487890,7.096418212829,15
46.232759965353,7.109380894745,15
46.232796957200,7.122343595119,15
46.232832463430,7.135306313224,15
46.227922798572,8.535227402025,15
46.227796372622,8.548187696405,15
46.227668461055,8.561147928583,15
46.227539063873,8.574108097832,15
46.227408181074,8.587068203424,15
46.241677011649,7.083396885871,15
46.241716981408,7.096361689634,15
46.241755465303,7.109326512580,15
46.241792463333,7.122291353984,15
46.236917489949,8.535408533172,15
46.236791042865,8.548370968583,15
46.236663109918,8.561333341791,15
46.236533691105,8.574295652069,15
46.236402786428,8.587257898692,15
46.250672502829,7.083338201766,15
46.250712479269,7.096305147284,15
46.250750969596,7.109272111986,15
46.250787973809,7.122239095146,15
46.245912185668,8.535589725701,15
46.245785717451,8.548554302868,15
46.245657763122,8.561518817831,15
46.245528322680,8.574483269866,15
46.245397396125,8.587447658244,15
46.259626528637,7.070310429691,15
46.259667998119,7.083279497780,15
46.259707981238,7.096248585780,15
46.259746477997,7.109217692963,15
46.259783488394,7.122186818604,15
46.254780396146,8.548737699260,15
46.254652420435,8.561704356705,15
46.254522958363,8.574670951221,15
46.254392009930,8.587637482080,15
46.268622020874,7.070249562619,15
46.268663497283,7.083220773914,15
46.268703487083,7.096192005121,15
46.268741990274,7.109163255511,15
46.263775078717,8.548921157760,15
46.263647081624,8.561889958412,15
46.263517597922,8.574858696135,15
46.263386627611,8.587827370201,15
46.277617516752,7.070188674940,15
46.277659000091,7.083162030169,15
46.277698996571,7.096135405307,15
46.277737506193,7.109108799630,15
46.272769764929,8.549104678368,15
46.272641746455,8.562075622952,15
46.272512241124,8.575046504607,15
46.272381248934,8.588017322606,15
46.286570038667,7.057152287408,15
46.286613016040,7.070127766656,15
46.286654506307,7.083103266542,15
46.286694509467,7.096078786339,15
46.281891007300,8.536315109639,15
46.281764454551,8.549288261084,15
46.281636414695,8.562261350325,15
46.281506887734,8.575234376638,15
46.281375873666,8.588207339295,15
46.295565533953,7.057089213135,15
46.295608518503,7.070066837767,15
46.295650015698,7.083044483036,15
46.295690025539,7.096022148216,15
46.295728548024,7.108999832580,15
46.290885721230,8.536496609078,15
46.290759147348,8.549471905906,15
46.290631086111,8.562447140532,15
46.290501537519,8.575422312228,15
46.290370501573,8.588397420268,15
46.304604023908,7.070005888271,15
46.304645528032,7.082985679649,15
46.304685544552,7.095965490938,15
46.304724073470,7.108945321411,15
46.304761114785,7.121925170342,15
46.299880438102,8.536678169900,15
46.299753843087,8.549655612837,15
46.299625760469,8.562632993571,15
46.299496190247,8.575610311376,15
46.313641043074,7.082926856383,15
46.313681066275,7.095908814506,15
46.313719601625,7.108890791814,15
46.313756649123,7.121872787579,15
46.308875157683,8.536859792103,15
46.308748541535,8.549839381875,15
46.308620437535,8.562818909444,15
46.308490845684,8.575798374083,15
46.322636560593,7.082868013236,15
46.322676590474,7.095852118919,15
46.322715132255,7.108836243787,15
46.322752185937,7.121820387112,15
46.317869879740,8.537041475689,15
46.317743242459,8.550023213020,15
46.317615117077,8.563004888149,15
46.317485503596,8.575986500349,15
46.317354402016,8.588968048893,15
46.331632080353,7.082809150208,15
46.331672116914,7.095795404178,15
46.331710665127,7.108781677331,15
46.331747724993,7.121767968942,15
46.326864604039,8.537223220656,15
46.326737945625,8.550207106273,15
46.326609798862,8.563190929688,15
46.326480163751,8.576174690173,15
46.326349040292,8.589158387003,15
46.340627602122,7.082750267301,15
46.340667645364,7.095738670281,15
46.340706200009,7.108727092446,15
46.340743266057,7.121715533068,15
46.335859330347,8.537405027005,15
46.335732650799,8.550391061634,15
46.335604482655,8.563377034060,15
46.335474825914,8.576362943556,15
46.335343680577,8.589348789397,15
46.349623125667,7.082691364513,15
46.349663175589,7.095681917230,15
46.349701736666,7.108672489132,15
46.349738808898,7.121663079491,15
46.344854058431,8.537586894737,15
46.344727357750,8.550575079102,15
46.344599168224,8.563563201265,15
46.344469489853,8.576551260498,15
46.358618650754,7.082632441845,15
46.358658707356,7.095625145025,15
46.358697274865,7.108617867389,15
46.358734353280,7.121610608210,15
46.358769942603,7.134603366761,15
46.353848788057,8.537768823850,15
46.353722066242,8.550759158678,15
46.353593855335,8.563749431303,15
46.353464155335,8.576739640999,15
46.367654240432,7.095568353665,15
46.367692814373,7.108563227216,15
46.367729898972,7.121558119225,15
46.367765494230,7.134553028965,15
46.362843518991,8.537950814346,15
46.362716776044,8.550943300361,15
46.362588543755,8.563935724174,15
46.362458822125,8.576928085058,15
46.376649774584,7.095511543150,15
46.376688354956,7.108508568615,15
46.376725445739,7.121505612537,15
46.376761046932,7.134502674190,15
46.376795158535,7.147499752847,15
46.371838251001,8.538132866223,15
46.371711486921,8.551127504152,15
46.371583233251,8.564122079878,15
46.371453489991,8.577116592675,15
46.385683896382,7.108453891584,15
46.385720993348,7.121453088145,15
46.385756600476,7.134452302438,15
46.385790717766,7.147451533734,15
46.380832983854,8.538314979482,15
46.380706198640,8.551311770050,15
46.380577923588,8.564308498416,15
46.380448158698,8.577305163852,15
46.394640845180,7.095397864656,15
46.394679438417,7.108399196124,15
46.394716541566,7.121400546050,15
46.394752154630,7.134401913707,15
46.389827717315,8.538497154124,15
46.389700910968,8.551496098056,15
46.389572614535,8.564494979786,15
46.389442828015,8.577493798587,15
46.403636381159,7.095340996677,15
46.403674980827,7.108344482236,15
46.403712090160,7.121347986252,15
46.403747709158,7.134351507998,15
46.398822451152,8.538679390147,15
46.398695623672,8.551680488170,15
46.398567305857,8.564681523990,15
46.398437497708,8.577682496881,15
46.412631917279,7.095284109543,15
46.412670523379,7.108289749918,15
46.412707638896,7.121295408749,15
46.412743263829,7.134301085312,15
46.412777398180,7.147306778878,15
46.407817185131,8.538861687553,15
46.407690336518,8.551864940391,15
46.407561997321,8.564868131027,15
46.407432167542,8.577871258733,15
46.421627453309,7.095227203255,15
46.421666065840,7.108234999171,15
46.421703187541,7.121242813544,15
46.421738818409,7.134250645647,15
46.417061186018,8.513033045879,15
46.416937297934,8.526038576484,15
46.416811919019,8.539044046340,15
46.416685049273,8.552049454720,15
46.416556688695,8.565054800896,15
46.416426837286,8.578060084144,15
46.430622989014,7.095170277812,15
46.430661607977,7.108180229994,15
46.430698735861,7.121190200634,15
46.430734372665,7.134200189005,15
46.430768518389,7.147210194379,15
46.426055961103,8.513211153515,15
46.425932052383,8.526218840387,15
46.425806652583,8.539226466509,15
46.425679761703,8.552234031156,15
46.439657149556,7.108125442389,15
46.439694283624,7.121137570021,15
46.439729926363,7.134149715384,15
46.439764077774,7.147161877751,15
46.435050735630,8.513389321082,15
46.434926806273,8.526399164946,15
46.434801385588,8.539408948061,15
46.434674473576,8.552418669699,15
46.448652690344,7.108070636355,15
46.448689830595,7.121084921705,15
46.448725479269,7.134099224785,15
46.448759636367,7.147113544870,15
46.448792301889,7.160127881232,15
46.444167967783,8.500555486975,15
46.444045509366,8.513567548580,15
46.443921559373,8.526579550162,15
46.443796117803,8.539591490994,15
46.443669184657,8.552603370351,15
46.457648230108,7.108015811891,15
46.457685376542,7.121032255685,15
46.457721031152,7.134048717209,15
46.457755193936,7.147065195737,15
46.457787864897,7.160081690542,15
46.453162760883,8.500731615960,15
46.453040282077,8.513745836008,15
46.452916311448,8.526759996033,15
46.452790848993,8.539774095310,15
46.452663894714,8.552788133110,15
46.466680921231,7.120979571961,15
46.466716581776,7.133998192654,15
46.466750750248,7.147016830351,15
46.466783426646,7.160035484326,15
46.462157552724,8.500907804150,15
46.462035053531,8.513924183367,15
46.461911062265,8.526940502562,15
46.461785578926,8.539956761007,15
46.475676464429,7.120926870534,15
46.475712130909,7.133947651122,15
46.475746305068,7.146968448713,15
46.475778986905,7.159989262582,15
46.475810176421,7.173010092002,15
46.471392905274,8.475046796162,15
46.471273370335,8.488065453139,15
46.471152343075,8.501084051546,15
46.471029823494,8.514102590658,15
46.470905811591,8.527121069747,15
46.470780307367,8.540139488086,15
46.484707678318,7.133897092611,15
46.484741858163,7.146920050823,15
46.484774545439,7.159943025312,15
46.484805740145,7.172966015351,15
46.480268179102,8.488239599120,15
46.480147131702,8.501260358147,15
46.480024591732,8.514281057879,15
46.479900559193,8.527301697588,15
46.493703223769,7.133846517122,15
46.493737409301,7.146871636680,15
46.493770102016,7.159896772514,15
46.493801301912,7.172921923900,15
46.493831008990,7.185947090109,15
46.489382560632,8.475390824638,15
46.489262985910,8.488413803580,15
46.489141918370,8.501436723954,15
46.489019358012,8.514459585031,15
46.502732958248,7.146823206284,15
46.502765656401,7.159850504190,15
46.502796861487,7.172877817647,15
46.502826573507,7.185905145927,15
46.502854792461,7.198932488305,15
46.498257790527,8.488588066521,15
46.498136702848,8.501613148965,15
46.498014122102,8.514638172114,15
46.511761208362,7.159804220339,15
46.511792418638,7.172833696593,15
46.511822135600,7.185863187670,15
46.511850359247,7.198892692845,15
46.507372207225,8.475735084130,15
46.507252592720,8.488762387941,15
46.507131484901,8.501789633182,15
46.507008883767,8.514816819128,15
46.520756757665,7.159757920961,15
46.520787973132,7.172789560737,15
46.520817695035,7.185821215337,15
46.520845923376,7.198852884034,15
46.520872658154,7.211884566101,15
46.516601814755,8.449848193041,15
46.516485167485,8.462877775332,15
46.516367026652,8.475907300508,15
46.516247392255,8.488936767841,15
46.516126264296,8.501966176605,15
46.516003642774,8.514995526073,15
46.529783524734,7.172745410080,15
46.529813251579,7.185779228928,15
46.529841484613,7.198813061873,15
46.529868223836,7.211846908188,15
46.525480003663,8.463047885216,15
46.525361843187,8.476079574640,15
46.525242188899,8.489111206221,15
46.525121040800,8.502142779233,15
46.538779073211,7.172701244622,15
46.538808804999,7.185737228443,15
46.538837042726,7.198773226361,15
46.538863786394,7.211809237650,15
46.538889036003,7.224845261583,15
46.534591522778,8.450184140616,15
46.534474836718,8.463218052129,15
46.534356656598,8.476251906526,15
46.534236982419,8.489285703081,15
46.547804355060,7.185695213882,15
46.547832597482,7.198733377500,15
46.547859345595,7.211771554488,15
46.547884599400,7.224809744120,15
46.547908358897,7.237847945669,15
46.543701583016,8.437316065257,15
46.543586371869,8.450352198859,15
46.543469666414,8.463388276071,15
46.543351466651,8.476424296167,15
46.556799901531,7.185653185246,15
46.556828148646,7.198693515288,15
46.556854901204,7.211733858700,15
46.556880159206,7.224774214757,15
46.552922424580,8.411405247065,15
46.552810183399,8.424443657690,15
46.552696447662,8.437482013378,15
46.552581217369,8.450520313404,15
46.552464492519,8.463558557041,15
46.565823695985,7.198653639726,15
46.565850452989,7.211696150288,15
46.565875715188,7.224738673495,15
46.565899482582,7.237781208619,15
46.565921755172,7.250823754934,15
46.561917322950,8.411566916463,15
46.561805063120,8.424607494238,15
46.561691308484,8.437648017077,15
46.561576059045,8.450688484253,15
46.574819239267,7.198613750813,15
46.574846000716,7.211658429252,15
46.574871267112,7.224703120334,15
46.574895038455,7.237747823334,15
46.574917314744,7.250792537524,15
46.570912217262,8.411728639988,15
46.570799938782,8.424771385638,15
46.570686165249,8.437814076353,15
46.583841544152,7.211620695591,15
46.583866814745,7.224667555274,15
46.583890590036,7.237714426875,15
46.583912870026,7.250761309667,15
46.583933654714,7.263808202922,15
46.580017909113,8.398845449178,15
46.579907107284,8.411890417639,15
46.579794810154,8.424935331891,15
46.579681017722,8.437980191206,15
46.592837083064,7.211582949305,15
46.592862357853,7.224631978315,15
46.592886137093,7.237681019243,15
46.592908420783,7.250730071361,15
46.592929208923,7.263779133943,15
46.592948501514,7.276828206263,15
46.589012813011,8.399005111629,15
46.588901992781,8.412052249417,15
46.588789677001,8.425099332995,15
46.588675865671,8.438146361637,15
46.601857896204,7.224596389457,15
46.601881679392,7.237647600437,15
46.601903966782,7.250698822608,15
46.601924758374,7.263750055242,15
46.601944054168,7.276801297614,15
46.601961854165,7.289852548997,15
46.601978158363,7.302903808664,15
46.598224902021,8.373066052079,15
46.598117054985,8.386115466158,15
46.598007712152,8.399164827481,15
46.610877216700,7.237614170457,15
46.610899507790,7.250667563406,15
46.610920302834,7.263720966819,15
46.610939601832,7.276774379968,15
46.610957404783,7.289827802129,15
46.610973711688,7.302881232574,15
46.607326201123,8.360169842890,15
46.607219832229,8.373221479776,15
46.607111967288,8.386273064633,15
46.607002606301,8.399324596733,15
46.619895043574,7.250636293756,15
46.619915842070,7.263691868672,15
46.619935144271,7.276747453326,15
46.619952950177,7.289803046990,15
46.619969259789,7.302858648938,15
46.619984073106,7.315914258443,15
46.616631325647,8.321161420956,15
46.616529427980,8.334215381073,15
46.616426034019,8.347269291341,15
46.616321143762,8.360323151033,15
46.616214757212,8.373376959423,15
46.616106874366,8.386430715783,15
46.615997495226,8.399484419387,15
46.628930681252,7.276720517686,15
46.628948490114,7.289778283579,15
46.628964802432,7.302836057756,15
46.628979618208,7.315893839491,15
46.625825653836,8.295195852302,15
46.625726732343,8.308252082167,15
46.625626314308,8.321308263636,15
46.625524399730,8.334364395983,15
46.625420988608,8.347420478480,15
46.625316080944,8.360476510401,15
46.625209676737,8.373532491019,15
46.625101775987,8.386588419608,15
46.624992378693,8.399644295441,15
46.637926212542,7.276693573050,15
46.637944024359,7.289753511897,15
46.637960339385,7.302813459029,15
46.637975157619,7.315873413718,15
46.637988479062,7.328933375237,15
46.638000303713,7.341993342861,15
46.635108502857,8.256162906553,15
46.635014055324,8.269221450201,15
46.634918111000,8.282279947632,15
46.634820669884,8.295338398121,15
46.634721731977,8.308396800941,15
46.634621297278,8.321455155364,15
46.634519365788,8.334513460665,15
46.634415937507,8.347571716117,15
46.634311012435,8.360629920992,15
46.646939552680,7.289728731944,15
46.646955870412,7.302790852756,15
46.646970691105,7.315852981125,15
46.646984014758,7.328915116324,15
46.646995841371,7.341977257628,15
46.647006170945,7.355039404309,15
46.647015003479,7.368101555641,15
46.644287996022,8.230177408531,15
46.644196526899,8.243238216111,15
46.644103560735,8.256298978928,15
46.644009097532,8.269359696256,15
46.643913137290,8.282420367367,15
46.643815680007,8.295480991536,15
46.643716725686,8.308541568036,15
46.643616274324,8.321602096140,15
46.643514325923,8.334662575121,15
46.643410880482,8.347723004253,15
46.655935074843,7.289703943719,15
46.655951395282,7.302768238937,15
46.655966218433,7.315832541711,15
46.655979544297,7.328896851317,15
46.655991372872,7.341961167026,15
46.656001704159,7.355025488113,15
46.656010538158,7.368089813850,15
46.656017874869,7.381154143512,15
46.653548547500,8.191119970249,15
46.653461555067,8.204183082162,15
46.653373065346,8.217246151493,15
46.653283078337,8.230309177515,15
46.653191594041,8.243372159500,15
46.653098612456,8.256435096723,15
46.653004133583,8.269497988456,15
46.652908157422,8.282560833973,15
46.652810683973,8.295623632548,15
46.652711713237,8.308686383454,15
46.652611245212,8.321749085963,15
46.664961739371,7.315812095478,15
46.664975067444,7.328878580215,15
46.664986897981,7.341945071055,15
46.664997230982,7.355011567273,15
46.665006066446,7.368078068142,15
46.665013404374,7.381144572934,15
46.665019244766,7.394211080924,15
46.662795702818,8.152049148444,15
46.662713188566,8.165114558877,15
46.662629176778,8.178179928907,15
46.662543667453,8.191245257808,15
46.662456660592,8.204310544852,15
46.662368156195,8.217375789314,15
46.662278154261,8.230440990467,15
46.662186654791,8.243506147583,15
46.662093657785,8.256571259937,15
46.661999163242,8.269636326802,15
46.661903171163,8.282701347450,15
46.673982416466,7.341928969715,15
46.673992751180,7.354997641790,15
46.674001588110,7.368066318515,15
46.674008927255,7.381134999164,15
46.674014768615,7.394203683011,15
46.674019112190,7.407272369329,15
46.674021957981,7.420341057390,15
46.674023305987,7.433409746469,15
46.671871888092,8.139100324259,15
46.671790857942,8.152167950224,15
46.671708330007,8.165235536514,15
46.671624304287,8.178303082401,15
46.671538780782,8.191370587158,15
46.671451759493,8.204438050059,15
46.671363240419,8.217505470378,15
46.671273223561,8.230572847387,15
46.671181708918,8.243640180361,15
46.671088696490,8.256707468571,15
46.682988264521,7.354983711663,15
46.682997102915,7.368054564971,15
46.683004443277,7.381125422202,15
46.683010285606,7.394196282631,15
46.683014629902,7.407267145531,15
46.683017476164,7.420338010175,15
46.683018824394,7.433408875836,15
46.683018674591,7.446479741787,15
46.683017026754,7.459550607303,15
46.681321852612,8.060797381283,15
46.681249797224,8.073867406627,15
46.681176243804,8.086937396655,15
46.681101192351,8.100007350640,15
46.681024642864,8.113077267855,15
46.680946595345,8.126147147575,15
46.680867049793,8.139216989072,15
46.680786006207,8.152286791620,15
46.680703464589,8.165356554492,15
46.680619424938,8.178426276961,15
46.680533887254,8.191495958300,15
46.680446851536,8.204565597784,15
46.680358317786,8.217635194685,15
46.691999952209,7.381115842048,15
46.692005795506,7.394188879784,15
46.692010140522,7.407261919992,15
46.692012987256,7.420334961944,15
46.692014335709,7.433408004913,15
46.692014185881,7.446481048172,15
46.692012537772,7.459554090996,15
46.692009391381,7.472627132657,15
46.692004746709,7.485700172428,15
46.691998603755,7.498773209584,15
46.690456722435,8.034756512794,15
46.690387651666,8.047828783898,15
46.690317082615,8.060901021139,15
46.690245015283,8.073973223790,15
46.690171449669,8.087045391126,15
46.690096385775,8.100117522419,15
46.690019823598,8.113189616942,15
46.689941763141,8.126261673970,15
46.689862204402,8.139333692775,15
46.689781147382,8.152405672631,15
46.689698592081,8.165477612810,15
46.689614538498,8.178549512587,15
46.689528986634,8.191621371235,15
46.701005643817,7.407256692712,15
46.701008491024,7.420331912697,15
46.701009839700,7.433407133699,15
46.701009689847,7.446482354992,15
46.701008041465,7.459557575849,15
46.701004894553,7.472632795544,15
46.701000249111,7.485708013349,15
46.700994105139,7.498783228538,15
46.700986462638,7.511858440384,15
46.700977321607,7.524933648161,15
46.699585637105,8.008706834164,15
46.699519551947,8.021781348846,15
46.699451968259,8.034855831119,15
46.699382886041,8.047930280256,15
46.699312305294,8.061004695531,15
46.699240226017,8.074079076216,15
46.699166648210,8.087153421585,15
46.699091571874,8.100227730911,15
46.699014997008,8.113302003468,15
46.698936923613,8.126376238529,15
46.698857351687,8.139450435368,15
46.698776281232,8.152524593257,15
46.710005336134,7.433406262196,15
46.710005186256,7.446483662248,15
46.710003537600,7.459561061864,15
46.710000390166,7.472638460317,15
46.709995743954,7.485715856881,15
46.709989598965,7.498793250829,15
46.709981955197,7.511870641435,15
46.709972812651,7.524948027971,15
46.709962171327,7.538025409711,15
46.709950031225,7.551102785928,15
46.709936392346,7.564180155896,15
46.708708593408,7.982648346852,15
46.708645494854,7.995725102932,15
46.708580897522,8.008801828056,15
46.708514801413,8.021878521498,15
46.708447206525,8.034955182530,15
46.708378112859,8.048031810426,15
46.708307520415,8.061108404459,15
46.708235429193,8.074184963903,15
46.708161839194,8.087261488031,15
46.708086750416,8.100337976117,15
46.708010162860,8.113414427433,15
46.707932076526,8.126490841253,15
46.718995877989,7.472644126977,15
46.718991231007,7.485723703026,15
46.718985084999,7.498803276458,15
46.718977439965,7.511882846548,15
46.718968295904,7.524962412569,15
46.718957652817,7.538041973793,15
46.718945510704,7.551121529495,15
46.718931869564,7.564201078948,15
46.718916729399,7.577280621424,15
46.718900090206,7.590360156198,15
46.718051041691,7.904264790639,15
46.717996926840,7.917343896680,15
46.717941312963,7.930422976125,15
46.717884200060,7.943502028247,15
46.717825588130,7.956581052319,15
46.717765477175,7.969660047616,15
46.717703867192,7.982739013410,15
46.717640758184,7.995817948974,15
46.717576150149,8.008896853583,15
46.717510043087,8.021975726509,15
46.717442437000,8.035054567025,15
46.717373331886,8.048133374406,15
46.717302727745,8.061212147924,15
46.717230624579,8.074290886853,15
46.727980563009,7.498813305425,15
46.727972916709,7.511895055725,15
46.727963771133,7.524976801955,15
46.727953126283,7.538058543390,15
46.727940982158,7.551140279302,15
46.727927338759,7.564222008965,15
46.727912196085,7.577303731652,15
46.727895554136,7.590385446636,15
46.727877412912,7.603467153190,15
46.727857772414,7.616548850589,15
46.727150114772,7.878179756737,15
46.727098989505,7.891261093999,15
46.727046364965,7.904342406119,15
46.726992241149,7.917423692370,15
46.726936618059,7.930504952025,15
46.726879495694,7.943586184357,15
46.726820874055,7.956667388640,15
46.726760753141,7.969748564146,15
46.726699132952,7.982829710150,15
46.726636013488,7.995910825925,15
46.726571394750,8.008991910744,15
46.726505276737,8.022072963880,15
46.736948591491,7.538075118501,15
46.736936445355,7.551159035349,15
46.736922799695,7.564242945947,15
46.736907654513,7.577326849570,15
46.736891009808,7.590410745489,15
46.736872865579,7.603494632980,15
46.736853221828,7.616578511314,15
46.736832078554,7.629662379766,15
46.736809435757,7.642746237608,15
46.736785293436,7.655830084115,15
46.736195081183,7.865169493561,15
46.736145446972,7.878253036175,15
46.736094313238,7.891336554373,15
46.736041679981,7.904420047429,15
46.735987547200,7.917503514615,15
46.735931914897,7.930586955206,15
46.735874783071,7.943670368474,15
46.735816151721,7.956753753692,15
46.735756020849,7.969837110134,15
46.735694390454,7.982920437074,15
46.735631260535,7.996003733784,15
46.745918252141,7.564263889895,15
46.745903104450,7.577349975179,15
46.745886456989,7.590436052760,15
46.745868309755,7.603522121911,15
46.745848662751,7.616608181907,15
46.745827515975,7.629694232020,15
46.745804869428,7.642780271523,15
46.745780723110,7.655866299691,15
46.745755077020,7.668952315796,15
46.745727931159,7.682038319111,15
46.745604350001,7.734382189947,15
46.745238555773,7.852154867752,15
46.745190413113,7.865240615716,15
46.745140770682,7.878326339992,15
46.745089628479,7.891412039852,15
46.745036986505,7.904497714569,15
46.744982844760,7.917583363416,15
46.744927203244,7.930668985668,15
46.744811420897,7.956840147476,15
46.744751280066,7.969925685580,15
46.744689639465,7.983011194181,15
46.754863745207,7.603549619985,15
46.754844094949,7.616637862367,15
46.754822944672,7.629726094867,15
46.754800294375,7.642814316757,15
46.754776144058,7.655902527311,15
46.754750493722,7.668990725803,15
46.754723343366,7.682078911505,15
46.754694692991,7.695167083692,15
46.754664542595,7.708255241636,15
46.754632892180,7.721343384610,15
46.754599741746,7.734431511888,15
46.754565091291,7.747519622744,15
46.754528940817,7.760607716450,15
46.754491290324,7.773695792281,15
46.754452139810,7.786783849508,15
46.754411489277,7.799871887407,15
46.754369338725,7.812959905249,15
46.754325688153,7.826047902309,15
46.754280537561,7.839135877859,15
46.754233886949,7.852223831174,15
46.754185736318,7.865311761525,15
46.754136085667,7.878399668188,15
46.754084934996,7.891487550434,15
46.754032284306,7.904575407538,15
46.763818364411,7.629757968307,15
46.763795710364,7.642848373309,15
46.763771556050,7.655938766976,15
46.763745901467,7.669029148580,15
46.763718746616,7.682119517395,15
46.763690091497,7.695209872694,15
46.763659936110,7.708300213750,15
46.763628280456,7.721390539836,15
46.763595124533,7.734480850227,15
46.763560468342,7.747571144195,15
46.763524311883,7.760661421014,15
46.763486655156,7.773751679956,15
46.763447498162,7.786841920297,15
46.763406840899,7.799932141307,15
46.763364683368,7.813022342262,15
46.763321025569,7.826112522434,15
46.763275867502,7.839202681097,15
46.763229209168,7.852292817523,15
46.763181050565,7.865382930987,15
46.772766958850,7.655975018685,15
46.772741300020,7.669067584127,15
46.772714140675,7.682160136780,15
46.772685480813,7.695252675916,15
46.772655320434,7.708345200810,15
46.772623659540,7.721437710735,15
46.772590498129,7.734530204963,15
46.772555836201,7.747622682769,15
46.772519673758,7.760715143426,15
46.772482010798,7.773807586206,15
46.772442847322,7.786900010384,15
46.772402183329,7.799992415233,15
46.772360018820,7.813084800026,15
46.772316353795,7.826177164036,15
46.772271188253,7.839269506536,15
46.772224522195,7.852361826801,15
46.781680860704,7.695295493360,15
46.781650695334,7.708390202817,15
46.781619029199,7.721484897305,15
46.781585862300,7.734579576097,15
46.781551194636,7.747674238467,15
46.781515026208,7.760768883687,15
46.781477357015,7.773863511031,15
46.781438187057,7.786958119772,15
46.781397516335,7.800052709184,15
46.781355344847,7.813147278540,15
46.781311672596,7.826241827113,15
46.781266499579,7.839336354178,15
46.781219825798,7.852430859006,15
