46.232074353415,6.925312886407,16
46.232132441014,6.938275256584,16
46.241010155587,6.912263619184,16
46.241069738760,6.925228101615,16
46.241127836068,6.938192612821,16
46.241184447512,6.951157152077,16
46.241239573091,6.964121718656,16
46.250005535315,6.912176663904,16
46.250065128446,6.925143288090,16
46.250123235465,6.938109941053,16
46.250179856370,6.951076622064,16
46.250234991162,6.964043330399,16
46.250288639841,6.977010065329,16
46.258542079409,6.821309179261,16
46.258612087027,6.834277724150,16
46.258680608285,6.847246302901,16
46.258747643181,6.860214914789,16
46.258813191716,6.873183559086,16
46.258877253889,6.886152235066,16
46.258939829701,6.899120942001,16
46.259000919152,6.912089679166,16
46.259060522242,6.925058445834,16
46.259118638970,6.938027241277,16
46.259175269337,6.950996064770,16
46.259230413342,6.963964915586,16
46.259284070986,6.976933792997,16
46.259336242269,6.989902696278,16
46.259386927190,7.002871624702,16
46.267465884536,6.808236509112,16
46.267537390461,6.821207162618,16
46.267607409776,6.834177850714,16
46.267675942482,6.847148572672,16
46.267742988578,6.860119327767,16
46.267808548064,6.873090115270,16
46.267872620941,6.886060934457,16
46.267935207208,6.899031784599,16
46.267996306865,6.912002664971,16
46.268055919913,6.924973574845,16
46.268170686179,6.950915480195,16
46.268225839398,6.963886474218,16
46.268279506007,6.976857494836,16
46.268331686006,6.989828541324,16
46.268382379395,7.002799612954,16
46.268431586175,7.015770709001,16
46.268479306346,7.028741828736,16
46.268525539906,7.041712971435,16
46.268570286857,7.054684136369,16
46.268613547199,7.067655322813,16
46.268695608052,7.093597757322,16
46.275486997924,6.652461707211,16
46.275576358090,6.665434032897,16
46.275664231398,6.678406401893,16
46.275750617848,6.691378813472,16
46.276000856049,6.730296296438,16
46.276081295067,6.743268871080,16
46.276160247227,6.756241484672,16
46.276237712528,6.769214136487,16
46.276313690972,6.782186825798,16
46.276388182558,6.795159551878,16
46.276461187286,6.808132314001,16
46.276532705156,6.821105111439,16
46.276602736167,6.834077943467,16
46.276671280321,6.847050809358,16
46.276738337617,6.860023708385,16
46.276803908055,6.872996639821,16
46.276867991635,6.885969602939,16
46.277221269095,6.963808006294,16
46.277274944669,6.976781170845,16
46.277327133385,6.989754361265,16
46.277377835243,7.002727576828,16
46.277427050243,7.015700816807,16
46.277474778384,7.028674080475,16
46.277521019668,7.041647367105,16
46.277565774094,7.054620675972,16
46.277609041662,7.067594006348,16
46.277650822372,7.080567357507,16
46.277691116223,7.093540728722,16
46.277729923217,7.106514119266,16
46.277767243353,7.119487528412,16
46.277803076631,7.132460955435,16
46.283610845774,6.535563576661,16
46.283713604822,6.548537624522,16
46.284109769949,6.600434307191,16
46.284205093465,6.613408597031,16
46.284298929875,6.626382933088,16
46.284391279178,6.639357314634,16
46.284482141375,6.652331740943,16
46.284571516465,6.665306211287,16
46.284659404450,6.678280724941,16
46.284745805328,6.691255281178,16
46.284830719099,6.704229879270,16
46.284914145765,6.717204518492,16
46.284996085324,6.730179198117,16
46.285076537776,6.743153917417,16
46.285155503123,6.756128675667,16
46.285232981362,6.769103472140,16
46.285308972496,6.782078306109,16
46.285383476523,6.795053176847,16
46.285456493444,6.808028083627,16
46.285528023259,6.821003025724,16
46.285598065967,6.833978002410,16
46.285666621569,6.846953012958,16
46.285733690065,6.859928056643,16
46.286322584173,6.989680156102,16
46.286373294499,7.002655516323,16
46.286422517719,7.015630900959,16
46.286470253832,7.028606309285,16
46.286516502839,7.041581740574,16
46.286561264739,7.054557194099,16
46.286604539534,7.067532669132,16
46.286646327222,7.080508164949,16
46.286686627803,7.093483680822,16
46.286725441279,7.106459216024,16
46.286762767648,7.119434769828,16
46.286798606910,7.132410341509,16
46.286832959067,7.145385930339,16
46.292605846902,6.535414257973,16
46.292708623109,6.548390451218,16
46.292809911962,6.561366694311,16
46.293008027604,6.587319327139,16
46.293104854392,6.600295715420,16
46.293200193827,6.613272150644,16
46.293294045906,6.626248632084,16
46.293386410631,6.639225159014,16
46.293477288001,6.652201730706,16
46.293566678016,6.665178346434,16
46.293654580677,6.678155005471,16
46.293740995983,6.691131707091,16
46.293825923935,6.704108450567,16
46.293909364532,6.717085235173,16
46.293991317774,6.730062060181,16
46.294071783661,6.743038924865,16
46.294150762194,6.756015828498,16
46.294228253372,6.768992770354,16
46.294304257196,6.781969749706,16
46.294378773664,6.794946765828,16
46.294451802779,6.807923817992,16
46.294523344538,6.820900905472,16
46.295417988370,7.015560961459,16
46.295465732455,7.028538515168,16
46.295511989185,7.041516091841,16
46.295556758560,7.054493690749,16
46.295600040581,7.067471311166,16
46.295641835247,7.080448952366,16
46.295682142559,7.093426613622,16
46.295720962516,7.106404294207,16
46.295758295118,7.119381993395,16
46.295794140365,7.132359710460,16
46.295828498258,7.145337444673,16
46.301174801472,6.483352044402,16
46.301283545252,6.496330177091,16
46.301390801428,6.509308362536,16
46.301600850972,6.535264888787,16
46.301703644339,6.548243228140,16
46.301804950103,6.561221617342,16
46.301904768265,6.574200055668,16
46.302003098823,6.587178542389,16
46.302099941778,6.600157076779,16
46.302195297130,6.613135658112,16
46.302289164880,6.626114285661,16
46.302381545026,6.639092958699,16
46.302472437569,6.652071676500,16
46.302561842510,6.665050438338,16
46.302649759847,6.678029243484,16
46.302736189581,6.691008091213,16
46.302821131713,6.703986980798,16
46.302904586241,6.716965911512,16
46.302986553166,6.729944882629,16
46.303067032488,6.742923893422,16
46.303146024208,6.755902943165,16
46.303223528324,6.768882031130,16
46.303299544837,6.781861156591,16
46.303374073748,6.794840318821,16
46.303447115055,6.807819517094,16
46.304637346215,7.080389719758,16
46.304677660257,7.093369527123,16
46.304716486695,7.106349353817,16
46.304753825530,7.119329199114,16
46.304789676762,7.132309062287,16
46.304824040392,7.145288942609,16
46.309947749710,6.457233639506,16
46.310059487345,6.470213811337,16
46.310169737129,6.483194037378,16
46.310278499061,6.496174316902,16
46.310385773142,6.509154649181,16
46.310491559372,6.522135033490,16
46.310595857750,6.535115469102,16
46.310698668278,6.548095955290,16
46.310799990953,6.561076491327,16
46.311284286562,6.625979893818,16
46.311376682130,6.638960713691,16
46.311899810659,6.716846547511,16
46.311981791267,6.729827665463,16
46.312294835188,6.781752526762,16
46.313819585234,7.145240424149,16
46.313852466749,7.158222467728,16
46.313883860412,7.171204527004,16
46.313913766224,7.184186601249,16
46.313942184184,7.197168689736,16
46.318714673921,6.431106810713,16
46.318829406405,6.444089019506,16
46.318942650790,6.457071283961,16
46.319054407075,6.470053603353,16
46.319164675260,6.483035976954,16
46.319273455346,6.496018404038,16
46.319380747332,6.509000883878,16
46.319486551218,6.521983415747,16
46.319590867005,6.534965998918,16
46.319693694692,6.547948632666,16
46.322815132553,7.145191889290,16
46.322848019555,7.158176080430,16
46.322879418458,7.171160287265,16
46.322909329261,7.184144509070,16
46.322937751965,7.197128745118,16
46.327593299220,6.417955803055,16
46.327709539199,6.430940103745,16
46.327824290830,6.443924460824,16
46.327937554113,6.456908873565,16
46.328049329047,6.469893341242,16
46.328159615634,6.482877863129,16
46.328268413873,6.495862438498,16
46.328375723764,6.508847066624,16
46.331874978747,7.171116032581,16
46.331904894541,7.184102402671,16
46.331933321988,7.197088787005,16
46.331960261087,7.210075184854,16
46.331985711838,7.223061595493,16
46.332009674241,7.236048018194,16
46.332032148295,7.249034452232,16
46.336351162576,6.391814163447,16
46.336470399142,6.404800498189,16
46.336588147112,6.417786890773,16
46.336704406486,6.430773340474,16
46.336819177263,6.443759846564,16
46.336932459444,6.456746408317,16
46.337044253029,6.469733025005,16
46.337154558017,6.482719695903,16
46.340870541044,7.171071762950,16
46.340981292611,7.223025921907,16
46.341005259012,7.236014493619,16
46.341027736817,7.249003076668,16
46.341048726025,7.261991670326,16
46.341068226637,7.274980273866,16
46.341086238653,7.287968886563,16
46.341102762072,7.300957507689,16
46.345225227406,6.378652468753,16
46.345345972709,6.391640894663,16
46.345465229167,6.404629379141,16
46.345582996780,6.417617921463,16
46.345699275548,6.430606520900,16
46.345814065472,6.443595176727,16
46.345927366551,6.456583888216,16
46.350023327114,7.248971690511,16
46.350044319823,7.261962433906,16
46.350063823688,7.274953187183,16
46.350081838709,7.287943949616,16
46.350098364885,7.300934720479,16
46.353974020778,6.352496016898,16
46.354097764406,6.365486473951,16
46.354220018942,6.378476991027,16
46.354340784384,6.391467567399,16
46.354460060733,6.404458202340,16
46.354577847989,6.417448895123,16
46.354694146153,6.430439645023,16
46.354808955223,6.443430451312,16
46.359039915164,7.261933187618,16
46.359059422282,7.274926091358,16
46.359077440308,7.287919004253,16
46.359093969240,7.300911925578,16
46.359109009079,7.313904854606,16
46.359122559825,7.326897790610,16
46.359134621479,7.339890732863,16
46.359145194039,7.352883680638,16
46.362843518991,6.339323630099,16
46.362968772597,6.352316177591,16
46.363092536862,6.365308785831,16
46.363214811786,6.378301454095,16
46.363335597368,6.391294181655,16
46.363454893609,6.404286967784,16
46.363572700508,6.417279811755,16
46.368104617251,7.313884203202,16
46.368118170257,7.326879290394,16
46.368130233922,7.339874383835,16
46.368140808246,7.352869482798,16
46.371711486921,6.326146940292,16
46.371838251001,6.339141578222,16
46.371963525492,6.352136277627,16
46.372087310394,6.365131037781,16
46.372209605705,6.378125857958,16
46.372330411427,6.391120737431,16
46.372449727560,6.404115675473,16
46.377100226499,7.313863544833,16
46.377113781765,7.326860783938,16
46.377125847441,7.339858029293,16
46.377136423528,7.352855280170,16
46.377145510025,7.365852535843,16
46.377153106932,7.378849795585,16
46.380577923588,6.312965946029,16
46.380706198640,6.325962674394,16
46.380832983854,6.338959464962,16
46.380958279230,6.351956317006,16
46.381082084767,6.364953229800,16
46.381204400467,6.377950202616,16
46.386141127664,7.365840481064,16
46.386148725838,7.378839893446,16
46.386154834174,7.391839309170,16
46.386159452671,7.404838727510,16
46.386162581331,7.417838147739,16
46.389442828015,6.299780645858,16
46.389572614535,6.312779464658,16
46.389700910968,6.325778346388,16
46.389827717315,6.338777290321,16
46.389953033576,6.351776295729,16
46.390076859750,6.364775361887,16
46.395144345353,7.378829987969,16
46.395150454706,7.391831557057,16
46.395155073974,7.404833128762,16
46.395158203155,7.417834702356,16
46.395159842250,7.430836277112,16
46.395159991259,7.443837852305,16
46.398306199223,6.286591038329,16
46.398437497708,6.299591947564,16
46.398567305857,6.312592920455,16
46.398695623672,6.325593956275,16
46.398822451152,6.338595054297,16
46.398947788297,6.351596213796,16
46.404146075615,7.391823802333,16
46.404150695652,7.404827528128,16
46.404153825355,7.417831255812,16
46.404155464723,7.430834984658,16
46.404155613757,7.443838713941,16
46.404154272456,7.456842442933,16
46.407168036235,6.273397121993,16
46.407300847180,6.286400121661,16
46.407432167542,6.299403185711,16
46.407561997321,6.312406313418,16
46.407690336518,6.325409504054,16
46.407817185131,6.338412756892,16
46.413141696665,7.391816044997,16
46.413146317473,7.404821925607,16
46.413149447697,7.417827808107,16
46.413151087338,7.430833691769,16
46.413151236397,7.443839575867,16
46.413149894872,7.456845459675,16
46.413147062764,7.469851342465,16
46.413142740073,7.482857223512,16
46.416028338070,6.260198895400,16
46.416162661973,6.273203985500,16
46.416295495045,6.286209140709,16
46.416426837286,6.299214360300,16
46.416556688695,6.312219643548,16
46.416685049273,6.325224989725,16
46.422145069948,7.417824359241,16
46.422146709862,7.430832398444,16
46.422146858945,7.443840438084,16
46.422145517197,7.456848477433,16
46.422142684618,7.469856515764,16
46.422138361207,7.482864552352,16
46.422132546965,7.495872586469,16
46.422125241891,7.508880617389,16
46.424887103752,6.246996357100,16
46.425022941110,6.260003537630,16
46.425157287388,6.273010783997,16
46.425290142586,6.286018095472,16
46.425421506705,6.299025471331,16
46.425551379744,6.312032910845,16
46.431141139198,7.456851496206,16
46.431138306147,7.469861690805,16
46.431133982016,7.482871883659,16
46.431128166805,7.495882074043,16
46.431120860515,7.508892261229,16
46.433744332302,6.233789505642,16
46.433881683611,6.246798776602,16
46.434017543592,6.259808114125,16
46.434151912244,6.272817517484,16
46.434284789569,6.285826985952,16
46.434416175566,6.298836518802,16
46.440133927118,7.469866867586,16
46.440129602267,7.482879217433,16
46.440123786088,7.495891564809,16
46.440116478580,7.508903908988,16
46.440107679745,7.521916249242,16
46.442738888498,6.233589700966,16
46.442876262678,6.246601129643,16
46.443012145282,6.259612624884,16
46.443146536310,6.272624185961,16
46.443279435761,6.285635812147,16
46.449125221727,7.482886553674,16
46.449119404579,7.495901058768,16
46.449112095855,7.508915560664,16
46.449103295555,7.521930058637,16
46.451594554793,6.220376309271,16
46.451733443669,6.233389829103,16
46.451870840721,6.246403416224,16
46.452006745948,6.259417069908,16
46.452141159351,6.272430789428,16
46.458115022046,7.495910555919,16
46.458107712105,7.508927216259,16
46.458098910340,7.521943872675,16
46.458088616749,7.534960524440,16
46.460448681518,6.207158600067,16
46.460589085587,6.220174211052,16
46.460727997583,6.233189890053,16
46.460865417506,6.246205636344,16
46.461001345357,6.259221449197,16
46.467110638255,7.495920056262,16
46.467103327098,7.508938875772,16
46.467094523867,7.521957691357,16
46.469443187452,6.206954274042,16
46.469583614890,6.219972044922,16
46.469722550006,6.232989883817,16
46.469859992801,6.246007790002,16
46.469995943274,6.259025762750,16
46.476106252973,7.495929559799,16
46.476098940599,7.508950539202,16
46.476090135903,7.521971514682,16
46.476079838886,7.534992485511,16
46.476068049547,7.548013450962,16
46.476054767887,7.561034410310,16
46.478437691662,6.206749879380,16
46.478578142468,6.219769810879,16
46.478717100704,6.232789810395,16
46.478854566370,6.245809877200,16
46.485101865967,7.495939066527,16
46.485094552376,7.508962206551,16
46.485085746215,7.521985342650,16
46.485075447484,7.535008474099,16
46.485063656184,7.548031600171,16
46.485050372314,7.561054720139,16
46.487432193915,6.206545416080,16
46.487572668089,6.219567508925,16
46.487711649444,6.232589669786,16
46.494097477003,7.495948576448,16
46.494090162195,7.508973877817,16
46.494081354569,7.521999175263,16
46.494071054124,7.535024468057,16
46.494059260862,7.548049755475,16
46.494045974782,7.561075036788,16
46.494014924168,7.587125578196,16
46.496426693976,6.206340884142,16
46.496567191518,6.219365139059,16
46.496706195994,6.232389461991,16
46.503066658574,7.535040467384,16
46.503054863350,7.548067916873,16
46.503041575059,7.561095360258,16
46.503026793703,7.574122796812,16
46.503010519280,7.587150225808,16
46.505279177388,6.193109934596,16
46.505421191613,6.206136283567,16
46.505561712523,6.219162701280,16
46.505700740119,6.232189187010,16
46.512062260599,7.535056472081,16
46.512050463413,7.548086084366,16
46.512037172912,7.561115690547,16
46.512022389097,7.574145289898,16
46.512006111967,7.587174881691,16
46.511988341523,7.600204465201,16
46.514273648751,6.192903101861,16
46.514415686592,6.205931614354,16
46.514556230870,6.218960195590,16
46.514695281586,6.231988844841,16
46.521046060818,7.548104257954,16
46.521032768107,7.561136027657,16
46.521017981834,7.574167790530,16
46.521001701997,7.587199545846,16
46.520983928597,7.600231292878,16
46.523124561953,6.179665592491,16
46.523268117222,6.192696199763,16
46.523410178680,6.205726876504,16
46.523550746326,6.218757621987,16
46.523689820162,6.231788435487,16
46.530028360411,7.561156371587,16
46.530013571679,7.574190298708,16
46.529997289135,7.587224218272,16
46.529979512781,7.600258129552,16
46.529960242614,7.613292031821,16
46.532119003435,6.179456456056,16
46.532262582569,6.192489228302,16
46.532404667644,6.205522070016,16
46.532545258658,6.218554980473,16
46.539023949591,7.561176722338,16
46.539009158400,7.574212814432,16
46.538992873150,7.587248898969,16
46.538975093840,7.600284975222,16
46.538955820470,7.613321042465,16
46.538935053041,7.626357099970,16
46.541113441560,6.179247249533,16
46.541257044558,6.192282187477,16
46.541399153249,6.205317194890,16
46.541539767632,6.218352271047,16
46.548019535412,7.561197079908,16
46.548004741763,7.574235337702,16
46.547988453806,7.587273587938,16
46.547970671541,7.600311829890,16
46.547951394968,7.613350062831,16
46.547930624086,7.626388286035,16
46.547908358897,7.639426498775,16
46.549816138697,6.152963975498,16
46.549962754673,6.166000938748,16
46.550107876093,6.179037972921,16
46.550251502957,6.192075077290,16
46.550393635264,6.205112251128,16
46.550534273015,6.218149493708,16
46.556966245651,7.600338693554,16
46.556946965874,7.613379092920,16
46.556926191541,7.626419482549,16
46.556903922652,7.639459861714,16
46.558810520931,6.152750294498,16
46.558957161269,6.165789424898,16
46.559102306802,6.178828626220,16
46.559245957530,6.191867897739,16
46.559388113454,6.204907238727,16
46.565961815937,7.600365566216,16
46.565942532956,7.613408132732,16
46.565921755172,7.626450689511,16
46.565899482582,7.639493235825,16
46.565875715188,7.652535770949,16
46.567656739355,6.139495315330,16
46.567804899107,6.152536541957,16
46.567951563807,6.165577840232,16
46.568096733453,6.178619209431,16
46.568240408046,6.191660648825,16
46.574957382165,7.600392447874,16
46.574938095981,7.613437182266,16
46.574917314744,7.626481906920,16
46.574895038455,7.639526621111,16
46.574871267112,7.652571324110,16
46.576501408967,6.126235999797,16
46.576651088630,6.139279322649,16
46.576799272993,6.152322717876,16
46.576945962053,6.165366184753,16
46.577091155813,6.178409722553,16
46.583933654714,7.613466241522,16
46.583912870026,7.626513134778,16
46.583890590036,7.639560017569,16
46.583866814745,7.652606889170,16
46.583841544152,7.665653748854,16
46.585495728860,6.126017765523,16
46.585645433381,6.139063257702,16
46.585793642353,6.152108822256,16
46.585940355776,6.165154458460,16
46.586085573648,6.178200165586,16
46.592908420783,7.626544373083,16
46.592886137093,7.639593425202,16
46.592862357853,7.652642466129,16
46.592837083064,7.665691495140,16
46.592810312725,7.678740511506,16
46.594490043995,6.125799458258,16
46.594639773375,6.138847120489,16
46.594788006957,6.151894855096,16
46.594934744740,6.164942661352,16
46.601903966782,7.626575621837,16
46.601881679392,7.639626844008,16
46.601857896204,7.652678054988,16
46.601832617217,7.665729254050,16
46.601805842433,7.678780440469,16
46.603333103855,6.112531318097,16
46.603484354139,6.125581078003,16
46.603634108377,6.138630911011,16
46.603782366569,6.151680816396,16
46.610877216700,7.639660273987,16
46.610853429563,7.652713655745,16
46.610828146380,7.665767025586,16
46.610801367151,7.678820382782,16
46.612327383668,6.112310693347,16
46.612478659058,6.125362624756,16
46.612628438155,6.138414629268,16
46.612776720956,6.151466706156,16
46.619872748783,7.639693715140,16
46.619848957698,7.652749268402,16
46.619823670318,7.665804809746,16
46.619796886644,7.678860338446,16
46.619768606674,7.691915853775,16
46.621168860983,6.099035965072,16
46.621321658023,6.112089994881,16
46.621472958520,6.125144098519,16
46.621622762474,6.138198275260,16
46.621771069886,6.151252524377,16
46.628844480375,7.652784892957,16
46.628819188799,7.665842606530,16
46.628792400679,7.678900307459,16
46.628764116016,7.691957995018,16
46.630163104292,6.098813019934,16
46.630315926687,6.111869222698,16
46.630467252291,6.124925499291,16
46.630617081103,6.137981848986,16
46.630765413124,6.151038271058,16
46.637814701588,7.665880415939,16
46.637787909023,7.678940289823,16
46.637759619667,7.692000150336,16
46.637729833519,7.705059996752,16
46.639002996887,6.085531698467,16
46.639157341677,6.098590000355,16
46.639310189427,6.111648376798,16
46.639461540137,6.124706827071,16
46.639611393808,6.137765350447,16
46.646810208453,7.665918237973,16
46.646783411443,7.678980285537,16
46.646755117393,7.692042319730,16
46.646725326304,7.705104339826,16
46.646694038175,7.718166345098,16
46.647997202511,6.085306430040,16
46.648151572904,6.098366906333,16
46.648304446009,6.111427457183,16
46.648455821825,6.124488081861,16
46.655778907705,7.679020294601,16
46.655750608961,7.692084503200,16
46.655720812930,7.705148697701,16
46.655689519611,7.718212877379,16
46.655656729004,7.731277041506,16
46.656991401744,6.085081086445,16
46.657145797740,6.098143737870,16
46.657298696199,6.111206463851,16
46.657450097123,6.124269263660,16
46.664774397575,7.679060317016,16
46.664746094139,7.692126700746,16
46.664716293166,7.705193070378,16
46.664684994656,7.718259425187,16
46.664652198611,7.731325764445,16
46.664617905029,7.744392087426,16
46.665985594352,6.084855667683,16
46.666140015951,6.097920494965,16
46.666292939766,6.110985396802,16
46.666444365796,6.124050372469,16
46.673711766777,7.705237457857,16
46.673680463077,7.718305988522,16
46.673647661593,7.731374503637,16
46.673613362324,7.744443002474,16
46.674979780103,6.084630173753,16
46.675134227305,6.097697177617,16
46.675287176474,6.110764256037,16
46.675438627611,6.123831408286,16
46.682707233530,7.705281860136,16
46.682675924640,7.718352567384,16
46.682643117718,7.731423259081,16
46.682608812762,7.744493934501,16
46.682573009773,7.757564592916,16
46.683817987675,6.071335498767,16
46.683973958762,6.084404604656,16
46.684128431568,6.097473785828,16
46.684281406092,6.110543041555,16
46.684432882335,6.123612371112,16
46.691671379112,7.718399161773,16
46.691638566751,7.731472030778,16
46.691604256108,7.744544883505,16
46.691568447185,7.757617719229,16
46.692812133159,6.071107676469,16
46.692968130097,6.084178960391,16
46.693122628506,6.097250319596,16
46.693275628385,6.110321753357,16
46.700666826260,7.718445771689,16
46.700634008460,7.731520818727,16
46.700599692131,7.744595849488,16
46.700563877272,7.757670863245,16
46.700526563883,7.770745859271,16
46.701806271085,6.070879778278,16
46.701962293874,6.083953240959,16
46.702116817886,6.097026778923,16
46.702269843120,6.110100391443,16
46.709629442611,7.731569622928,16
46.709595120595,7.744646832449,16
46.709559299801,7.757724024965,16
46.709521980229,7.770801199750,16
46.710800401219,6.070651804193,16
46.710956449861,6.083727446359,16
46.711110999476,6.096803163808,16
46.711264050064,6.109878955812,16
46.718590541268,7.744697832387,16
46.718554714539,7.757777204388,16
46.718517388783,7.770856558658,16
46.719636949562,6.057346007849,16
46.719794523329,6.070423754215,16
46.719950597822,6.083501576591,16
46.720105173040,6.096579474250,16
46.720258248984,6.109657446465,16
46.727585953917,7.744748849304,16
46.727550121253,7.757830401514,16
46.728631037315,6.057115701042,16
46.728788637182,6.070195628345,16
46.728944737526,6.083275631656,16
46.729099338347,6.096355710251,16
46.736581358308,7.744799883198,16
46.736545519709,7.757883616345,16
46.736508181586,7.770967331760,16
46.737625116576,6.056885317617,16
46.737782742543,6.069967426581,16
46.737938868739,6.083049611554,16
46.738093495163,6.096131871809,16
46.745576754208,7.744850934071,16
46.745540909673,7.757936848879,16
46.745503565367,7.771022745955,16
46.745464721290,7.784108624575,16
46.746619187113,6.056654857573,16
46.746776839180,6.069739148924,16
46.746932991227,6.082823516284,16
46.747087643255,6.095907958926,16
46.754536290914,7.757990099116,16
46.754498940424,7.771078178580,16
46.754460089915,7.784166239586,16
46.755613248692,6.056424320911,16
46.755770926859,6.069510795374,16
46.755927104758,6.082597345846,16
46.756081782389,6.095683971601,16
46.763531663196,7.758043367057,16
46.763494306523,7.771133629633,16
46.763455449582,7.784223873752,16
46.764448096298,6.043105126065,16
46.764607301080,6.056193707630,16
46.764765005347,6.069282365931,16
46.764921209097,6.082371100241,16
46.765075912331,6.095459909833,16
46.772527026288,7.758096652701,16
46.772489663431,7.771189099115,16
46.772450800058,7.784281527072,16
46.772410436169,7.797373935844,16
46.773442112913,6.042872251602,16
46.773601344044,6.055963017730,16
46.773759074411,6.069053860594,16
46.773915304012,6.082144779468,16
46.781485010915,7.771244587027,16
46.781446141110,7.784339199547,16
46.781405770540,7.797433792883,16
46.782436119871,6.042639299795,16
46.782595377350,6.055732251212,16
46.782753133816,6.068825279365,16
46.782909389270,6.081918383527,16
46.790480348740,7.771300093367,16
46.790441472504,7.784396891176,16
46.790401095254,7.797493669801,16
46.790359216991,7.810590428516,16
46.791430116937,6.042406270643,16
46.791589400765,6.055501408075,16
46.791747183331,6.068596622242,16
46.791903464636,6.081691912419,16
46.799475676675,7.771355618137,16
46.799436794006,7.784454601961,16
46.799396410077,7.797553566600,16
46.800424103880,6.042173164147,16
46.800583414055,6.055270488319,16
46.800741222721,6.068367889227,16
46.800897529877,6.081465366144,16
46.808470994485,7.771411161336,16
46.808432105385,7.784512331900,16
46.808391714775,7.797613483279,16
46.809257242182,6.028840546133,16
46.809418080464,6.041939980307,16
46.809577416988,6.055039491945,16
46.809735251754,6.068139080318,16
46.809891584761,6.081238744701,16
46.817466301938,7.771466722964,16
46.817427406405,7.784570080993,16
46.817387009115,7.797673419839,16
46.817345110067,7.810776738773,16
46.818412046457,6.041706719123,16
46.818571409329,6.054808418952,16
46.818729270195,6.067910195516,16
46.818885629054,6.081012048090,16
46.826461598799,7.771522303021,16
46.826422696835,7.784627849241,16
46.826382292865,7.797733376278,16
46.826340386888,7.810838883404,16
46.827406001626,6.041473380594,16
46.827565390846,6.054577269340,16
46.827723277812,6.067681234821,16
46.827879662523,6.080785276312,16
46.835456884836,7.771577901507,16
46.835417976440,7.784685636644,16
46.835377565789,7.797793352598,16
46.835335652884,7.810901048640,16
46.836399945737,6.041239964722,16
46.836559361306,6.054346043109,16
46.836717274371,6.067452198233,16
46.836873684933,6.080558429366,16
46.837028592992,6.093664735782,16
46.844452159815,7.771633518422,16
46.844413244987,7.784743443202,16
46.844372827656,7.797853348798,16
46.844330907823,7.810963234483,16
46.845553320474,6.054114740260,16
46.845711259639,6.067223085752,16
46.845867696053,6.080331507253,16
46.846022629715,6.093440004037,16
46.853447423503,7.771689153767,16
46.853408502243,7.784801268914,16
46.853368078232,7.797913364878,16
46.853326151470,7.811025440931,16
46.854387799853,6.040772900944,16
46.854547268117,6.053883360793,16
46.854705233382,6.066993897378,16
46.854861695648,6.080104509972,16
46.855016654913,6.093215197849,16
46.862442675666,7.771744807540,16
46.862403747975,7.784859113781,16
46.862363317284,7.797973400838,16
46.862321383593,7.811087667985,16
46.863541204003,6.053651904706,16
46.863699195368,6.066764633110,16
46.863855683485,6.079877437524,16
46.864010668354,6.092990317220,16
46.871437916072,7.771800479743,16
46.871398981949,7.784916977803,16
46.871358544578,7.798033456679,16
46.871316603958,7.811149915644,16
46.872535127898,6.053420372001,16
46.872693145363,6.066535292950,16
46.872849659331,6.079650289908,16
46.873004669803,6.092765362148,16
46.880433144487,7.771856170374,16
46.880394203932,7.784974860979,16
46.880353759880,7.798093532400,16
46.880311812333,7.811212183910,16
46.881529039568,6.053188762677,16
46.881687083133,6.066305876896,16
46.881843622953,6.079423067124,16
46.881998659028,6.092540332635,16
46.889428360677,7.771911879435,16
46.889389413690,7.785032763310,16
46.889348962958,7.798153628001,16
46.889307008482,7.811274472781,16
46.890522938781,6.052957076735,16
46.890681008445,6.066076384949,16
46.890837574117,6.079195769173,16
46.890992635795,6.092315228680,16
46.898423564409,7.771967606925,16
46.898384610991,7.785090684796,16
46.898344153579,7.798213743482,16
46.898302192174,7.811336782258,16
46.899516825302,6.052725314174,16
46.899674921067,6.065846817110,16
46.899831512589,6.078968396055,16
46.899986599871,6.092090050282,16
46.907418755451,7.772023352844,16
46.907379795600,7.785148625436,16
46.907339331508,7.798273878843,16
46.907297363175,7.811399112340,16
46.908510698899,6.052493474994,16
46.908668820763,6.065617173377,16
46.908825438138,6.078740947768,16
46.908980551022,6.091864797443,16
46.916413933567,7.772079117192,16
46.916374967285,7.785206585231,16
46.916334496513,7.798334034085,16
46.916292521251,7.811461463029,16
46.917504559339,6.052261559196,16
46.917662707303,6.065387453751,16
46.917819350528,6.078513424315,16
46.917974489016,6.091639470161,16
46.925409098527,7.772134899970,16
46.925370125812,7.785264564180,16
46.925329648360,7.798394209207,16
46.925287666170,7.811523834323,16
46.926498406387,6.052029566779,16
46.926656580450,6.065157658231,16
46.926813249528,6.078285825693,16
46.926968413619,6.091414068438,16
46.934404250095,7.772190701176,16
46.934365270948,7.785322562285,16
46.934324786816,7.798454404209,16
46.934282797697,7.811586226223,16
46.935492239811,6.051797497743,16
46.935650439974,6.064927786819,16
46.935807134903,6.078058151904,16
46.935962324597,6.091188592273,16
46.943436868381,7.759112443622,16
46.943399388038,7.772246520812,16
46.943360402460,7.785380579544,16
46.943319911648,7.798514619092,16
46.944486059376,6.051565352089,16
46.944644285640,6.064697839514,16
46.944801006420,6.077830402948,16
46.944956221717,6.090963041665,16
46.952431998650,7.759166083338,16
46.952394512124,7.772302358876,16
46.952355520114,7.785438615957,16
46.952315022621,7.798574853854,16
46.953479864851,6.051333129816,16
46.953638117214,6.064467816315,16
46.953794863846,6.077602578824,16
46.953950104747,6.090737416616,16
46.961427114829,7.759219740757,16
46.961389622118,7.772358215370,16
46.961350623677,7.785496671525,16
46.961310119504,7.798635108497,16
46.962473656002,6.051100830924,16
46.962631934465,6.064237717224,16
46.962788706948,6.077374679533,16
46.962943973452,6.090511717124,16
46.970422216682,7.759273415880,16
46.970384717789,7.772414090293,16
46.970345712915,7.785554746248,16
46.970305202062,7.798695383020,16
46.971467432594,6.050868455413,16
46.971625737157,6.064007542239,16
46.971782535492,6.077146705074,16
46.971937827599,6.090285943191,16
46.972091613477,6.103425255864,16
46.979417303978,7.759327108706,16
46.979379798901,7.772469983645,16
46.979340787596,7.785612840126,16
46.979300270063,7.798755677423,16
46.980619525058,6.063777291361,16
46.980776349245,6.076918655447,16
46.980931666955,6.090060094816,16
46.981085478188,6.103201608740,16
46.988412376483,7.759380819236,16
46.988374865222,7.772525895426,16
46.988335847485,7.785670953158,16
46.988295323272,7.798815991707,16
46.989613297935,6.063546964590,16
46.989770147973,6.076690530653,16
46.989925491286,6.089834171998,16
46.990079327875,6.102977887900,16
46.997443444683,7.746287251572,16
46.997407433963,7.759434547469,16
46.997369916519,7.772581825636,16
46.997330892350,7.785729085345,16
46.998607055554,6.063316561926,16
46.998763931444,6.076462330691,16
46.998919300360,6.089608174739,16
46.999073162303,6.102754093342,16
47.006438492841,7.746338794806,16
47.006402476186,7.759488293406,16
47.006364952558,7.772637774275,16
47.006325921958,7.785787236687,16
47.007600797682,6.063086083369,16
47.007757699423,6.076234055562,16
47.007913093942,6.089382103037,16
47.008066981241,6.102530225069,16
47.008219361317,6.115678420930,16
47.015433525507,7.746390355019,16
47.015397502917,7.759542057047,16
47.015359973106,7.772693741343,16
47.015320936074,7.785845407183,16
47.016751451678,6.076005705265,16
47.016906871801,6.089155956894,16
47.017060784454,6.102306283079,16
47.017213189637,6.115456683093,16
47.024463063505,7.733288009024,16
47.024428542449,7.746441932210,16
47.024392513924,7.759595838391,16
47.024354977930,7.772749726841,16
47.024315934465,7.785903596834,16
47.025745187975,6.075777279800,16
47.025900633701,6.088929736309,16
47.026054571709,6.102082267373,16
47.026207001999,6.115234872266,16
47.026357924570,6.128387550262,16
47.033423543434,7.746493526378,16
47.033387508974,7.759649637438,16
47.033349966795,7.772805730768,16
47.033310916899,7.785961805640,16
47.034738908081,6.075548779169,16
47.034894379410,6.088703441281,16
47.035048342773,6.101858177950,16
47.035200798169,6.115012988448,16
47.035351745599,6.128167872048,16
47.042453060656,7.733386803856,16
47.042418528227,7.746545137525,16
47.042382487832,7.759703454189,16
47.042344939470,7.772861753123,16
47.043888108695,6.088477071812,16
47.044042097413,6.101634014810,16
47.044194577915,6.114791031638,16
47.044345550204,6.127948121569,16
47.051448034712,7.733436225651,16
47.051413496596,7.746596765649,16
47.051377450265,7.759757288644,16
47.051339895720,7.772917793908,16
47.052881821322,6.088250627900,16
47.053035835395,6.101409777955,16
47.053188341004,6.114569001838,16
47.053339338150,6.127728298825,16
47.060476027450,7.720322900366,16
47.060442992110,7.733485663698,16
47.060408448307,7.746648410752,16
47.060372396041,7.759811140802,16
47.060334835313,7.772973853122,16
47.062029556485,6.101185467383,16
47.062182087201,6.114346899047,16
47.062333109206,6.127508403815,16
47.062482622499,6.140669980959,16
47.069470973395,7.720370146884,16
47.069437932617,7.733535117997,16
47.069403383127,7.746700072833,16
47.069367324926,7.759865010664,16
47.071023260452,6.100961083094,16
47.071175816274,6.114124723266,16
47.071326863137,6.127288436540,16
47.071476401040,6.140452222190,16
47.078465902216,7.720417408929,16
47.078432855999,7.733584588549,16
47.078398300823,7.746751751891,16
47.078362236687,7.759918898230,16
47.080016947060,6.100736625089,16
47.080169527989,6.113902474493,16
47.080320599710,6.127068397000,16
47.080470162223,6.140234391882,16
47.080618215528,6.153400458414,16
47.087492356126,7.707295282098,16
47.087460813679,7.720464686501,16
47.087427762024,7.733634075353,16
47.087393201160,7.746803447928,16
47.087357131089,7.759972803498,16
47.089163222113,6.113680152729,16
47.089314318692,6.126848285194,16
47.089463905815,6.140016490034,16
47.089611983481,6.153184766524,16
47.096487255188,7.707340365239,16
47.096455707551,7.720511979600,16
47.096422650457,7.733683578410,16
47.096388083907,7.746855160942,16
47.098156898413,6.113457757975,16
47.098308019850,6.126628101123,16
47.098457631582,6.139798516647,16
47.098605733610,6.152969003820,16
47.098752325933,6.166139561916,16
47.105482136426,7.707385463181,16
47.105450583598,7.720559288226,16
47.105417521066,7.733733097719,16
47.105382948829,7.746906890935,16
47.107301702950,6.126407844786,16
47.107451339292,6.139580471719,16
47.107599465681,6.152753170302,16
47.107746082118,6.165925939807,16
47.107891188601,6.179098779508,16
47.114507047670,7.694254524648,16
47.114476999606,7.707430575925,16
47.114445441588,7.720606612378,16
47.114412373617,7.733782633280,16
47.116295367758,6.126187516185,16
47.116445028711,6.139362355252,16
47.116593179461,6.152537265969,16
47.116739820011,6.165712247609,16
47.116884950359,6.178887299444,16
47.123501897501,7.694297440058,16
47.123471844494,7.707475703470,16
47.123440281287,7.720653952058,16
47.123407207877,7.733832185095,16
47.125438699605,6.139144167245,16
47.125586874717,6.152321290822,16
47.125733539380,6.165498485322,16
47.125878693593,6.178675750018,16
47.126022337356,6.191853084183,16
47.132525276306,7.681159879176,16
47.132496728807,7.694340369545,16
47.132466670859,7.707520845816,16
47.132435102461,7.720701307264,16
47.132402023613,7.733881753161,16
47.134580551215,6.152105244861,16
47.134727239991,6.165284652947,16
47.134872418069,6.178464131228,16
47.135016085448,6.191643678979,16
47.141547135042,7.668017891826,16
47.141520093548,7.681200609152,16
47.141491541356,7.694383313106,16
47.141461478465,7.707566002964,16
47.141429904877,7.720748677997,16
47.143574208722,6.151889128086,16
47.143720921611,6.165070750483,16
47.143866123553,6.178252443075,16
47.144009814550,6.191434205137,16
47.144151994600,6.204616035942,16
47.150567472731,7.654871476561,16
47.150541937738,7.668056420842,16
47.150514891799,7.681241352478,16
47.150486334913,7.694426270744,16
47.150456267081,7.707611174913,16
47.152714584006,6.164856777930,16
47.152859809814,6.178040685559,16
47.153003524427,6.191224662658,16
47.153145727845,6.204408708499,16
47.153286420068,6.217592822357,16
47.159562260399,7.654907803164,16
47.159536721209,7.668094962482,16
47.159509670825,7.681282109155,16
47.159481109246,7.694469242458,16
47.159451036472,7.707656361663,16
47.161853476616,6.177828858680,16
47.161997214846,6.191015051541,16
47.162139441632,6.204201313145,16
47.162280156975,6.217387642765,16
47.162419360876,6.230574039674,16
47.168557028610,7.654944141666,16
47.168531485223,7.668133516746,16
47.168504430394,7.681322879182,16
47.168475864121,7.694512228247,16
47.170847123728,6.177616962438,16
47.170990885574,6.190805371787,16
47.171133135728,6.203993849879,16
47.171273874191,6.217182395986,16
47.171413100963,6.230371009383,16
47.177575813022,7.641788888583,16
47.177551777129,7.654980492068,16
47.177526229546,7.668172083635,16
47.177499170271,7.681363662559,16
47.177470599305,7.694555228112,16
47.179984536377,6.190595623395,16
47.180126809900,6.203786318700,16
47.180267571483,6.216977082021,16
47.180406821126,6.230167912632,16
47.180544558830,6.243358809805,16
47.186570545565,7.641823033670,16
47.186546505724,7.655016854368,16
47.186520953944,7.668210663149,16
47.186493890224,7.681404459286,16
47.189120463914,6.203578719610,16
47.189261248616,6.216771700870,16
47.189400521131,6.229964749419,16
47.189538281458,6.243157864531,16
47.189674529597,6.256351045479,16
47.195587789552,7.628661140103,16
47.195565257951,7.641857189931,16
47.195541214162,7.655053228568,16
47.195515658184,7.668249255288,16
47.195488590019,7.681445269364,16
47.198114097536,6.203371052607,16
47.198254905359,6.216566252532,16
47.198394200745,6.229761519746,16
47.198531983695,6.242956853522,16
47.198668254209,6.256152253135,16
47.198803012286,6.269347717857,16
47.204603508112,7.615494809916,16
47.204582485247,7.628693088872,16
47.204559949945,7.641891357365,16
47.204535902208,7.655089614667,16
47.204510342034,7.668287860051,16
47.204483269423,7.681486092792,16
47.207248541477,6.216360737008,16
47.207387859735,6.229558223612,16
47.207525665308,6.242755776778,16
47.207661958197,6.255953395781,16
47.207796738400,6.269151079893,16
47.213598186634,7.615524549743,16
47.213577160317,7.628725048090,16
47.213554621316,7.641925535972,16
47.213530569629,7.655126012664,16
47.213505005259,7.668326477439,16
47.216381497867,6.229354861017,16
47.216519326063,6.242554634299,16
47.216655641327,6.255754473417,16
47.216790443657,6.268954377645,16
47.216923733054,6.282154346255,16
47.222612361134,7.602351571093,16
47.222592844298,7.615554299293,16
47.222571814530,7.628757017755,16
47.222549271828,7.641959725754,16
47.222525216193,7.655162422561,16
47.225512965727,6.242353426084,16
47.225649303365,6.255555486044,16
47.225784127822,6.268757611113,16
47.225917439098,6.281959800564,16
47.226049237192,6.295162053672,16
47.231625007769,7.589174151473,16
47.231607000911,7.602379109524,16
47.231587480872,7.615584058565,16
47.231566447651,7.628788997869,16
47.231543901249,7.641993926709,16
47.234506584067,6.242152152134,16
47.234642944080,6.255356433661,16
47.234777790663,6.268560780296,16
47.234911123817,6.281765191315,16
47.235042943541,6.294969665989,16
47.235173249835,6.308174203593,16
47.240636125560,7.575992289432,16
47.240619629176,7.589199477334,16
47.240601619363,7.602406656952,16
47.240582096121,7.615613827560,16
47.240561059448,7.628820988431,16
47.240538509346,7.642028138837,16
47.243636563236,6.255157316268,16
47.243771431946,6.268363885196,16
47.243904786978,6.281570518506,16
47.244036628332,6.294777215473,16
47.244166956008,6.307983975369,16
47.244295770005,6.321190797468,16
47.249645713529,7.562805983520,16
47.249630728116,7.576015401272,16
47.249614229026,7.589224811467,16
47.249596216258,7.602434213377,16
47.249576689812,7.615643606277,16
47.249555649688,7.628852989440,16
47.252765051438,6.268166925811,16
47.252898428348,6.281375782139,16
47.253030291332,6.294584702124,16
47.253160640389,6.307793685038,16
47.253289475520,6.321002730154,16
47.253416796725,6.334211836747,16
47.258685108972,7.509980255768,16
47.258676176807,7.523191919501,16
47.258665730715,7.536403578583,16
47.258653770697,7.549615232287,16
47.258640296753,7.562826879888,16
47.258625308882,7.576038520658,16
47.258608807085,7.589250153871,16
47.258590791361,7.602461778799,16
47.258571261712,7.615673394717,16
47.261892047694,6.281180982213,16
47.262023932307,6.294392125942,16
47.262154302746,6.307603332599,16
47.262283159010,6.320814601459,16
47.262410501100,6.334025931795,16
47.262536329014,6.347237322880,16
47.267693002259,7.483564477986,16
47.267687096978,7.496778372583,16
47.267679677522,7.509992263983,16
47.267670743892,7.523206151459,16
47.267660296086,7.536420034284,16
47.267648334107,7.549633911732,16
47.267634857952,7.562847783076,16
47.267619867623,7.576061647590,16
47.267603363119,7.589275504546,16
47.271017551025,6.294199486926,16
47.271147942845,6.307412918052,16
47.271276820243,6.320626411382,16
47.271404183217,6.333839966187,16
47.271530031768,6.347053581741,16
47.271654365896,6.360267257318,16
47.276691942564,7.470355919643,16
47.276687550737,7.483572041180,16
47.276681644487,7.496788160246,16
47.276674223815,7.510004276116,16
47.276665288719,7.523220388061,16
47.276654839200,7.536436495355,16
47.276642875258,7.549652597272,16
47.280141560453,6.307222441399,16
47.280270458984,6.320438159922,16
47.280397842843,6.333653939922,16
47.280523712031,6.346869780671,16
47.280648066547,6.360085681442,16
47.285689347146,7.457142911634,16
47.285686469270,7.470361260110,16
47.285682076724,7.483579606842,16
47.285676169505,7.496797951103,16
47.285668747616,7.510016292166,16
47.285659811055,7.523234629306,16
47.289264075001,6.320249847081,16
47.289391479745,6.333467853000,16
47.289517369569,6.346685919669,16
47.289641744474,6.359904046361,16
47.289764604459,6.373122232349,16
47.289885949524,6.386340476906,16
47.294685215028,7.443925452510,16
47.294683851600,7.457146027923,16
47.294680973253,7.470366602318,16
47.294676579986,7.483587174970,16
47.294670671799,7.496807745151,16
47.294663248693,7.510028312135,16
47.298385093689,6.333281705423,16
47.298511004149,6.346501998737,16
47.298635399442,6.359722352075,16
47.298758279567,6.372942764708,16
47.298879644524,6.386163235911,16
47.298999494313,6.399383764956,16
47.303679545231,7.430703540818,16
47.303679696748,7.443926343168,16
47.303678333097,7.457149145226,16
47.303675454277,7.470371946268,16
47.303671060290,7.483594745565,16
47.303665151135,7.496817542392,16
47.307504615539,6.346318017874,16
47.307629031220,6.359540598583,16
47.307751931484,6.372763238588,16
47.307873316333,6.385985937162,16
47.307993185765,6.399208693578,16
47.308111539780,6.412431507111,16
47.312672336777,7.417477175111,16
47.312674003735,7.430702204396,16
47.312674155277,7.443927234116,16
47.312672791402,7.457152263546,16
47.312669912111,7.470377291959,16
47.312665517404,7.483602318627,16
47.316622639573,6.359358785886,16
47.316745559977,6.372583653987,16
47.316866964717,6.385808580658,16
47.316986853792,6.399033565171,16
47.317105227203,6.412258606801,16
47.317222084948,6.425483704820,16
47.317337427029,6.438708858501,16
47.321658890127,7.391019099608,16
47.321663588688,7.404246353938,16
47.321666771583,7.417473610156,16
47.321668438814,7.430700867538,16
47.321668590381,7.443928125355,16
47.321667226283,7.457155382882,16
47.321664346520,7.470382639391,16
47.325739164812,6.372404010907,16
47.325860589444,6.385631166400,16
47.325980498162,6.398858379736,16
47.326098890967,6.412085650188,16
47.326215767859,6.425312977029,16
47.326331128839,6.438540359533,16
47.326444973905,6.451767796972,16
47.326557303058,6.464995288621,16
47.330639353585,7.364552118119,16
47.330647084741,7.377781595312,16
47.330653299984,7.391011075848,16
47.330657999315,7.404240558999,16
47.330661182732,7.417470044040,16
47.330662850236,7.430699530244,16
47.330663001828,7.443929016884,16
47.330661637506,7.457158503233,16
47.334974118640,6.398683137272,16
47.335092530841,6.411912637272,16
47.335209426879,6.425142193661,16
47.335324806757,6.438371805712,16
47.335438670473,6.451601472700,16
47.335551018028,6.464831193897,16
47.335661849421,6.478060968576,16
47.339624488682,7.351307929979,16
47.339633737266,7.364539632651,16
47.339641469689,7.377771339392,16
47.339647685950,7.391003049475,16
47.339652386051,7.404234762175,16
47.339655569989,7.417466476764,16
47.339657237767,7.430698192515,16
47.339657389383,7.443929908703,16
47.344086146590,6.411739568052,16
47.344203061775,6.424971354715,16
47.344318460551,6.438203197040,16
47.344432342917,6.451435094301,16
47.344544708873,6.464667045771,16
47.344655558419,6.477899050724,16
47.344764891556,6.491131108433,16
47.344872708284,6.504363218172,16
47.348581997969,7.311591443022,16
47.348595797297,7.324825359399,16
47.348608080216,7.338059282025,16
47.348618846724,7.351293210174,16
47.348628096823,7.364527143120,16
47.348635830513,7.377761080134,16
47.348642047792,7.390995020491,16
47.348646748662,7.404228963464,16
47.348649933122,7.417462908326,16
47.353312089986,6.438034533515,16
47.353425991002,6.451268661775,16
47.353538375360,6.464502844245,16
47.353649243060,6.477737080197,16
47.353758594102,6.490971368905,16
47.353866428485,6.504205709642,16
47.353972746211,6.517440101682,16
47.354077547279,6.530674544298,16
47.357561007373,7.298333885032,16
47.357576325619,7.311570025432,16
47.357590127207,7.324806172808,16
47.357602412137,7.338042326433,16
47.357613180409,7.351278485581,16
47.357622432022,7.364514649525,16
47.357630166978,7.377750817538,16
47.357636385276,7.390986988895,16
47.362419614497,6.451102175124,16
47.362532017256,6.464338589317,16
47.362642903109,6.477575056994,16
47.362752272056,6.490811577427,16
47.362860124096,6.504048149889,16
47.362966459230,6.517284773653,16
47.363071277458,6.530521447994,16
47.363174578779,6.543758172184,16
47.363276363194,6.556994945496,16
47.363376630703,6.570231767205,16
47.366500244224,7.258595161500,16
47.366520115697,7.271833508337,16
47.366538470264,7.285071864329,16
47.366555307924,7.298310228751,16
47.366570628678,7.311548600876,16
47.366584432526,7.324786979976,16
47.366596719467,7.338025365326,16
47.366607489502,7.351263756199,16
47.366616742631,7.364502151868,16
47.366624478853,7.377740551606,16
47.371636538334,6.477412981116,16
47.371745925185,6.490651733999,16
47.371853794882,6.503890538911,16
47.371960147424,6.517129395125,16
47.372064982812,6.530368301916,16
47.372168301045,6.543607258556,16
47.372270102123,6.556846264319,16
47.372370386046,6.570085318478,16
47.372469152815,6.583324420306,16
47.372566402429,6.596563569076,16
47.372662134889,6.609802764063,16
47.375399840485,7.205602589125,16
47.375425783829,7.218843124521,16
47.375450210020,7.232083671980,16
47.375473119055,7.245324230775,16
47.375494510936,7.258564800179,16
47.375514385662,7.271805379465,16
47.375532743233,7.285045967908,16
47.375549583650,7.298286564780,16
47.375564906912,7.311527169355,16
47.375578713020,7.324767780906,16
47.375591001973,7.338008398706,16
47.375601773771,7.351249022028,16
47.380847440611,6.503732876709,16
47.380953810561,6.516973966099,16
47.381058663108,6.530215106065,16
47.381161998253,6.543456295881,16
47.381263815994,6.556697534820,16
47.381364116332,6.569938822154,16
47.381462899267,6.583180157158,16
47.381560164800,6.596421539104,16
47.381655912929,6.609662967266,16
47.381750143655,6.622904440918,16
47.381842856979,6.636145959332,16
47.384307119451,7.165835059161,16
47.384337619251,7.179077787185,16
47.384366601648,7.192320529451,16
47.384394066643,7.205563285233,16
47.384420014234,7.218806053805,16
47.384444444422,7.232048834439,16
47.384467357207,7.245291626410,16
47.384488752590,7.258534428990,16
47.384508630569,7.271777241452,16
47.384526991145,7.285020063070,16
47.384543834319,7.298262893118,16
47.384559160089,7.311505730868,16
47.384572968456,7.324748575595,16
47.390052318114,6.530061860442,16
47.390155670169,6.543305284159,16
47.390257504574,6.556548756998,16
47.390357821327,6.569792278234,16
47.390456620429,6.583035847139,16
47.390553901879,6.596279462986,16
47.390649665678,6.609523125050,16
47.390743911826,6.622766832603,16
47.390836640323,6.636010584918,16
47.390927851168,6.649254381270,16
47.391017544362,6.662498220931,16
47.391105719904,6.675742103175,16
47.393235743550,7.139299162581,16
47.393269283645,7.152544093840,16
47.393301306088,7.165789040796,16
47.393331810880,7.179034002721,16
47.393360798020,7.192278978888,16
47.393388267509,7.205523968572,16
47.393414219347,7.218768971045,16
47.393438653534,7.232013985580,16
47.393461570069,7.245259011452,16
47.393482968953,7.258504047933,16
47.393502850185,7.271749094297,16
47.393521213766,7.284994149816,16
47.393538059696,7.298239213765,16
47.399351500797,6.569645686717,16
47.399450316066,6.582891490249,16
47.399547613434,6.596137340723,16
47.399643392903,6.609383237414,16
47.399737654473,6.622629179593,16
47.399830398142,6.635875166536,16
47.399921623912,6.649121197514,16
47.400011331782,6.662367271802,16
47.400099521753,6.675613388672,16
47.400186193824,6.688859547399,16
47.400271347995,6.702105747254,16
47.400354984267,6.715351987513,16
47.400437102639,6.728598267447,16
47.400517703111,6.741844586331,16
47.402158249071,7.112754378237,16
47.402194830453,7.126001510552,16
47.402229893935,7.139248660015,16
47.402263439518,7.152495825902,16
47.402295467201,7.165743007484,16
47.402325976984,7.178990204036,16
47.402354968868,7.192237414830,16
47.402382442852,7.205484639141,16
47.402408398936,7.218731876240,16
47.402432837121,7.231979125403,16
47.402455757406,7.245226385901,16
47.402477159791,7.258473657009,16
47.402497044277,7.271720937999,16
47.408637094370,6.609243304358,16
47.408731371361,6.622491481890,16
47.408824130204,6.635739704184,16
47.408915370899,6.648987970515,16
47.409005093446,6.662236280155,16
47.409093297844,6.675484632378,16
47.409179984095,6.688733026456,16
47.409265152198,6.701981461664,16
47.409348802153,6.715229937275,16
47.409430933960,6.728478452562,16
47.409511547618,6.741727006798,16
47.409590643129,6.754975599257,16
47.409668220492,6.768224229211,16
47.409744279707,6.781472895935,16
47.410946652923,7.046452832910,16
47.410990831030,7.059702103930,16
47.411033490988,7.072951395732,16
47.411074632799,7.086200707591,16
47.411114256462,7.099450038779,16
47.411152361977,7.112699388570,16
47.411188949344,7.125948756237,16
47.411224018562,7.139198141053,16
47.411257569633,7.152447542291,16
47.411289602556,7.165696959226,16
47.411320117331,7.178946391130,16
47.411349113958,7.192195837277,16
47.411376592436,7.205445296940,16
47.417817836275,6.635604197864,16
47.417909091894,6.648854700273,16
47.417998829118,6.662105245991,16
47.418087047944,6.675355834291,16
47.418173748375,6.688606464448,16
47.418258930409,6.701857135734,16
47.418342594047,6.715107847422,16
47.418424739289,6.728358598787,16
47.418505366134,6.741609389101,16
47.418584474583,6.754860217638,16
47.418662064636,6.768111083670,16
47.418738136292,6.781361986472,16
47.418812689552,6.794612925317,16
47.418885724416,6.807863899477,16
47.418957240883,6.821114908227,16
47.419027238954,6.834365950840,16
47.419095718629,6.847617026588,16
47.419162679907,6.860868134746,16
47.419228122789,6.874119274587,16
47.419292047275,6.887370445384,16
47.419354453364,6.900621646410,16
47.419415341057,6.913872876938,16
47.419474710353,6.927124136243,16
47.419532561254,6.940375423597,16
47.419588893758,6.953626738273,16
47.419643707865,6.966878079546,16
47.419697003577,6.980129446688,16
47.419748780892,6.993380838972,16
47.419799039810,7.006632255673,16
47.419847780333,7.019883696063,16
47.419895002459,7.033135159416,16
47.419940706188,7.046386645004,16
47.419984891521,7.059638152102,16
47.420027558458,7.072889679983,16
47.420068706999,7.086141227919,16
47.420108337143,7.099392795185,16
47.420146448891,7.112644381054,16
47.420183042243,7.125895984798,16
47.420218117198,7.139147605692,16
47.420251673757,7.152399243009,16
47.420283711920,7.165650896022,16
47.420314231686,7.178902564003,16
47.427080771820,6.675226994413,16
47.427167486431,6.688479861373,16
47.427252682396,6.701732769462,16
47.427336359718,6.714985717954,16
47.427418518394,6.728238706122,16
47.427499158426,6.741491733240,16
47.427578279813,6.754744798580,16
47.427655882555,6.767997901416,16
47.427731966653,6.781251041021,16
47.427806532106,6.794504216669,16
47.427879578915,6.807757427633,16
47.427951107079,6.821010673187,16
47.428021116598,6.834263952603,16
47.428089607472,6.847517265155,16
47.428156579702,6.860770610116,16
47.428222033287,6.874023986760,16
47.428285968228,6.887277394360,16
47.428348384523,6.900530832190,16
47.428409282175,6.913784299522,16
47.428468661181,6.927037795630,16
47.428526521543,6.940291319787,16
47.428582863260,6.953544871267,16
47.428637686332,6.966798449343,16
47.428690990760,6.980052053289,16
47.428742776543,6.993305682377,16
47.428793043682,7.006559335881,16
47.428841792176,7.019813013074,16
47.428889022025,7.033066713230,16
47.428934733229,7.046320435622,16
47.428978925789,7.059574179524,16
47.429021599704,7.072827944208,16
47.429062754975,7.086081728948,16
47.429102391600,7.099335533017,16
47.429140509582,7.112589355689,16
47.429177108918,7.125843196237,16
47.429212189610,7.139097053934,16
47.436330098930,6.714863548871,16
47.436412271041,6.728118774568,16
47.436492924260,6.741374039214,16
47.436572058585,6.754629342083,16
47.436649674017,6.767884682449,16
47.436725770556,6.781140059583,16
47.436800348203,6.794395472760,16
47.436873406956,6.807650921253,16
47.436944946816,6.820906404335,16
47.437014967784,6.834161921280,16
47.437083469858,6.847417471361,16
47.437150453039,6.860673053852,16
47.437215917328,6.873928668025,16
47.437279862723,6.887184313154,16
47.437342289225,6.900439988512,16
47.437403196834,6.913695693373,16
47.437462585551,6.926951427010,16
47.437520455374,6.940207188697,16
47.437576806304,6.953462977706,16
47.437631638342,6.966718793311,16
47.437684951486,6.979974634785,16
47.437736745737,6.993230501402,16
47.437787021096,7.006486392435,16
47.437835777561,7.019742307158,16
47.437883015133,7.032998244843,16
47.437928733812,7.046254204764,16
47.437972933599,7.059510186194,16
47.438015614492,7.072766188407,16
47.438056776492,7.086022210676,16
47.438096419600,7.099278252275,16
47.438134543814,7.112534312476,16
47.445794137608,6.794286693589,16
47.445867208306,6.807544380336,16
47.445938759863,6.820802101673,16
47.446008792278,6.834059856873,16
47.446077305553,6.847317645208,16
47.446144299685,6.860575465953,16
47.446209774677,6.873833318381,16
47.446273730527,6.887091201764,16
47.446336167236,6.900349115377,16
47.446397084803,6.913607058493,16
47.446456483229,6.926865030385,16
47.446514362514,6.940123030325,16
47.446570722658,6.953381057589,16
47.446625563660,6.966639111449,16
47.446678885521,6.979897191178,16
47.446730688240,6.993155296049,16
47.446780971818,7.006413425337,16
47.446829736255,7.019671578314,16
47.446876981550,7.032929754253,16
47.446922707705,7.046187952429,16
47.446966914717,7.059446172114,16
47.447009602589,7.072704412581,16
47.455564612087,6.953299110917,16
