46.96907136,7.43338104,17
46.96907121,7.44652150,17
46.96906956,7.45966196,17
46.96906639,7.47280242,17
46.96906172,7.48594287,17
46.96905555,7.49908333,17
46.96904787,7.51222378,17
46.96903868,7.52536422,17
46.96902799,7.53850466,17
46.96901579,7.55164510,17
46.96900209,7.56478553,17
46.96898688,7.57792595,17
46.96897016,7.59106637,17
46.96895194,7.60420677,17
46.96893221,7.61734717,17
46.96891098,7.63048756,17
46.96888824,7.64362793,17
46.96883824,7.66990865,17
46.97803580,7.35452423,17
46.97805207,7.38080953,17
46.97805794,7.39395218,17
46.97806231,7.40709484,17
46.97806517,7.42023750,17
46.97806653,7.43338016,17
46.97806638,7.44652282,17
46.97806472,7.45966548,17
46.97806156,7.47280814,17
46.97805689,7.48595079,17
46.97805071,7.49909345,17
46.97804303,7.51223610,17
46.97803384,7.52537874,17
46.97802315,7.53852139,17
46.97801095,7.55166402,17
46.97799724,7.56480665,17
46.97798203,7.57794927,17
46.97796531,7.59109189,17
46.97794709,7.60423450,17
46.97792736,7.61737709,17
46.97790612,7.63051968,17
46.97788338,7.64366226,17
46.97785913,7.65680483,17
46.97783337,7.66994738,17
46.97780611,7.68308992,17
46.97777734,7.69623245,17
46.97774707,7.70937496,17
46.97771529,7.72251746,17
46.97768200,7.73565994,17
46.98698033,7.30193080,17
46.98699524,7.31507563,17
46.98700865,7.32822046,17
46.98702055,7.34136530,17
46.98703094,7.35451014,17
46.98703983,7.36765499,17
46.98704721,7.38079984,17
46.98705309,7.39394470,17
46.98705746,7.40708956,17
46.98706032,7.42023442,17
46.98706168,7.43337928,17
46.98706153,7.44652414,17
46.98705987,7.45966900,17
46.98705670,7.47281386,17
46.98705203,7.48595872,17
46.98704586,7.49910357,17
46.98703818,7.51224842,17
46.98702899,7.52539327,17
46.98701829,7.53853811,17
46.98700609,7.55168295,17
46.98699238,7.56482778,17
46.98697717,7.57797261,17
46.98696044,7.59111742,17
46.98694222,7.60426223,17
46.98692248,7.61740703,17
46.98690124,7.63055182,17
46.98687849,7.64369660,17
46.98685424,7.65684136,17
46.98682848,7.66998612,17
46.98680121,7.68313086,17
46.98677244,7.69627559,17
46.98674216,7.70942030,17
46.98671038,7.72256500,17
46.98667709,7.73570969,17
46.98664229,7.74885435,17
46.98660598,7.76199900,17
46.98656817,7.77514364,17
46.98652885,7.78828825,17
46.98648803,7.80143284,17
46.99587827,7.23617289,17
46.99590072,7.24931988,17
46.99592166,7.26246687,17
46.99594110,7.27561387,17
46.99595903,7.28876088,17
46.99597545,7.30190790,17
46.99599037,7.31505493,17
46.99600378,7.32820196,17
46.99601568,7.34134900,17
46.99602607,7.35449605,17
46.99603496,7.36764310,17
46.99604235,7.38079016,17
46.99604822,7.39393721,17
46.99605259,7.40708427,17
46.99605545,7.42023133,17
46.99605681,7.43337840,17
46.99605666,7.44652546,17
46.99605500,7.45967252,17
46.99605184,7.47281958,17
46.99604717,7.48596664,17
46.99604099,7.49911370,17
46.99603331,7.51226075,17
46.99602412,7.52540780,17
46.99601342,7.53855485,17
46.99600121,7.55170189,17
46.99598750,7.56484892,17
46.99597229,7.57799595,17
46.99595556,7.59114296,17
46.99593733,7.60428997,17
46.99591759,7.61743697,17
46.99589635,7.63058397,17
46.99587360,7.64373095,17
46.99584934,7.65687791,17
46.99582358,7.67002487,17
46.99579631,7.68317181,17
46.99576753,7.69631875,17
46.99573724,7.70946566,17
46.99570545,7.72261256,17
46.99567216,7.73575945,17
46.99563735,7.74890632,17
46.99560104,7.76205317,17
46.99556322,7.77520000,17
46.99552390,7.78834682,17
46.99548307,7.80149362,17
46.99544073,7.81464039,17
46.99539689,7.82778715,17
47.00482393,7.20984064,17
47.00484940,7.22298980,17
47.00487336,7.23613897,17
47.00489581,7.24928816,17
47.00491676,7.26243735,17
47.00493620,7.27558656,17
47.00495413,7.28873577,17
47.00497056,7.30188500,17
47.00498547,7.31503423,17
47.00499889,7.32818346,17
47.00501079,7.34133271,17
47.00502119,7.35448195,17
47.00503008,7.36763121,17
47.00503746,7.38078046,17
47.00504334,7.39392972,17
47.00504771,7.40707899,17
47.00505057,7.42022825,17
47.00505193,7.43337752,17
47.00504696,7.47282531,17
47.00486869,7.64376531,17
47.00484443,7.65691448,17
47.00481866,7.67006364,17
47.00479138,7.68321278,17
47.00476260,7.69636192,17
47.00473231,7.70951103,17
47.00470051,7.72266014,17
47.00466721,7.73580923,17
47.00463240,7.74895830,17
47.00459609,7.76210735,17
47.00455826,7.77525639,17
47.00451893,7.78840541,17
47.00447809,7.80155441,17
47.00443575,7.81470338,17
47.00439190,7.82785234,17
47.00434654,7.84100128,17
47.00429967,7.85415019,17
47.00425130,7.86729908,17
47.01376353,7.18349961,17
47.01379202,7.19665095,17
47.01381900,7.20980230,17
47.01384447,7.22295367,17
47.01386843,7.23610504,17
47.01389089,7.24925643,17
47.01391184,7.26240783,17
47.01393128,7.27555924,17
47.01394922,7.28871066,17
47.01396565,7.30186208,17
47.01398057,7.31501352,17
47.01399398,7.32816496,17
47.01400589,7.34131640,17
47.01401629,7.35446785,17
47.01402518,7.36761931,17
47.01403256,7.38077077,17
47.01366225,7.73585902,17
47.01362744,7.74901030,17
47.01359111,7.76216155,17
47.01355328,7.77531279,17
47.01351395,7.78846401,17
47.01347310,7.80161522,17
47.01343075,7.81476640,17
47.01338689,7.82791756,17
47.01334153,7.84106870,17
47.01329465,7.85421982,17
47.01324627,7.86737091,17
47.01319639,7.88052198,17
47.01314499,7.89367303,17
47.02266406,7.14399631,17
47.02269707,7.15714981,17
47.02272858,7.17030332,17
47.02275858,7.18345685,17
47.02278707,7.19661040,17
47.02281405,7.20976395,17
47.02283952,7.22291752,17
47.02286349,7.23607110,17
47.02288595,7.24922469,17
47.02290691,7.26237830,17
47.02292635,7.27553191,17
47.02294429,7.28868553,17
47.02296072,7.30183916,17
47.02297564,7.31499280,17
47.02246810,7.80167605,17
47.02242574,7.81482943,17
47.02238187,7.82798280,17
47.02233650,7.84113614,17
47.02228962,7.85428946,17
47.02224123,7.86744276,17
47.02219133,7.88059604,17
47.02213993,7.89374929,17
47.02208702,7.90690251,17
47.02203260,7.92005571,17
47.03158851,7.11763557,17
47.03162454,7.13079124,17
47.03165907,7.14394693,17
47.03169209,7.15710263,17
47.03172360,7.17025835,17
47.03175360,7.18341408,17
47.03178210,7.19656983,17
47.03180908,7.20972559,17
47.03183456,7.22288136,17
47.03137683,7.82804806,17
47.03133145,7.84120361,17
47.03128457,7.85435913,17
47.03123617,7.86751464,17
47.03118627,7.88067012,17
47.03113485,7.89382557,17
47.03108193,7.90698100,17
47.03102751,7.92013640,17
47.03097157,7.93329178,17
47.03091413,7.94644713,17
47.03085518,7.95960245,17
47.04050689,7.09126606,17
47.04054595,7.10442390,17
47.04058349,7.11758176,17
47.04061953,7.13073963,17
47.04065406,7.14389752,17
47.04068709,7.15705543,17
47.04071860,7.17021336,17
47.04074861,7.18337130,17
47.04077711,7.19652925,17
47.04080410,7.20968722,17
47.04027950,7.85442883,17
47.04023109,7.86758653,17
47.04018118,7.88074422,17
47.04012976,7.89390188,17
47.04007683,7.90705951,17
47.04002240,7.92021712,17
47.03996645,7.93337471,17
47.03990900,7.94653226,17
47.03985004,7.95968979,17
47.03978958,7.97284729,17
47.03972760,7.98600476,17
47.04941920,7.06488778,17
47.04946127,7.07804779,17
47.04950184,7.09120781,17
47.04954091,7.10436786,17
47.04957846,7.11752792,17
47.04961450,7.13068801,17
47.04964904,7.14384810,17
47.04968207,7.15700822,17
47.04971359,7.17016835,17
47.04912465,7.89397821,17
47.04907172,7.90713805,17
47.04901727,7.92029787,17
47.04896132,7.93345766,17
47.04890386,7.94661742,17
47.04884489,7.95977716,17
47.04878441,7.97293686,17
47.04872242,7.98609654,17
47.04865893,7.99925618,17
47.04859393,8.01241580,17
47.05837053,7.05166291,17
47.05841412,7.06482511,17
47.05845620,7.07798732,17
47.05849678,7.09114955,17
47.05853585,7.10431180,17
47.05857341,7.11747408,17
47.05860946,7.13063636,17
47.05864400,7.14379867,17
47.05789869,7.94670261,17
47.05783972,7.95986455,17
47.05777923,7.97302646,17
47.05771723,7.98618834,17
47.05765373,7.99935020,17
47.05758872,8.01251202,17
47.05752219,8.02567381,17
47.05745417,8.03883556,17
47.06732032,7.03843363,17
47.06736543,7.05159801,17
47.06740903,7.06476241,17
47.06745112,7.07792683,17
47.06749170,7.09109127,17
47.06753077,7.10425573,17
47.06756834,7.11742021,17
47.06683453,7.95995197,17
47.06677403,7.97311609,17
47.06671202,7.98628018,17
47.06664851,7.99944424,17
47.06658349,8.01260827,17
47.06651695,8.02577227,17
47.06644891,8.03893623,17
47.06637936,8.05210016,17
47.06630831,8.06526406,17
47.07626857,7.02519993,17
47.07631519,7.03836650,17
47.07636031,7.05153308,17
47.07640391,7.06469969,17
47.07644601,7.07786632,17
47.07648660,7.09103297,17
47.07652568,7.10419964,17
47.07576881,7.97320575,17
47.07570680,7.98637205,17
47.07564327,7.99953832,17
47.07557824,8.01270455,17
47.07551170,8.02587076,17
47.07544364,8.03903693,17
47.07537408,8.05220307,17
47.07530301,8.06536918,17
47.07523044,8.07853525,17
47.08516562,6.99879309,17
47.08521527,7.01196181,17
47.08526341,7.02513056,17
47.08531005,7.03829934,17
47.08535517,7.05146814,17
47.08539879,7.06463695,17
47.08457298,8.01280087,17
47.08450642,8.02596928,17
47.08443836,8.03913767,17
47.08436879,8.05230602,17
47.08429770,8.06547433,17
47.08422511,8.07864261,17
47.08415101,8.09181086,17
47.09400240,6.95920661,17
47.09405659,6.97237748,17
47.09410927,6.98554836,17
47.09416044,6.99871928,17
47.09421010,7.01189022,17
47.09425825,7.02506118,17
47.09430489,7.03823216,17
47.09435002,7.05140317,17
47.09350113,8.02606784,17
47.09343305,8.03923843,17
47.09336347,8.05240899,17
47.09329238,8.06557952,17
47.09321978,8.07875001,17
47.09314566,8.09192046,17
47.09307004,8.10509088,17
47.10294147,6.94595310,17
47.10299717,6.95912615,17
47.10305137,6.97229922,17
47.10310406,6.98547232,17
47.10315524,6.99864545,17
47.10320490,7.01181859,17
47.10325306,7.02499177,17
47.10329971,7.03816496,17
47.10334485,7.05133818,17
47.10235814,8.05251200,17
47.10228703,8.06568474,17
47.10221442,8.07885744,17
47.10214029,8.09203011,17
47.10206466,8.10520274,17
47.10198752,8.11837533,17
47.10190886,8.13154788,17
47.11187899,6.93269517,17
47.11193621,6.94587040,17
47.11199193,6.95904566,17
47.11204613,6.97222094,17
47.11209883,6.98539625,17
47.11215002,6.99857159,17
47.11219969,7.01174695,17
47.11224786,7.02492233,17
47.11229451,7.03809774,17
47.11128167,8.06579000,17
47.11120904,8.07896491,17
47.11113491,8.09213979,17
47.11105926,8.10531463,17
47.11098211,8.11848943,17
47.11090344,8.13166420,17
47.11082326,8.14483893,17
47.12075470,6.90625543,17
47.12081496,6.91943282,17
47.12087370,6.93261023,17
47.12093094,6.94578767,17
47.12098666,6.95896514,17
47.12104088,6.97214264,17
47.12109358,6.98532016,17
47.12020365,8.07907241,17
47.12012950,8.09224950,17
47.12005384,8.10542655,17
47.11997667,8.11860357,17
47.11989800,8.13178055,17
47.11981781,8.14495749,17
47.11973611,8.15813439,17
47.12968761,6.89298647,17
47.12974938,6.90616603,17
47.12980965,6.91934563,17
47.12986840,6.93252526,17
47.12992565,6.94570492,17
47.12998138,6.95888460,17
47.13003560,6.97206431,17
47.12904841,8.10553852,17
47.12897123,8.11871774,17
47.12889253,8.13189694,17
47.12881233,8.14507609,17
47.12873062,8.15825520,17
47.12864740,8.17143428,17
47.12856266,8.18461331,17
47.13861896,6.87971308,17
47.13868226,6.89289483,17
47.13874404,6.90607661,17
47.13880432,6.91925842,17
47.13886308,6.93244027,17
47.13892034,6.94562213,17
47.13897608,6.95880403,17
47.13796576,8.11883196,17
47.13788705,8.13201336,17
47.13780684,8.14519473,17
47.13772511,8.15837606,17
47.13764188,8.17155735,17
47.13755713,8.18473859,17
47.13747087,8.19791980,17
47.14748244,6.85325135,17
47.14754877,6.86643526,17
47.14761358,6.87961920,17
47.14767689,6.89280316,17
47.14773869,6.90598716,17
47.14779897,6.91917119,17
47.14785774,6.93235524,17
47.14680133,8.14531341,17
47.14671959,8.15849695,17
47.14663634,8.17168045,17
47.14655157,8.18486391,17
47.14646530,8.19804733,17
47.14637752,8.21123071,17
47.15640917,6.83996692,17
47.15647702,6.85315301,17
47.15654336,6.86633913,17
47.15660819,6.87952528,17
47.15667150,6.89271147,17
47.15673331,6.90589768,17
47.15679360,6.91908392,17
47.15579579,8.14543213,17
47.15571404,8.15861788,17
47.15563078,8.17180360,17
47.15554600,8.18498928,17
47.15545971,8.19817491,17
47.15537192,8.21136051,17
47.15528261,8.22454606,17
47.16533434,6.82667807,17
47.16540372,6.83986634,17
47.16547158,6.85305464,17
47.16553793,6.86624297,17
47.16560277,6.87943134,17
47.16566609,6.89261974,17
47.16462520,8.17192679,17
47.16454041,8.18511468,17
47.16445411,8.19830253,17
47.16436630,8.21149034,17
47.16427697,8.22467811,17
47.16418614,8.23786583,17
47.17425797,6.81338477,17
47.17432886,6.82657523,17
47.17439825,6.83976571,17
47.17446612,6.85295623,17
47.17453248,6.86614679,17
47.17459733,6.87933737,17
47.17353480,8.18524013,17
47.17344848,8.19843019,17
47.17336066,8.21162022,17
47.17327132,8.22481020,17
47.17318047,8.23800014,17
47.17308811,8.25119004,17
47.18318003,6.80008705,17
47.18325245,6.81327969,17
47.18332336,6.82647236,17
47.18339276,6.83966506,17
47.18346064,6.85285780,17
47.18352701,6.86605056,17
47.18244284,8.19855790,17
47.18235500,8.21175014,17
47.18226564,8.22494234,17
47.18217478,8.23813450,17
47.18208240,8.25132661,17
47.19210055,6.78678489,17
47.19217449,6.79997971,17
47.19224692,6.81317456,17
47.19231784,6.82636945,17
47.19238725,6.83956437,17
47.19245514,6.85275933,17
47.19134932,8.21188010,17
47.19125995,8.22507452,17
47.19116907,8.23826889,17
47.19107668,8.25146322,17
47.19098277,8.26465751,17
47.20101950,6.77347830,17
47.20109497,6.78667530,17
47.20116892,6.79987233,17
47.20124137,6.81306940,17
47.20131230,6.82626651,17
47.20138172,6.83946365,17
47.20025423,8.22520674,17
47.20016334,8.23840334,17
47.20007093,8.25159989,17
47.19997701,8.26479639,17
47.19988158,8.27799285,17
47.21001389,6.77336645,17
47.21008937,6.78656567,17
47.21016334,6.79976492,17
47.21023579,6.81296421,17
47.21030674,6.82616354,17
47.20924850,8.22533901,17
47.20915759,8.23853782,17
47.20906516,8.25173659,17
47.20897123,8.26493531,17
47.20887578,8.27813399,17
47.20877882,8.29133262,17
47.21893125,6.76005316,17
47.21900826,6.77325456,17
47.21908375,6.78645600,17
47.21915773,6.79965747,17
47.21923020,6.81285899,17
47.21815181,8.23867235,17
47.21805938,8.25187334,17
47.21796543,8.26507428,17
47.21786996,8.27827518,17
47.21777299,8.29147603,17
47.21767450,8.30467684,17
47.22784706,6.74673543,17
47.22792559,6.75993901,17
47.22800261,6.77314264,17
47.22807811,6.78634630,17
47.22815210,6.79954999,17
47.22705357,8.25201014,17
47.22695960,8.26521330,17
47.22686413,8.27841642,17
47.22676713,8.29161949,17
47.22666863,8.30482252,17
47.23676130,6.73341325,17
47.23684136,6.74661902,17
47.23691990,6.75982483,17
47.23699693,6.77303068,17
47.23707245,6.78623656,17
47.23714645,6.79944248,17
47.23595376,8.26535236,17
47.23585827,8.27855770,17
47.23576126,8.29176300,17
47.23566274,8.30496824,17
47.23556270,8.31817344,17
47.24575557,6.73329459,17
47.24583564,6.74650258,17
47.24591419,6.75971061,17
47.24599124,6.77291868,17
47.24606677,6.78612678,17
47.24485238,8.27869903,17
47.24475536,8.29190655,17
47.24465682,8.30511401,17
47.24455677,8.31832144,17
47.24445521,8.33152881,17
47.25466821,6.71996571,17
47.25474981,6.73317589,17
47.25482989,6.74638610,17
47.25490846,6.75959636,17
47.25498552,6.77280665,17
47.25384648,8.27884040,17
47.25374944,8.29205014,17
47.25365089,8.30525984,17
47.25355082,8.31846948,17
47.25344924,8.33167908,17
47.26357930,6.70663239,17
47.26366242,6.71984475,17
47.26374403,6.73305715,17
47.26382413,6.74626959,17
47.26390271,6.75948206,17
47.26274350,8.29219379,17
47.26264493,8.30540570,17
47.26254485,8.31861757,17
47.26244325,8.33182939,17
47.26234014,8.34504116,17
47.27248882,6.69329462,17
47.27257347,6.70650916,17
47.27265661,6.71972375,17
47.27273823,6.73293837,17
47.27281834,6.74615303,17
47.27289694,6.75936773,17
47.27173753,8.29233748,17
47.27163895,8.30555162,17
47.27153885,8.31876571,17
47.27143723,8.33197975,17
47.27133411,8.34519375,17
47.27122946,8.35840769,17
47.28148295,6.69316912,17
47.28156762,6.70638589,17
47.28165077,6.71960270,17
47.28173241,6.73281955,17
47.28181253,6.74603644,17
47.28063295,8.30569758,17
47.28053283,8.31891390,17
47.28043120,8.33213017,17
47.28032805,8.34534639,17
47.28022339,8.35856256,17
47.29039087,6.67982464,17
47.29047707,6.69304359,17
47.29056175,6.70626259,17
47.29064491,6.71948162,17
47.29072657,6.73270070,17
47.28952679,8.31906214,17
47.28942514,8.33228063,17
47.28932198,8.34549908,17
47.28921730,8.35871747,17
47.28911111,8.37193582,17
47.29938495,6.67969684,17
47.29947116,6.69291802,17
47.29955585,6.70613924,17
47.29963903,6.71936050,17
47.29852072,8.31921042,17
47.29841906,8.33243114,17
47.29831588,8.34565181,17
47.29821119,8.35887244,17
47.29810498,8.37209301,17
47.30829126,6.66634563,17
47.30837900,6.67956899,17
47.30846523,6.69279240,17
47.30854994,6.70601585,17
47.30863313,6.71923934,17
47.30741296,8.33258170,17
47.30730976,8.34580460,17
47.30720505,8.35902745,17
47.30709882,8.37225025,17
47.30699108,8.38547300,17
47.31728528,6.66621551,17
47.31737303,6.67944111,17
47.31745927,6.69266674,17
47.31754399,6.70589242,17
47.31630361,8.34595744,17
47.31619889,8.35918252,17
47.31609264,8.37240754,17
47.31598488,8.38563252,17
47.32618999,6.65285758,17
47.32627927,6.66608536,17
47.32636704,6.67931318,17
47.32645329,6.69254105,17
47.32653803,6.70576895,17
47.32529745,8.34611033,17
47.32519270,8.35933763,17
47.32508644,8.37256489,17
47.32497866,8.38579209,17
47.32486937,8.39901924,17
47.33509313,6.63949519,17
47.33518394,6.65272515,17
47.33527324,6.66595516,17
47.33536102,6.67918521,17
47.33544729,6.69241531,17
47.33418649,8.35949280,17
47.33408021,8.37272228,17
47.33397242,8.38595172,17
47.33386310,8.39918110,17
47.34408704,6.63936049,17
47.34417787,6.65259268,17
47.34426718,6.66582492,17
47.34435498,6.67905720,17
47.34318026,8.35964802,17
47.34307396,8.37287973,17
47.34296615,8.38611139,17
47.34285682,8.39934301,17
47.34274597,8.41257456,17
47.35298857,6.62599136,17
47.35308093,6.63922574,17
47.35317178,6.65246017,17
47.35326111,6.66569464,17
47.35334892,6.67892915,17
47.35217400,8.35980328,17
47.35206769,8.37303723,17
47.35195986,8.38627112,17
47.35185051,8.39950497,17
47.35173964,8.41273876,17
47.36198242,6.62585434,17
47.36207480,6.63909095,17
47.36216566,6.65232761,17
47.36225500,6.66556432,17
47.36106139,8.37319478,17
47.36095354,8.38643090,17
47.36084417,8.39966698,17
47.36073329,8.41290300,17
47.36062089,8.42613897,17
47.37088234,6.61247847,17
47.37097625,6.62571728,17
47.37106864,6.63895612,17
47.37115952,6.65219502,17
47.37124887,6.66543395,17
47.36994720,8.38659074,17
47.36983781,8.39982904,17
47.36972691,8.41306730,17
47.36961450,8.42630550,17
47.37987613,6.61233913,17
47.37997005,6.62558017,17
47.38006246,6.63882125,17
47.38015335,6.65206237,17
47.37894083,8.38675062,17
47.37883143,8.39999116,17
47.37872051,8.41323165,17
47.37860807,8.42647208,17
47.38877443,6.59895652,17
47.38886989,6.61219975,17
47.38896383,6.62544302,17
47.38905625,6.63868633,17
47.38914715,6.65192969,17
47.38793444,8.38691056,17
47.38782502,8.40015333,17
47.38771408,8.41339605,17
47.38760163,8.42663872,17
47.38748766,8.43988133,17
47.39776815,6.59881486,17
47.39786362,6.61206031,17
47.39795758,6.62530582,17
47.39805001,6.63855137,17
47.39681858,8.40031556,17
47.39670763,8.41356051,17
47.39659516,8.42680541,17
47.39648116,8.44005026,17
47.39636566,8.45329505,17
47.40676184,6.59867314,17
47.40685733,6.61192084,17
47.40695130,6.62516858,17
47.40704375,6.63841636,17
47.40581212,8.40047783,17
47.40570115,8.41372502,17
47.40558866,8.42697216,17
47.40547465,8.44021924,17
47.40535912,8.45346627,17
47.41565849,6.58528150,17
47.41575551,6.59853138,17
47.41585102,6.61178131,17
47.41594500,6.62503129,17
47.41603747,6.63828131,17
47.41469464,8.41388959,17
47.41458213,8.42713896,17
47.41446811,8.44038828,17
47.41435256,8.45363754,17
47.42465212,6.58513746,17
47.42474915,6.59838958,17
47.42484467,6.61164175,17
47.42493867,6.62489396,17
47.42368811,8.41405420,17
47.42357558,8.42730581,17
47.42346154,8.44055737,17
47.42334597,8.45380887,17
47.42322889,8.46706031,17
47.43354714,6.57173906,17
47.43364572,6.58499337,17
47.43374277,6.59824773,17
47.43383831,6.61150213,17
47.43393232,6.62475658,17
47.43256901,8.42747272,17
47.43245494,8.44072652,17
47.43233936,8.45398025,17
47.43222226,8.46723393,17
47.44254070,6.57159269,17
47.44263929,6.58484924,17
47.44273636,6.59810583,17
47.44283191,6.61136248,17
47.44156240,8.42763969,17
47.44144832,8.44089572,17
47.44133272,8.45415169,17
47.44121560,8.46740761,17
47.45153423,6.57144627,17
47.45163283,6.58470506,17
47.45172992,6.59796389,17
47.45182549,6.61122277,17
47.45055577,8.42780670,17
47.45044167,8.44106497,17
47.45032605,8.45432319,17
47.45020891,8.46758135,17
47.46052773,6.57129980,17
47.46062635,6.58456083,17
47.46072346,6.59782190,17
47.46081904,6.61108302,17
47.45954912,8.42797377,17
47.45943500,8.44123428,17
47.45931936,8.45449474,17
47.45920220,8.46775514,17
47.46942105,6.55789007,17
47.46952121,6.57115329,17
47.46961985,6.58441656,17
47.46971696,6.59767987,17
47.46981256,6.61094323,17
47.46854243,8.42814090,17
47.46842829,8.44140365,17
47.46831263,8.45466634,17
47.46819545,8.46792898,17
47.47841448,6.55774126,17
47.47851466,6.57100673,17
47.47861331,6.58427223,17
47.47871044,6.59753779,17
47.47753572,8.42830808,17
47.47742156,8.44157307,17
47.47730588,8.45483800,17
47.47718869,8.46810288,17
47.47706997,8.48136771,17
47.48740789,6.55759241,17
47.48750808,6.57086012,17
47.48760675,6.58412787,17
47.48770390,6.59739566,17
47.48641480,8.44174254,17
47.48629911,8.45500972,17
47.48618189,8.46827684,17
47.48606315,8.48154391,17
47.49640126,6.55744351,17
47.49650147,6.57071346,17
47.49660015,6.58398345,17
47.49669732,6.59725349,17
47.49540802,8.44191207,17
47.49529230,8.45518149,17
47.49517507,8.46845086,17
47.49505631,8.48172017,17
47.50539461,6.55729457,17
47.50549483,6.57056675,17
47.50559353,6.58383899,17
47.50569072,6.59711127,17
47.50440120,8.44208166,17
47.50428547,8.45535332,17
47.50416821,8.46862493,17
47.50404944,8.48189648,17
47.51428617,6.54387118,17
47.51438793,6.55714557,17
47.51448817,6.57042000,17
47.51458689,6.58369448,17
47.51468408,6.59696901,17
47.51339436,8.44225130,17
47.51327861,8.45552521,17
47.51316133,8.46879906,17
47.51304254,8.48207285,17
47.51292222,8.49534659,17
47.52327944,6.54371990,17
47.52338122,6.55699653,17
47.52348147,6.57027320,17
47.52358021,6.58354993,17
47.52367742,6.59682670,17
47.52227172,8.45569715,17
47.52215442,8.46897324,17
47.52203561,8.48224928,17
47.52191527,8.49552526,17
47.53227269,6.54356856,17
47.53237448,6.55684743,17
47.53247475,6.57012636,17
47.53257350,6.58340533,17
47.53126480,8.45586914,17
47.53114748,8.46914748,17
47.53102865,8.48242577,17
47.53090829,8.49570399,17
47.54126590,6.54341717,17
47.54136771,6.55669829,17
47.54146800,6.56997946,17
47.54156677,6.58326068,17
47.54025785,8.45604119,17
47.54014051,8.46932178,17
47.54002166,8.48260231,17
47.53990128,8.49588278,17
47.55025909,6.54326574,17
47.55036092,6.55654910,17
47.55046122,6.56983252,17
47.55056000,6.58311598,17
47.54925087,8.45621330,17
47.54913352,8.46949613,17
47.54901464,8.48277891,17
47.54889425,8.49606163,17
47.55925225,6.54311425,17
47.55935409,6.55639987,17
47.55945441,6.56968553,17
47.55955321,6.58297124,17
47.55824386,8.45638546,17
47.55812649,8.46967054,17
47.55800760,8.48295556,17
47.55788718,8.49624053,17
47.56824537,6.54296272,17
47.56834723,6.55625058,17
47.56844757,6.56953849,17
47.56854638,6.58282645,17
47.56723682,8.45655768,17
47.56711943,8.46984501,17
47.56700052,8.48313228,17
47.56688008,8.49641949,17
47.57723847,6.54281114,17
47.57734034,6.55610125,17
47.57744070,6.56939141,17
47.57753953,6.58268162,17
47.57622975,8.45672995,17
47.57611235,8.47001953,17
47.57599341,8.48330905,17
47.57587296,8.49659851,17
47.58623153,6.54265951,17
47.58633343,6.55595187,17
47.58643380,6.56924428,17
47.58653264,6.58253674,17
47.58522266,8.45690228,17
47.58510523,8.47019411,17
47.58498628,8.48348588,17
47.58486580,8.49677759,17
47.59522457,6.54250783,17
47.59532648,6.55580244,17
47.59542687,6.56909710,17
47.59552573,6.58239181,17
47.59421553,8.45707466,17
47.59409808,8.47036874,17
47.59397911,8.48366276,17
47.59385861,8.49695673,17
47.60421757,6.54235610,17
47.60431950,6.55565296,17
47.60441990,6.56894987,17
47.60451878,6.58224683,17
47.60320837,8.45724710,17
47.60309090,8.47054343,17
47.60297191,8.48383970,17
47.60285140,8.49713592,17
47.61321055,6.54220432,17
47.61331249,6.55550343,17
47.61341291,6.56880260,17
47.61351180,6.58210181,17
47.61220118,8.45741960,17
47.61208369,8.47071818,17
47.61196468,8.48401670,17
47.61184415,8.49731517,17
47.62220349,6.54205249,17
47.62230545,6.55535386,17
47.62240588,6.56865528,17
47.62250480,6.58195674,17
47.62130993,8.44429126,17
47.62119395,8.45759215,17
47.62107645,8.47089298,17
47.62095742,8.48419376,17
47.62083687,8.49749448,17
47.63119640,6.54190062,17
47.63129838,6.55520424,17
47.63139883,6.56850791,17
47.63149776,6.58181163,17
47.63030270,8.44446161,17
47.63018670,8.45776475,17
47.63006918,8.47106784,17
47.62995013,8.48437087,17
47.62982955,8.49767385,17
47.64018928,6.54174869,17
47.64029127,6.55505457,17
47.64039174,6.56836049,17
47.64049068,6.58166646,17
47.63929543,8.44463202,17
47.63917941,8.45793741,17
47.63906187,8.47124276,17
47.63894280,8.48454804,17
47.64918213,6.54159672,17
47.64928413,6.55490485,17
47.64938462,6.56821303,17
47.64948358,6.58152125,17
47.64828813,8.44480248,17
47.64817210,8.45811013,17
47.64805453,8.47141773,17
47.64793545,8.48472527,17
47.65817494,6.54144470,17
47.65827697,6.55475508,17
47.65837747,6.56806552,17
47.65847644,6.58137600,17
47.65728080,8.44497300,17
47.65716475,8.45828291,17
47.65704716,8.47159276,17
47.65692806,8.48490255,17
47.66726976,6.55460527,17
47.66737028,6.56791796,17
47.66746927,6.58123070,17
47.66756674,6.59454348,17
47.66627344,8.44514357,17
47.66615736,8.45845573,17
47.66603976,8.47176784,17
47.66592064,8.48507989,17
47.67616047,6.54114051,17
47.67626253,6.55445541,17
47.67636306,6.56777035,17
47.67646207,6.58108535,17
47.67526604,8.44531420,17
47.67514995,8.45862862,17
47.67503233,8.47194298,17
47.67491318,8.48525729,17
47.68515319,6.54098834,17
47.68525526,6.55430549,17
47.68535581,6.56762270,17
47.68545484,6.58093995,17
47.68555234,6.59425725,17
47.68437320,8.43216815,17
47.68425861,8.44548488,17
47.68414250,8.45880156,17
47.68402486,8.47211818,17
47.68390570,8.48543475,17
47.69414587,6.54083612,17
47.69424796,6.55415553,17
47.69434853,6.56747500,17
47.69444757,6.58079451,17
47.69454508,6.59411407,17
47.69336576,8.43233662,17
47.69325115,8.44565562,17
47.69313502,8.45897455,17
47.69301736,8.47229343,17
47.70324063,6.55400553,17
47.70334121,6.56732725,17
47.70344027,6.58064902,17
47.70353780,6.59397084,17
47.70235828,8.43250516,17
47.70224365,8.44582641,17
47.70212750,8.45914760,17
47.70200983,8.47246874,17
47.71223326,6.55385547,17
47.71233386,6.56717945,17
47.71243293,6.58050348,17
47.71253048,6.59382756,17
47.71123613,8.44599725,17
47.71111996,8.45932071,17
47.71100226,8.47264411,17
47.71088304,8.48596746,17
47.72122586,6.55370537,17
47.72132648,6.56703161,17
47.72142557,6.58035790,17
47.72152313,6.59368424,17
47.72034322,8.43284238,17
47.72022856,8.44616816,17
47.72011237,8.45949387,17
47.71999466,8.47281953,17
47.71987542,8.48614514,17
47.73021843,6.55355521,17
47.73031906,6.56688372,17
47.73041816,6.58021227,17
47.73051574,6.59354087,17
47.72933565,8.43301108,17
47.72922096,8.44633911,17
47.72910476,8.45966709,17
47.72898702,8.47299501,17
47.73921096,6.55340501,17
47.73931160,6.56673578,17
47.73941073,6.58006660,17
47.73950832,6.59339746,17
47.73960439,6.60672836,17
47.73832803,8.43317983,17
47.73821333,8.44651012,17
47.73809711,8.45984036,17
47.73797935,8.47317055,17
47.74830412,6.56658780,17
47.74840325,6.57992087,17
47.74850086,6.59325400,17
47.74859695,6.60658717,17
47.74732038,8.43334863,17
47.74720567,8.44668119,17
47.74708942,8.46001369,17
47.74697165,8.47334614,17
47.75729659,6.56643976,17
47.75739575,6.57977510,17
47.75749337,6.59311049,17
47.75758947,6.60644592,17
47.75642591,8.42018261,17
47.75631270,8.43351749,17
47.75619797,8.44685231,17
47.75608170,8.46018708,17
47.76628904,6.56629168,17
47.76638821,6.57962929,17
47.76648585,6.59296694,17
47.76658196,6.60630463,17
47.76541821,8.42034926,17
47.76530498,8.43368640,17
47.76519023,8.44702349,17
47.76507395,8.46036052,17
47.77528144,6.56614355,17
47.77538063,6.57948342,17
47.77547829,6.59282334,17
47.77557441,6.60616330,17
47.77566902,6.61950331,17
47.77452219,8.40717650,17
47.77441048,8.42051596,17
47.77429723,8.43385537,17
47.77418246,8.44719472,17
47.77406616,8.46053401,17
47.78437302,6.57933751,17
47.78447069,6.59267970,17
47.78456683,6.60602192,17
47.78466145,6.61936420,17
47.78351444,8.40734099,17
47.78340271,8.42068272,17
47.78328944,8.43402439,17
47.78317465,8.44736600,17
47.79336537,6.57919156,17
47.79346306,6.59253600,17
47.79355922,6.60588050,17
47.79365385,6.61922504,17
47.79250665,8.40750553,17
47.79239490,8.42084952,17
47.79228162,8.43419346,17
47.79216681,8.44753734,17
47.80235768,6.57904555,17
47.80245539,6.59239227,17
47.80255157,6.60573903,17
47.80264621,6.61908584,17
47.80160907,8.39432382,17
47.80149883,8.40767013,17
47.80138706,8.42101638,17
47.80127376,8.43436259,17
47.80115893,8.44770874,17
47.81134996,6.57889950,17
47.81144768,6.59224849,17
47.81154388,6.60559752,17
47.81163854,6.61894659,17
47.81173167,6.63229571,17
47.81060123,8.39448619,17
47.81049097,8.40783477,17
47.81037918,8.42118330,17
47.81026586,8.43453177,17
47.82043994,6.59210466,17
47.82053615,6.60545596,17
47.82063083,6.61880730,17
47.82072398,6.63215869,17
47.81970210,8.38129773,17
47.81959335,8.39464863,17
47.81948308,8.40799947,17
47.81937127,8.42135027,17
47.81925793,8.43470101,17
47.82943217,6.59196078,17
47.82952839,6.60531435,17
47.82962308,6.61866796,17
47.82971624,6.63202162,17
47.82869421,8.38145794,17
47.82858544,8.39481111,17
47.82847514,8.40816422,17
47.82836332,8.42151729,17
47.83842435,6.59181686,17
47.83852059,6.60517270,17
47.83861530,6.61852858,17
47.83870848,6.63188451,17
47.83880012,6.64524048,17
47.83779353,8.36826271,17
47.83768627,8.38161820,17
47.83757749,8.39497364,17
47.83746717,8.40832903,17
47.83735533,8.42168436,17
47.84751275,6.60503101,17
47.84760748,6.61838916,17
47.84770067,6.63174736,17
47.84779233,6.64510560,17
47.84678557,8.36842076,17
47.84667830,8.38177852,17
47.84656950,8.39513623,17
47.84645917,8.40849389,17
47.85650488,6.60488927,17
47.85659962,6.61824969,17
47.85669283,6.63161016,17
47.85678451,6.64497067,17
47.85687465,6.65833123,17
47.85577758,8.36857886,17
47.85567029,8.38193889,17
47.85556147,8.39529887,17
47.85545112,8.40865880,17
47.86549697,6.60474748,17
47.86559172,6.61811018,17
47.86568495,6.63147292,17
47.86577664,6.64483570,17
47.86586680,6.65819853,17
47.86487533,8.35537465,17
47.86476955,8.36873700,17
47.86466224,8.38209930,17
47.86455341,8.39546156,17
47.86444304,8.40882376,17
