45.815216151364,6.463506094261,16
45.815327158097,6.476369256713,16
45.815436690636,6.489232473519,16
45.815544748983,6.502095743954,16
45.815651333137,6.514959067290,16
45.815756443098,6.527822442800,16
45.815860078866,6.540685869759,16
45.815962240441,6.553549347439,16
45.816062927823,6.566412875114,16
45.816162141012,6.579276452056,16
45.819365267562,7.299692970546,16
45.819380451750,7.312558154584,16
45.819394161745,7.325423345744,16
45.819406397547,7.338288543299,16
45.819417159156,7.351153746522,16
45.819426446572,7.364018954686,16
45.819434259795,7.376884167064,16
45.824098066155,6.450481119020,16
45.824210566029,6.463346334045,16
45.824321591461,6.476211604152,16
45.824431142452,6.489076928613,16
45.824539219002,6.501942306702,16
45.824645821110,6.514807737693,16
45.824750948777,6.527673220858,16
45.824854602003,6.540538755471,16
45.824956780787,6.553404340806,16
45.828360381161,7.299670207877,16
45.828375567907,7.312537499570,16
45.828389280211,7.325404798384,16
45.828401518075,7.338272103594,16
45.828412281496,7.351139414471,16
45.828421570477,7.364006730289,16
45.828429385016,7.376874050322,16
45.832746072345,6.411717562966,16
45.832863015236,6.424584716768,16
45.832978483436,6.437451927830,16
45.833092476948,6.450319195428,16
45.833204995769,6.463186518833,16
45.833316039901,6.476053897320,16
45.833425609343,6.488921330161,16
45.833533704096,6.501788816630,16
45.833640324159,6.514656356001,16
45.833745469532,6.527523947546,16
45.837355509836,7.299647437371,16
45.837407418912,7.351125077486,16
45.837416709457,7.363994501685,16
45.837424525312,7.376863930098,16
45.841622002125,6.398680051415,16
45.841740439646,6.411549256334,16
45.841857402230,6.424418519241,16
45.841972889875,6.437287839409,16
45.842086902583,6.450157216112,16
45.842199440352,6.463026648623,16
45.842310503183,6.475896136216,16
45.842420091077,6.488765678163,16
45.842528204032,6.501635273738,16
45.842634842050,6.514504922214,16
45.842740005129,6.527374622865,16
45.846402571171,7.351110735567,16
45.846411863280,7.363982268872,16
45.846419680451,7.376853806391,16
45.846426022685,7.389725347398,16
45.846430889980,7.402596891166,16
45.850496431445,6.385638321017,16
45.850616364094,6.398509577052,16
45.850734821557,6.411380891803,16
45.850851803833,6.424252264541,16
45.850967310923,6.437123694540,16
45.851081342827,6.449995181074,16
45.851193899544,6.462866723417,16
45.851304981075,6.475738320840,16
45.855407031712,7.363970031851,16
45.855414850199,7.376843679201,16
45.855421193501,7.389717330039,16
45.855426061615,7.402590983639,16
45.855429454544,7.415464639273,16
45.855431372286,7.428338296215,16
45.855431814842,7.441211953739,16
45.859369359328,6.372592370321,16
45.859490787601,6.385465677472,16
45.859610740439,6.398339044065,16
45.859729217843,6.411212469372,16
45.859846219812,6.424085952667,16
45.859961746346,6.436959493223,16
45.860075797446,6.449833090314,16
45.860188373111,6.462706743213,16
45.864402214519,7.363957790621,16
45.864410034323,7.376833548528,16
45.864416378692,7.389709309923,16
45.864421247626,7.402585074080,16
45.864424641126,7.415460840271,16
45.864426559191,7.428336607770,16
45.864427001821,7.441212375850,16
45.864425969017,7.454088143785,16
45.864423460778,7.466963910848,16
45.868363709187,6.372417556144,16
45.868485157898,6.385292974578,16
45.868605130926,6.398168452452,16
45.868723628271,6.411043989041,16
45.868840649933,6.423919583619,16
45.873397411469,7.363945545184,16
45.873405232588,7.376823414373,16
45.873411578025,7.389701287050,16
45.873416447779,7.402579162489,16
45.873419841850,7.415457039962,16
45.873421760238,7.428334918744,16
45.873422202943,7.441212798106,16
45.873421169965,7.454090677324,16
45.873418661304,7.466968555669,16
45.877235127876,6.359365211618,16
45.877358072956,6.372242681891,16
45.877479542104,6.385120212332,16
45.877599535322,6.397997802215,16
45.877718052608,6.410875450812,16
45.882400444763,7.376813276735,16
45.882411661841,7.402573248867,16
45.882415056483,7.415453238348,16
45.882416975194,7.428333229137,16
45.882417417973,7.441213220508,16
45.882416384821,7.454093211733,16
45.882413875738,7.466973202086,16
45.882409890723,7.479853190841,16
45.882404429778,7.492733177270,16
45.886105042688,6.346308642443,16
45.886229484634,6.359188164555,16
45.886352450400,6.372067747562,16
45.886473939986,6.384947390736,16
45.886593953393,6.397827093352,16
45.891412203825,7.428331538951,16
45.891412646679,7.441213643055,16
45.891411613353,7.454095747013,16
45.891409103848,7.466977850100,16
45.891405118163,7.479859951588,16
45.891399656298,7.492742050751,16
45.894973452645,6.333247847170,16
45.895099391953,6.346129421120,16
45.895223854834,6.359011056691,16
45.895346841286,6.371892753157,16
45.895468351311,6.384774509790,16
45.900406855328,7.454098283164,16
45.900404345400,7.466982499710,16
45.900400359045,7.479866714657,16
45.900394896261,7.492750927278,16
45.900387957049,7.505635136848,16
45.903967793937,6.333066450135,16
45.904093754428,6.345950138270,16
45.904218238243,6.358833888025,16
45.904341245381,6.371717698675,16
45.904462775844,6.384601569494,16
45.909399600161,7.466987150916,16
45.909395613135,7.479873480047,16
45.909390149433,7.492759806853,16
45.909383209054,7.505646130608,16
45.912962148204,6.332884990848,16
45.913088129878,6.345770793892,16
45.913212634627,6.358656658558,16
45.913335662452,6.371542584118,16
45.918390880201,7.479880247760,16
45.918385415580,7.492768689476,16
45.918378474034,7.505657128140,16
45.921829035183,6.319815612976,16
45.921956515213,6.332703469308,16
45.922082518070,6.345591387988,16
45.922207043754,6.358479368289,16
45.922330092265,6.371367409485,16
45.927386160009,7.479887017794,16
45.927380694469,7.492777575146,16
45.927373751756,7.505668129446,16
45.927365331870,7.518558679967,16
45.927355434811,7.531449225983,16
45.930694414388,6.306742003203,16
45.930823393271,6.319631912822,16
45.930950894732,6.332521885515,16
45.931076918771,6.345411920556,16
45.931201465390,6.358302017219,16
45.931324534587,6.371192174776,16
45.936381452327,7.479893790150,16
45.936375985868,7.492786463863,16
45.936369041987,7.505679134524,16
45.936360620686,7.518571801407,16
45.936350721963,7.531464463784,16
45.939558284840,6.293664160080,16
45.939688763072,6.306556122984,16
45.939817763633,6.319448149689,16
45.939945286526,6.332340239469,16
45.940071331748,6.345232391597,16
45.940195899301,6.358124605347,16
45.945371289542,7.492795355627,16
45.945364344494,7.505690143375,16
45.945355921777,7.518584927345,16
45.945346021390,7.531479706809,16
45.945334643334,7.544374481041,16
45.948552623638,6.293476098345,16
45.948683123797,6.306370179061,16
45.948812146038,6.319264323579,16
45.948939690362,6.332158531171,16
45.949065756767,6.345052801111,16
45.954366605258,7.492804250439,16
45.954359659043,7.505701155999,16
45.954351234911,7.518598057781,16
45.954341332860,7.531494955057,16
45.954329952891,7.544391847102,16
45.957414973991,6.280391837454,16
45.957546974244,6.293287972180,16
45.957677496331,6.306184171435,16
45.957806540252,6.319080434490,16
45.957934106007,6.331976760620,16
45.963354985401,7.505712172396,16
45.963346559853,7.518611192716,16
45.963336656139,7.531510208530,16
45.963325274258,7.544409219112,16
45.963312414211,7.557308223736,16
45.963298075997,7.570207221674,16
45.966409313997,6.280201527597,16
45.966541336426,6.293099781586,16
45.966671880441,6.305998100104,16
45.966800946042,6.318896482423,16
45.966928533227,6.331794927817,16
45.972341896371,7.518624332149,16
45.972331990993,7.531525467227,16
45.972320607200,7.544426597073,16
45.972307744992,7.557327720960,16
45.972293404370,7.570228838161,16
45.975403665345,6.280011152585,16
45.975535709951,6.292911526563,16
45.975666275893,6.305811965070,16
45.975795363173,6.318712467378,16
45.981303087116,7.557347224858,16
45.981288744085,7.570250462049,16
45.981272922391,7.583153691828,16
45.984264482108,6.266918282979,16
45.984398027802,6.279820712418,16
45.984530094584,6.292723207111,16
45.984660682454,6.305625766332,16
45.984789791414,6.318528389354,16
45.990298440348,7.557366735432,16
45.990284094908,7.570272093338,16
45.990268270557,7.583177443831,16
45.990250967294,7.596082786185,16
45.993258833016,6.266725656217,16
45.993392401134,6.279630207096,16
45.993524490093,6.292534823229,16
45.993655099891,6.305439503890,16
45.993784230530,6.318344248353,16
45.999293804456,7.557386252681,16
45.999279456608,7.570293732027,16
45.999263629599,7.583201203960,16
45.999246323431,7.596108667755,16
45.999227538103,7.609016122684,16
46.002253194567,6.266532963574,16
46.002386785109,6.279439636619,16
46.002518896243,6.292346374918,16
46.002649527970,6.305253177745,16
46.008289179207,7.557405776606,16
46.008274828949,7.570315378116,16
46.008258999283,7.583224972215,16
46.008241690210,7.596134558176,16
46.008222901728,7.609044135271,16
46.011112473903,6.253431475097,16
46.011247566526,6.266340205051,16
46.011381179493,6.279249000987,16
46.011513312803,6.292157862177,16
46.011643966458,6.305066787895,16
46.017254379377,7.583248748597,16
46.017237067398,7.596160457449,16
46.017218275762,7.609072157435,16
46.020106833365,6.253236527077,16
46.020241948661,6.266147380648,16
46.020375584052,6.279058300200,16
46.020507739539,6.291969285007,16
46.026232454761,7.596186365573,16
46.026213659972,7.609100189176,16
46.026193385278,7.622014003187,16
46.028964584647,6.240128601246,16
46.029101202769,6.253041512451,16
46.029236340738,6.265954490364,16
46.029369998554,6.278867534259,16
46.029502176216,6.291780643408,16
46.035209054123,7.609128230495,16
46.035167017778,7.634960096883,16
46.037958940839,6.239931394945,16
46.038095581882,6.252846431219,16
46.038230742523,6.265761534200,16
46.038364422764,6.278676703162,16
46.038496622603,6.291591937380,16
46.044204457984,7.609156281391,16
46.044184176485,7.622074344812,16
46.044162414586,7.634992397915,16
46.046815161892,6.226817026682,16
46.046953306506,6.239734121314,16
46.047089970470,6.252651283380,16
46.047225153785,6.265568512155,16
46.047358856450,6.278485806911,16
46.053199871320,7.609184341865,16
46.053179586419,7.622104531079,16
46.053157820869,7.635024709975,16
46.053134574670,7.647944877826,16
46.053109847820,7.660865033905,16
46.055809513632,6.226617559200,16
46.055947681416,6.239536780351,16
46.056084368301,6.252456068936,16
46.056219574289,6.265375424230,16
46.056353299378,6.278294845505,16
46.062195293898,7.609212411916,16
46.062175005596,7.622134727649,16
46.062153236395,7.635057033064,16
46.062129986296,7.647979327434,16
46.062105255300,7.660901610031,16
46.062079043405,7.673823880130,16
46.064664202282,6.213496743426,16
46.064803874381,6.226418023660,16
46.064942065334,6.239339372056,16
46.065078775141,6.252260787886,16
46.065214003801,6.265182270424,16
46.071170433781,7.622164934522,16
46.071148660929,7.635089367181,16
46.071125406932,7.648013788796,16
46.071100671788,7.660938198638,16
46.073658548389,6.213295011860,16
46.073798243906,6.226218420064,16
46.073936458028,6.239141896430,16
46.074073190756,6.252065440230,16
46.080144094240,7.635121712327,16
46.080120836343,7.648048261911,16
46.080096097052,7.660974799724,16
46.080069876367,7.673901325037,16
46.080042174286,7.686827837126,16
46.082511702460,6.200167743498,16
46.082652903038,6.213093211510,16
46.082792621973,6.226018748410,16
46.082930859265,6.238944353472,16
46.083067614914,6.251870025968,16
46.089091530859,7.661011413289,16
46.089065305778,7.673940067299,16
46.089037599053,7.686868708082,16
46.089008410686,7.699797334914,16
46.091647265996,6.212891342378,16
46.091787008348,6.225819008700,16
46.091925268810,6.238746743182,16
46.092062047380,6.251674545099,16
46.098086972974,7.661048039334,16
46.098060743497,7.673978822765,16
46.098033032129,7.686909592970,16
46.098003838870,7.699840349223,16
46.100500389119,6.199759676884,16
46.100641637029,6.212689404464,16
46.100781402800,6.225619200932,16
46.100919686431,6.238549065561,16
46.107082423165,7.661084677859,16
46.107056189293,7.674017591436,16
46.107028473281,7.686950491788,16
46.106999275129,7.699883378188,16
46.109494744328,6.199555539314,16
46.109636015905,6.212487397767,16
46.109775805093,6.225419325107,16
46.109914111894,6.238351320609,16
46.116051642930,7.674056373313,16
46.116023922274,7.686991404537,16
46.115994719231,7.699926421809,16
46.118489107147,6.199351332237,16
46.118630402389,6.212285322287,16
46.118770214996,6.225219381225,16
46.118908544965,6.238153508325,16
46.125047104176,7.674095168394,16
46.125019378877,7.687032331216,16
46.124990170941,7.699969480087,16
46.127483477341,6.199147055651,16
46.127624796249,6.212083178024,16
46.127764632274,6.225019369286,16
46.127902985413,6.237955628709,16
46.134042572798,7.674133976681,16
46.134014842855,7.687073271826,16
46.133985630027,7.700012553020,16
46.136477854677,6.198942709557,16
46.136619197252,6.211880964979,16
46.136759056694,6.224819289290,16
46.136897433003,6.237757681762,16
46.143038048562,7.674172798173,16
46.143010313975,7.687114226367,16
46.142981096255,7.700055640610,16
46.145472238922,6.198738293954,16
46.145613605163,6.211678683151,16
46.145753488023,6.224619141236,16
46.145891887501,6.237559667483,16
46.152033531235,7.674211632870,16
46.152005792005,7.687155194839,16
46.151976569392,7.700098742856,16
46.151945863399,7.713042276194,16
46.151913674024,7.725985794128,16
46.154323756306,6.185591354761,16
46.154466629842,6.198533808843,16
46.154608019750,6.211476332541,16
46.154747926027,6.224418925126,16
46.154886348675,6.237361585873,16
46.161001276709,7.687196177241,16
46.160972049205,7.700141859758,16
46.160941338071,7.713087527597,16
46.160909143307,7.726033180030,16
46.163318129754,6.185384664916,16
46.163461027205,6.198329254225,16
46.163602440779,6.211273913148,16
46.163742370474,6.224218640959,16
46.169996767856,7.687237173574,16
46.169967535460,7.700184991317,16
46.169936819185,7.713132794381,16
46.169904619032,7.726080582040,16
46.172312509411,6.185177904838,16
46.172455430777,6.198124630097,16
46.172596868017,6.211071424972,16
46.172736821130,6.224018288734,16
46.178963027923,7.700228137531,16
46.178932306508,7.713178076547,16
46.178900100967,7.726128000157,16
46.181162465389,6.172022282931,16
46.181306895044,6.184971074526,16
46.181449840324,6.197919936462,16
46.181591301230,6.210868868013,16
46.187958526363,7.700271298402,16
46.187927799807,7.713223374095,16
46.187895588877,7.726175434382,16
46.187861893572,7.739127478537,16
46.190156832601,6.171813244983,16
46.190301286419,6.184764173980,16
46.190444255614,6.197715173319,16
46.190585740186,6.210666242272,16
46.196954030544,7.700314473929,16
46.196923298848,7.713268687024,16
46.196891082529,7.726222884713,16
46.196857381587,7.739177066271,16
46.199005242470,6.158651140018,16
46.199151205322,6.171604136075,16
46.199295683303,6.184557203200,16
46.199438676412,6.197510340667,16
46.205918803398,7.713314015335,16
46.205886581690,7.726270351152,16
46.205852875111,7.739226670838,16
46.205817683660,7.752182973664,16
46.207999596055,6.158439821298,16
46.208145583319,6.171394956208,16
46.208290085462,6.184350162187,16
46.208433102486,6.197305438507,16
46.214914313223,7.713359359028,16
46.214882086127,7.726317833699,16
46.214848373910,7.739276292238,16
46.214813176574,7.752234733918,16
46.216993954683,6.158228430892,16
46.217139966357,6.171185705382,16
46.217284492664,6.184143050940,16
46.217427533602,6.197100466839,16
46.223909828091,7.713404718103,16
46.223877595605,7.726365332353,16
46.223843877752,7.739325930470,16
46.223808674530,7.752286511729,16
46.225840796418,6.145057625803,16
46.225988318119,6.158016968802,16
46.226134354205,6.170976383597,16
46.226278904674,6.183935869459,16
46.226421969527,6.196895425662,16
46.232905347767,7.713450092560,16
46.232873109893,7.726412847114,16
46.232839386402,7.739375585536,16
46.232804177295,7.752338307100,16
46.234835139770,6.144843950998,16
46.234982686132,6.157805435027,16
46.235128746628,6.170766990852,16
46.235273321260,6.183728617744,16
46.241900872020,7.713495482398,16
46.241868628756,7.726460377982,16
46.241834899628,7.739425257435,16
46.241799684636,7.752390120028,16
46.243829487465,6.144630203782,16
46.243977058486,6.157593829568,16
46.244123143394,6.170557527147,16
46.244267742189,6.183521295795,16
46.250896400614,7.713540887618,16
46.250864151962,7.726507924958,16
46.250830417197,7.739474946166,16
46.250795196319,7.752441950515,16
46.250758489327,7.765408937279,16
46.252823839269,6.144416384156,16
46.252971434949,6.157382152423,16
46.253117544268,6.170347992484,16
46.253262167226,6.183313903613,16
46.259859679276,7.726555488041,16
46.259825938874,7.739524651730,16
46.259790712110,7.752493798561,16
46.259753998985,7.765462927806,16
46.261818194948,6.144202492120,16
46.261965815288,6.157170403593,16
46.262111949018,6.170138386861,16
46.262256596139,6.183106441197,16
46.268855210466,7.726603067232,16
46.268821464427,7.739574374128,16
46.268786231778,7.752545664165,16
46.268749512519,7.765516936617,16
46.270812554269,6.143988527673,16
46.270960199269,6.156958583079,16
46.271106357410,6.169928710279,16
46.271251028694,6.182898908547,16
46.277850745298,7.726650662530,16
46.277816993622,7.739624113358,16
46.277781755087,7.752597547328,16
46.277745029694,7.765570963712,16
46.277706817444,7.778544361784,16
46.279806917000,6.143774490816,16
46.279954586659,6.156746690879,16
46.280100769211,6.169718962737,16
46.280245464657,6.182691305664,16
46.286812526225,7.739673869421,16
46.286777281805,7.752649448048,16
46.286740550279,7.765625009091,16
46.286702331646,7.778600551821,16
46.288652101233,6.130586108622,16
46.288801282906,6.143560381548,16
46.288948977224,6.156534726995,16
46.289095184188,6.169509144236,16
46.295841824956,7.726745901447,16
46.295808062005,7.739723642317,16
46.295772811699,7.752701366328,16
46.295736074039,7.765679072753,16
46.295697849024,7.778656760867,16
46.297795651754,6.143346199870,16
46.297943370732,6.156322691426,16
46.298089602107,6.169299254776,16
46.298234345879,6.182275889195,16
46.304837369315,7.726793545067,16
46.304803600727,7.739773432046,16
46.304768344535,7.752753302166,16
46.304731600741,7.765733154700,16
46.306790023311,6.143131945781,16
46.306937766948,6.156110584172,16
46.307084022734,6.169089294357,16
46.307228790669,6.182068075610,16
46.313832916382,7.726841204794,16
46.313799142157,7.739823238607,16
46.313763880080,7.752805255562,16
46.313727130153,7.765787254931,16
46.315784397343,6.142917619282,16
46.315932165640,6.155898405233,16
46.316078445838,6.168879262978,16
46.316223237935,6.181860191791,16
46.322828465926,7.726888880629,16
46.322794686063,7.739873062002,16
46.322759418101,7.752857226517,16
46.322722662039,7.765841373446,16
46.322684417878,7.778825502063,16
46.324926566575,6.155686154609,16
46.325072871183,6.168669160640,16
46.325217687443,6.181652237739,16
46.325361015356,6.194635385179,16
46.331824017711,7.726936572570,16
46.331790232211,7.739922902229,16
46.331754958364,7.752909215030,16
46.331718196168,7.765895510245,16
46.333773151902,6.142488749052,16
46.333920969518,6.155473832300,16
46.334067298537,6.168458987342,16
46.334212138961,6.181444213452,16
46.340819571505,7.726984280619,16
46.340785780369,7.739972759290,16
46.340750500636,7.752961221101,16
46.340713732306,7.765949665327,16
46.342767531961,6.142274205322,16
46.342915374237,6.155261438306,16
46.343061727667,6.168248743085,16
46.343206592253,6.181236118932,16
46.343349967995,6.194223565121,16
46.349815127075,7.727032004776,16
46.349781330301,7.740022633183,16
46.349746044683,7.753013244731,16
46.349709270220,7.766003838694,16
46.351761913563,6.142059589181,16
46.351909780498,6.155048972628,16
46.352056158340,6.168038427869,16
46.352201047088,6.181027954178,16
46.352344446744,6.194017550829,16
46.358842997506,7.714086950038,16
46.358810684188,7.727079745040,16
46.358776881776,7.740072523909,16
46.358741590272,7.753065285920,16
46.360756296473,6.141844900630,16
46.360904188067,6.154836435264,16
46.361050590321,6.167828041694,16
46.361195503232,6.180819719191,16
46.367869390681,7.701137593627,16
46.367838561315,7.714132555222,16
46.367806242609,7.727127501411,16
46.367772434560,7.740122431468,16
46.367737137171,7.753117344667,16
46.369750680459,6.141630139668,16
46.369898596713,6.154623826216,16
46.370045023377,6.167617584559,16
46.370189960452,6.180611413969,16
46.376894305623,7.688183934092,16
46.376864960707,7.701181062279,16
46.376834126201,7.714178175787,16
46.376801802105,7.727175273889,16
46.378745065287,6.141415306296,16
46.378893006201,6.154411145483,16
46.379039457276,6.167407056464,16
46.379184418513,6.180403038514,16
46.379327889913,6.193399090905,16
46.385889881384,7.688225264761,16
46.385860531575,7.701224545587,16
46.385829691929,7.714223811734,16
46.385797362444,7.727223062475,16
46.387739450724,6.141200400513,16
46.387887416297,6.154198393065,16
46.388033891784,6.167196457411,16
46.388178877184,6.180194592825,16
46.388322372498,6.193192798581,16
46.394885457753,7.688266609360,16
46.394856103052,7.701268043551,16
46.394825258265,7.714269463062,16
46.394792923392,7.727270867168,16
46.396881826769,6.153985568962,16
46.397028326667,6.166985787398,16
46.397173336230,6.179986076902,16
46.397316855458,6.192986436748,16
46.403881034498,7.688307967890,16
46.403851674905,7.701311556171,16
46.403820824977,7.714315129772,16
46.403788484715,7.727318687969,16
46.405876237383,6.153772673174,16
46.406022761692,6.166775046426,16
46.406167795418,6.179777490746,16
46.406311338561,6.192780005407,16
46.412904485287,7.675343583303,16
46.412876611385,7.688349340351,16
46.412847246900,7.701355083447,16
46.412816391831,7.714360811865,16
46.414870647907,6.153559705701,16
46.415017196627,6.166564234494,16
46.415162254515,6.179568834356,16
46.415305821573,6.192573504558,16
46.415447897799,6.205578244375,16
46.421900066726,7.675382814154,16
46.421872188181,7.688390726743,16
46.421842818803,7.701398625380,16
46.421811958595,7.714406509338,16
46.424011631237,6.166353351603,16
46.424156713288,6.179360107731,16
46.424300304260,6.192366934201,16
46.424442404152,6.205373830285,16
46.430922039952,7.662411976128,16
46.430895647842,7.675422058209,16
46.430867764652,7.688432127065,16
46.433006065289,6.166142397753,16
46.433151171503,6.179151310874,16
46.433294786390,6.192160294335,16
46.433436909948,6.205169347412,16
46.439917624905,7.662449076396,16
46.439891228399,7.675461315469,16
46.439863340566,7.688473541318,16
46.439833961404,7.701485753214,16
46.442000498550,6.165931372944,16
46.442145628927,6.178942443782,16
46.442289267728,6.191953584961,16
46.442431414953,6.204964795756,16
46.448886808166,7.675500585935,16
46.448858915688,7.688514969501,16
46.448829531634,7.701529339115,16
46.450994930786,6.165720277175,16
46.451140085327,6.178733506457,16
46.451283748042,6.191746806080,16
46.451425918933,6.204760175317,16
46.457882386908,7.675539869606,16
46.457854489786,7.688556411615,16
46.457825100840,7.701572939673,16
46.459989361765,6.165509110447,16
46.460134540468,6.178524498897,16
46.460278227098,6.191539957689,16
46.460420421655,6.204555486096,16
46.466877964392,7.675579166481,16
46.466850062627,7.688597867660,16
46.466820668788,7.701616554887,16
46.466789782877,7.714635227435,16
46.468983791253,6.165297872759,16
46.469128994119,6.178315421104,16
46.469272704663,6.191333039791,16
46.469414922886,6.204350728092,16
46.475924876239,7.649576715467,16
46.475899954472,7.662597602264,16
46.475873540385,7.675618476562,16
46.475845633976,7.688639337636,16
46.475816235245,7.701660184757,16
46.477978219016,6.165086564112,16
46.478123446045,6.178106273078,16
46.478267180504,6.191126052384,16
46.478409422393,6.204145901306,16
46.478550171712,6.217165819115,16
46.484920459050,7.649611717512,16
46.484895533136,7.662634764930,16
46.484869114653,7.675657799848,16
46.484841203600,7.688680821542,16
46.484811799978,7.701703829283,16
46.487117896013,6.177897054817,16
46.487261654386,6.190918995469,16
46.487403919942,6.203941005736,16
46.487544692679,6.216963084891,16
46.493891109843,7.662671940075,16
46.493864686964,7.675697136340,16
46.493836771267,7.688722319378,16
46.496112343790,6.177687766323,16
46.496256126078,6.190711869046,16
46.496398415300,6.203736041384,16
46.496539211455,6.216760282611,16
46.496678514544,6.229784591998,16
46.496816324566,6.242808968820,16
46.502886684358,7.662709127700,16
46.502860257084,7.675736486036,16
46.502832336743,7.688763831146,16
46.505392908233,6.203531008250,16
46.505533727806,6.216557412273,16
46.505673054065,6.229583884457,16
46.505810887008,6.242610424076,16
46.505947226637,6.255637030403,16
46.511907194804,7.649716794174,16
46.511882256449,7.662746327805,16
46.511855824779,7.675775848937,16
46.511827899795,7.688805356844,16
46.511798481496,7.701834850799,16
46.514528241500,6.216354473878,16
46.514667590928,6.229383109585,16
46.514805446793,6.242411812726,16
46.514941809094,6.255440582575,16
46.515076677833,6.268469418406,16
46.520877825882,7.662783540389,16
46.520851389817,7.675815225044,16
46.520823460188,7.688846896473,16
46.520794036997,7.701878553950,16
46.523522752302,6.216151467426,16
46.523662124899,6.229182267381,16
46.523800003686,6.242213134770,16
46.523936388660,6.255244068867,16
46.524071279824,6.268275068946,16
46.529898339073,7.649786904051,16
46.529873392423,7.662820765453,16
46.529846951963,7.675854614355,16
46.529819017691,7.688888450032,16
46.532656655747,6.228981357845,16
46.532794557454,6.242014390208,16
46.532930965102,6.255047489278,16
46.533065878690,6.268080654330,16
46.538939326051,7.623749889283,16
46.538917363374,7.636785938475,16
46.538893906637,7.649821976621,16
46.538868955841,7.662858002996,16
46.538842510985,7.675894016872,16
46.538814572069,7.688930017522,16
46.538785139094,7.701966004221,16
46.541651183237,6.228780380978,16
46.541789107865,6.241815579039,16
46.541925538185,6.254850843809,16
46.542060474198,6.267886174560,16
46.542193915902,6.280921570566,16
46.547955369827,7.610742416999,16
46.547934897807,7.623780642208,16
46.547912931480,7.636818857099,16
46.547889470844,7.649857060945,16
46.547864515901,7.662895253019,16
46.547838066649,7.675933432594,16
46.547810123089,7.688971598943,16
46.550783654685,6.241616701265,16
46.550920107678,6.254654132459,16
46.551055066115,6.267691629635,16
46.551188529995,6.280729192065,16
46.556930465972,7.623811405437,16
46.556908495994,7.636851786753,16
46.556885031460,7.649892157023,16
46.556860072369,7.662932515521,16
46.559778197680,6.241417756885,16
46.559914673346,6.254457355229,16
46.560049654207,6.267497019555,16
46.560183140264,6.280536749135,16
46.560315131516,6.293576543244,16
46.565946509137,7.610799620184,16
46.565926030313,7.623842178969,16
46.565904056684,7.636884727434,16
46.565880588251,7.649927264855,16
46.568772736617,6.241218745899,16
46.568909234956,6.254260512119,16
46.569044238242,6.267302344320,16
46.569177746475,6.280344241776,16
46.569309759655,6.293386203760,16
46.574961059995,7.597783499891,16
46.574942072822,7.610828236143,16
46.574921590596,7.623872962803,16
46.574899613317,7.636917679144,16
46.574876140985,7.649962384440,16
46.577903792275,6.254063603128,16
46.578038817986,6.267107603930,16
46.578172348395,6.280151669988,16
46.578304383503,6.293195800573,16
46.578434923309,6.306239994959,16
46.583956622543,7.597809956826,16
46.583937632216,7.610856861679,16
46.583917146587,7.623903756940,16
46.583895165658,7.636950641883,16
46.583871689427,7.649997515780,16
46.586898345070,6.253866628256,16
46.587033393205,6.266912798386,16
46.587166945790,6.279959033770,16
46.587299002826,6.293005333682,16
46.587429564312,6.306051697395,16
46.587558630248,6.319098124183,16
46.592969678497,7.584787339567,16
46.592952180566,7.597836422613,16
46.592933187085,7.610885496793,16
46.592912698055,7.623934561381,16
46.592890713475,7.636983615650,16
46.596027963667,6.266717927686,16
46.596161538428,6.279766333122,16
46.596293617391,6.292814803087,16
46.596424200557,6.305863336852,16
46.596553287924,6.318911933693,16
46.601981239707,7.571760382917,16
46.601965234668,7.584811644154,16
46.601947733831,7.597862897251,16
46.601928737197,7.610914141484,16
46.601908244764,7.623965376124,16
46.601886256534,7.637016600446,16
46.605156126075,6.279573568046,16
46.605288226966,6.292624208788,16
46.605418831811,6.305674913332,16
46.605547940609,6.318725680950,16
46.605675553361,6.331776510916,16
46.610991305193,7.558729085426,16
46.610976793544,7.571782524852,16
46.610960785848,7.584835956866,16
46.610943282106,7.597889380741,16
46.610924282317,7.610942795752,16
46.610903786483,7.623996201170,16
46.614282831316,6.292433550786,16
46.614413457840,6.305486426833,16
46.614542588070,6.318539365954,16
46.614670222005,6.331592367424,16
46.614796359645,6.344645430515,16
46.619986856214,7.558749063257,16
46.619972342156,7.571804674187,16
46.619956331803,7.584860277705,16
46.619938825156,7.597915873084,16
46.619919822213,7.610971459597,16
46.623277430208,6.292242829080,16
46.623408078412,6.305297877356,16
46.623537230073,6.318352988706,16
46.623664885191,6.331408162405,16
46.623791043765,6.344463397725,16
46.628995421702,7.545711257920,16
46.628982401778,7.558769047764,16
46.628967885311,7.571826830923,16
46.628951872301,7.584884606669,16
46.628934362748,7.597942374277,16
46.632402693292,6.305109264900,16
46.632531866384,6.318166549205,16
46.632659542685,6.331223895858,16
46.632785722194,6.344281304133,16
46.632910404913,6.357338773302,16
46.637990963735,7.545729076147,16
46.637977941651,7.558789038946,16
46.637963422775,7.571848995059,16
46.637947407107,7.584908943760,16
46.641526496772,6.317980047452,16
46.641654194255,6.331039567785,16
46.641780394699,6.344099149740,16
46.641905098103,6.357158792589,16
46.646998027049,7.532684757887,16
46.646986499844,7.545746900324,16
46.646973475599,7.558809036803,16
46.646958954314,7.571871166596,16
46.650521121001,6.317793483446,16
46.650648839667,6.330855178185,16
46.650775061046,6.343916934545,16
46.650899785136,6.356978751800,16
46.651023011939,6.370040629223,16
46.656012125283,7.506571764953,16
46.656003590742,7.519636091533,16
46.655993558912,7.532700413608,16
46.655982029795,7.545764730451,16
46.655969003389,7.558829041335,16
46.655954479695,7.571893345534,16
46.659643478689,6.330670727057,16
46.659769721002,6.343734658548,16
46.659894465778,6.356798650935,16
46.660017713018,6.369862703489,16
46.660139462722,6.382926815484,16
46.665007653835,7.506583075635,16
46.664999117878,7.519649577346,16
46.664989084384,7.532716074553,16
46.664977553354,7.545782566527,16
46.664964524788,7.558849052542,16
46.668764374333,6.343552321750,16
46.668889139796,6.356618489993,16
46.669012407474,6.369684718404,16
46.669134177367,6.382751006257,16
46.674010215349,7.493525708743,16
46.674003175761,7.506594390090,16
46.673994638389,7.519663067658,16
46.673984603232,7.532731740721,16
46.673973070290,7.545800408552,16
46.677759020806,6.343369924151,16
46.677883806955,6.356438268976,16
46.678007095071,6.369506673970,16
46.678128885154,6.382575138404,16
46.678249177204,6.395643661553,16
46.683011274308,7.480463989408,16
46.683005731586,7.493534850389,16
46.682998690830,7.506605708318,16
46.682990152042,7.519676562469,16
46.682980115221,7.532747412114,16
46.686878467024,6.356257987883,16
46.687001775577,6.369328570184,16
46.687123585850,6.382399211927,16
46.687243897841,6.395469912384,16
46.687362711551,6.408540670829,16
46.687480026979,6.421611486536,16
46.692006784371,7.480470956793,16
46.692001240731,7.493543995082,16
46.691994198808,7.506617030319,16
46.691985658605,7.519690061778,16
46.691975620120,7.532763088731,16
46.695873119768,6.356077646714,16
46.695996448759,6.369150407048,16
46.696118279221,6.382223226824,16
46.696238611154,6.395296105315,16
46.696357444556,6.408369041794,16
46.696474779429,6.421442035534,16
46.701008880641,7.454327487605,16
46.701006333141,7.467402707852,16
46.701002287111,7.480477926500,16
46.700996742551,7.493553142823,16
46.700989699462,7.506628356093,16
46.700981157843,7.519703565585,16
46.704991114384,6.368972184562,16
46.705112965035,6.382047183097,16
46.705233316908,6.395122240347,16
46.705352170004,6.408197355585,16
46.705469524321,6.421272528084,16
46.705585379861,6.434347757117,16
46.710005426060,7.441252702238,16
46.710004376916,7.454330102116,16
46.710001828993,7.467407501122,16
46.709997782293,7.480484898529,16
46.709992236814,7.493562293610,16
46.709985192557,7.506639685640,16
46.714228014872,6.394948317479,16
46.714346887660,6.408025612202,16
46.714464261422,6.421102964185,16
46.714580136158,6.434180372703,16
46.718998516275,7.415093979702,16
46.719000465009,7.428173558628,16
46.719000914717,7.441253138135,16
46.718999865399,7.454332717498,16
46.718997317054,7.467412295988,16
46.718993269683,7.480491872879,16
46.718987723286,7.493571447445,16
46.723341597292,6.407853811645,16
46.723458990499,6.420933343838,16
46.723574884430,6.434012932567,16
46.723689279088,6.447092577103,16
46.727990548179,7.402008297495,16
46.727993996510,7.415090055323,16
46.727995945568,7.428171814460,16
46.727996395350,7.441253574177,16
46.727995345858,7.454335333750,16
46.727992797091,7.467417092450,16
46.727988749049,7.480498849552,16
46.727983201733,7.493580604328,16
46.732336298667,6.407681953914,16
46.732453711318,6.420763667044,16
46.732569624445,6.433845436708,16
46.732684038050,6.446927262180,16
46.736974623210,7.375834320178,16
46.736981071159,7.388918254146,16
46.736986019585,7.402002190875,16
46.736989468488,7.415086129639,16
46.736991417868,7.428170069711,16
46.736991867725,7.441254010365,16
46.736990818059,7.454337950872,16
46.736988268870,7.467421890508,16
46.741448423645,6.420593933800,16
46.741564355969,6.433677885126,16
46.741678788522,6.446761892259,16
46.741791721303,6.459845954473,16
46.741903154314,6.472930071043,16
46.745952686891,7.349651628136,16
46.745962135450,7.362737736063,16
46.745970084238,7.375823848204,16
46.745976533255,7.388909963833,16
46.745981482500,7.401996082224,16
46.745984931974,7.415082202649,16
46.745986881677,7.428168324382,16
46.745987331608,7.441254446697,16
46.745986281769,7.454340568866,16
46.750443127249,6.420424144109,16
46.750559078769,6.433510277821,16
46.750673530269,6.446596467341,16
46.750786481750,6.459682711942,16
46.750897933211,6.472769010898,16
46.754910785824,7.310371949521,16
46.754924736007,7.323460222830,16
46.754937186170,7.336548502534,16
46.754948136313,7.349636787906,16
46.754957586437,7.362725078220,16
46.754965536542,7.375813372748,16
46.754971986626,7.388901670764,16
46.754976936691,7.401989971541,16
46.754980386736,7.415078274353,16
46.759668263059,6.446430987426,16
46.759781233239,6.459519415140,16
46.759892703152,6.472607897208,16
46.760002672796,6.485696432905,16
46.763906220105,7.310350555020,16
46.763920172598,7.323441011442,16
46.763932624822,7.336531474258,16
46.763943576778,7.349621942742,16
46.763953028467,7.362712416168,16
46.763960979887,7.375802893808,16
46.763967431040,7.388893374937,16
46.763975832540,7.415074344751,16
46.768887463901,6.472446729972,16
46.768997451748,6.485537449506,16
46.769105939079,6.498628221942,16
46.769212925893,6.511719046552,16
46.772886189877,7.297236520271,16
46.772901645196,7.310329153409,16
46.772915599997,7.323421793668,16
46.772928054283,7.336514440323,16
46.772939008052,7.349607092645,16
46.772948461305,7.362699749908,16
46.772956414042,7.375792411386,16
46.772962866262,7.388885076353,16
46.777992221275,6.485378413287,16
46.778100726561,6.498471370286,16
46.778207731081,6.511564379460,16
46.778313234838,6.524657440082,16
46.781804763835,7.244833741926,16
46.781826224769,7.257928523875,16
46.781846184939,7.271023315853,16
46.781864644345,7.284118117132,16
46.781881602985,7.297212926985,16
46.781897060862,7.310307744687,16
46.781911017973,7.323402569510,16
46.781923474320,7.336497400728,16
46.781934429902,7.349592237613,16
46.787095504385,6.498314466536,16
46.787202526612,6.511409660999,16
46.787308047826,6.524504906910,16
46.787412068027,6.537600203542,16
46.787514587214,6.550695550168,16
46.787615605389,6.563790946063,16
46.790726755034,7.205510565367,16
46.790752722559,7.218607498162,16
46.790777189071,7.231704443164,16
46.790800154570,7.244801399648,16
46.790821619056,7.257898366887,16
46.790841582529,7.270995344154,16
46.790860044989,7.284092330722,16
46.790877006436,7.297189325864,16
46.790892466870,7.310286328855,16
46.790906426291,7.323383338967,16
46.796090272318,6.498157510691,16
46.796197312251,6.511254891168,16
46.796302850923,6.524352323094,16
46.796406888333,6.537449805740,16
46.796509424482,6.550547338381,16
46.796610459370,6.563644920290,16
46.796709992996,6.576742550741,16
46.796808025361,6.589840229006,16
46.799603223838,7.153075315684,16
46.799635200704,7.166174378395,16
46.799665676309,7.179273456220,16
46.799694650653,7.192372548433,16
46.799722123735,7.205471654308,16
46.799748095557,7.218570773117,16
46.799772566116,7.231669904134,16
46.799795535415,7.244769046633,16
46.799817003452,7.257868199886,16
46.799836970227,7.270967363167,16
46.799855435742,7.284066535750,16
46.799872399995,7.297165716907,16
46.799887862987,7.310264905912,16
46.805401698515,6.537299358020,16
46.805504251625,6.550399077402,16
46.805605303226,6.563498846051,16
46.805704853317,6.576598663242,16
46.805802901898,6.589698528247,16
46.805899448970,6.602798440340,16
46.805994494532,6.615898398795,16
46.806088038584,6.628998402884,16
46.808530093906,7.126825194099,16
46.808565079081,7.139926411141,16
46.808598562746,7.153027644750,16
46.808630544902,7.166128894201,16
46.808661025549,7.179230158766,16
46.808690004685,7.192331437719,16
46.808717482312,7.205432730334,16
46.808743458429,7.218534035883,16
46.808767933037,7.231635353641,16
46.808790906135,7.244736682879,16
46.808812377723,7.257838022873,16
46.808832347802,7.270939372894,16
46.808850816370,7.284040732217,16
46.808867783430,7.297142100114,16
46.814396498339,6.537148860383,16
46.814499068411,6.550250767230,16
46.814600136724,6.563352723345,16
46.814699703280,6.576454728001,16
46.814797768077,6.589556780472,16
46.814894331116,6.602658880031,16
46.814989392398,6.615761025951,16
46.815082951921,6.628863217506,16
46.815175009687,6.641965453969,16
46.817283928446,7.048153093996,16
46.817327929955,7.061256383835,16
46.817370429707,7.074359694602,16
46.817450923936,7.100566376013,16
46.817488918413,7.113669745204,16
46.817525411132,7.126773132417,16
46.817560402094,7.139876536924,16
46.817593891297,7.152979957999,16
46.817625878743,7.166083394915,16
46.817656364430,7.179186846946,16
46.817685348359,7.192290313365,16
46.817712830531,7.205393793445,16
46.817738810944,7.218497286460,16
46.817763289600,7.231600791683,16
46.823594959631,6.563206552171,16
46.823694542651,6.576310745018,16
46.823792623665,6.589414985681,16
46.823889202672,6.602519273431,16
46.823984279673,6.615623607542,16
46.824077854668,6.628727987289,16
46.824169927656,6.641832411943,16
46.824260498638,6.654936880778,16
46.824349567613,6.668041393068,16
46.826138156755,7.008771584642,16
46.826186671560,7.021876995528,16
46.826233684358,7.034982429522,16
46.826279195150,7.048087885898,16
46.826323203935,7.061193363928,16
46.826365710715,7.074298862886,16
46.826406715487,7.087404382046,16
46.826446218254,7.100509920680,16
46.826484219014,7.113615478062,16
46.826520717768,7.126721053465,16
46.826555714516,7.139826646164,16
46.826589209257,7.152932255430,16
46.826621201992,7.166037880537,16
46.826651692720,7.179143520760,16
46.826680681443,7.192249175370,16
46.826708168159,7.205354843641,16
46.832689371199,6.576166714294,16
46.832787468428,6.589273143873,16
46.832884063403,6.602379620540,16
46.832979156124,6.615486143569,16
46.833072746590,6.628592712232,16
46.833164834801,6.641699325803,16
46.833255420757,6.654805983555,16
46.833344504459,6.667912684762,16
46.833432085906,6.681019428697,16
46.833518165098,6.694126214633,16
46.833602742036,6.707233041844,16
46.833685816719,6.720339909603,16
46.833767389147,6.733446817184,16
46.834810705013,6.930054715315,16
46.834868241367,6.943162161210,16
46.834924275466,6.956269634573,16
46.834978807311,6.969377134677,16
46.835031836900,6.982484660796,16
46.835083364235,6.995592212203,16
46.835133389316,7.008699788171,16
46.835181912142,7.021807387974,16
46.835228932713,7.034915010885,16
46.835274451029,7.048022656178,16
46.835318467091,7.061130323125,16
46.835360980898,7.074238011000,16
46.835401992450,7.087345719076,16
46.835441501748,7.100453446627,16
46.835479508791,7.113561192926,16
46.835516013579,7.126668957246,16
46.835551016113,7.139776738861,16
46.835584516392,7.152884537044,16
46.842067627454,6.628457392335,16
46.842159730888,6.641566195549,16
46.842250331819,6.654675042943,16
46.842339430246,6.667783933793,16
46.842427026171,6.680892867370,16
46.842513119593,6.694001842949,16
46.842597710512,6.707110859802,16
46.842680798928,6.720219917203,16
46.842762384841,6.733329014426,16
46.842842468251,6.746438150743,16
46.842921049158,6.759547325429,16
46.842998127562,6.772656537755,16
46.843073703463,6.785765786997,16
46.843220347755,6.811984393317,16
46.843291416147,6.825093748942,16
46.843360982036,6.838203138575,16
46.843429045422,6.851312561490,16
46.843495606305,6.864422016959,16
46.843560664685,6.877531504256,16
46.843624220562,6.890641022655,16
46.843686273936,6.903750571428,16
46.843746824807,6.916860149850,16
46.843805873174,6.929969757192,16
46.843863419039,6.943079392730,16
46.843919462401,6.956189055735,16
46.843974003260,6.969298745482,16
46.844027041616,6.982408461243,16
46.844078577469,6.995518202292,16
46.844128610819,7.008627967903,16
46.844177141666,7.021737757348,16
46.844224170010,7.034847569901,16
46.844269695851,7.047957404836,16
46.844313719188,7.061067261425,16
46.844356240023,7.074177138943,16
46.844397258355,7.087287036661,16
46.844436774184,7.100396953855,16
46.844474787510,7.113506889796,16
46.844511298333,7.126616843759,16
46.851154615683,6.641433021181,16
46.851245231589,6.654544058944,16
46.851334344743,6.667655140161,16
46.851421955146,6.680766264106,16
46.851508062797,6.693877430053,16
46.851592667697,6.706988637274,16
46.851675769846,6.720099885043,16
46.851757369243,6.733211172634,16
46.851837465889,6.746322499319,16
46.851916059784,6.759433864372,16
46.851993150927,6.772545267066,16
46.852068739320,6.785656706676,16
46.852142824960,6.798768182473,16
46.852215407850,6.811879693731,16
46.852286487988,6.824991239725,16
46.852356065374,6.838102819726,16
46.852424140010,6.851214433008,16
46.852490711894,6.864326078846,16
46.852555781027,6.877437756511,16
46.852619347408,6.890549465277,16
46.852681411038,6.903661204418,16
46.852741971917,6.916772973208,16
46.852801030044,6.929884770918,16
46.852858585420,6.942996596823,16
46.852914638045,6.956108450197,16
46.852969187918,6.969220330311,16
46.853022235041,6.982332236440,16
46.853073779411,6.995444167858,16
46.853123821031,7.008556123836,16
46.853172359899,7.021668103649,16
46.853219396015,7.034780106570,16
46.853264929381,7.047892131873,16
46.853308959995,7.061004178830,16
46.860329247715,6.667526303866,16
46.860416872596,6.680639618905,16
46.860502994476,6.693752975945,16
46.860587613358,6.706866374260,16
46.860670729239,6.719979813122,16
46.860752342121,6.733093291806,16
46.860832452003,6.746206809585,16
46.860911058886,6.759320365732,16
46.860988162769,6.772433959520,16
46.861063763652,6.785547590222,16
46.861137861536,6.798661257113,16
46.861210456420,6.811774959465,16
46.861281548304,6.824888696551,16
46.861351137188,6.838002467646,16
46.861419223073,6.851116272022,16
46.861485805959,6.864230108953,16
46.861550885844,6.877343977711,16
46.861614462730,6.890457877571,16
46.861676536616,6.903571807806,16
46.861737107503,6.916685767689,16
46.861796175390,6.929799756493,16
46.861853740277,6.942913773491,16
46.861909802165,6.956027817958,16
46.861964361052,6.969141889166,16
46.862017416941,6.982255986388,16
46.862068969829,6.995370108899,16
46.869747303241,6.732975371944,16
46.869827426360,6.746091081542,16
46.869906046230,6.759206829507,16
46.869983162853,6.772322615114,16
46.870058776227,6.785438437636,16
46.870132886353,6.798554296346,16
46.870205493232,6.811670190517,16
46.870276596862,6.824786119422,16
46.870346197245,6.837902082336,16
46.870414294379,6.851018078531,16
46.870480888265,6.864134107280,16
46.870545978904,6.877250167858,16
46.870609566294,6.890366259537,16
46.870671650437,6.903482381591,16
46.870732231331,6.916598533292,16
46.870791308977,6.929714713915,16
46.878978150945,6.772211233851,16
46.879053776811,6.785329248917,16
46.879127899180,6.798447300171,16
46.879541059972,6.877156326951,16
