45.818761054819,7.044964880355,16
45.818805428028,7.057829773756,16
45.818848327045,7.070694688666,16
45.818889751868,7.083559624359,16
45.815035474270,8.434349295236,16
45.814920634635,8.447212312965,16
45.814804320807,8.460075273723,16
45.814686532786,8.472938176784,16
45.814567270573,8.485801021421,16
45.827710211511,7.032033407306,16
45.827756066636,7.044900386125,16
45.827800447321,7.057767387181,16
45.827843353563,7.070634409746,16
45.827884785365,7.083501453093,16
45.823914999519,8.447377553082,16
45.823798666098,8.460242621495,16
45.823680858235,8.473107632210,16
45.823561575931,8.485972584502,16
45.836705230681,7.031966782494,16
45.836751093529,7.044835869694,16
45.836795481688,7.057704979130,16
45.836838395158,7.070574110075,16
45.832909379479,8.447542850082,16
45.832793026464,8.460410026875,16
45.832675198760,8.473277145971,16
45.832555896366,8.486144206643,16
45.845652919183,7.019028961412,16
45.845700264693,7.031900134755,16
45.845746135264,7.044771331061,16
45.845790530898,7.057642549602,16
45.845833451594,7.070513789653,16
45.841903774281,8.447708203967,16
45.841787401672,8.460577489865,16
45.841669554126,8.473446718067,16
45.841550231642,8.486315887844,16
45.854647959832,7.018960180915,16
45.854695313313,7.031833464089,16
45.854741191608,7.044706770225,16
45.854785594717,7.057580098598,16
45.850898183691,8.447873614735,16
45.850781791490,8.460745010464,16
45.850663924102,8.473616348497,16
45.850544581527,8.486487628106,16
45.863643014857,7.018891376764,16
45.863690376310,7.031766770494,16
45.863736262328,7.044642187188,16
45.863780672911,7.057517626117,16
45.859776195683,8.460912588673,16
45.859658308453,8.473786037262,16
45.859538945788,8.486659427427,16
45.872638084024,7.018822548960,16
45.872685453448,7.031700053973,16
45.872731347190,7.044577581948,16
45.872775765248,7.057455132160,16
45.868887045406,8.448204606921,16
45.868770614018,8.461080224490,16
45.868652706946,8.473955784362,16
45.868533324191,8.486831285809,16
45.868412465754,8.499706728106,16
45.881680544496,7.031633314523,16
45.881726445960,7.044512954507,16
45.881770871493,7.057392616727,16
45.877765046262,8.461247917916,16
45.877647119348,8.474125589796,16
45.877527716503,8.487003203251,16
45.877406837727,8.499880757556,16
45.890628263852,7.018684822392,16
45.890675649219,7.031566552146,16
45.890721558406,7.044448304864,16
45.886759492181,8.461415668952,16
45.886641545426,8.474295453565,16
45.886522122491,8.487175179754,16
45.886401223376,8.500054846792,16
45.899574504278,7.005732104105,16
45.899623374045,7.018615923629,16
45.899670767384,7.031499766842,16
45.899716684295,7.044383633018,16
45.895753951543,8.461583477596,16
45.895635984946,8.474465375668,16
45.895516541920,8.487347215316,16
45.895395622467,8.500228995814,16
45.908569619461,7.005661067504,16
45.908618497448,7.018547001212,16
45.908665898758,7.031432958610,16
45.908711823392,7.044318938971,16
45.904748424114,8.461751343850,16
45.904630437674,8.474635356107,16
45.904510974559,8.487519309939,16
45.917564747620,7.005590006524,16
45.917613633826,7.018478055143,16
45.917661043108,7.031366127451,16
45.913859439016,8.449033082849,16
45.913742909660,8.461919267713,16
45.913624903379,8.474805394880,16
45.913505420173,8.487691463622,16
45.926559888520,7.005518921165,16
45.926608782946,7.018409085420,16
45.926656200200,7.031299273364,16
45.922853956898,8.449198948685,16
45.922737407948,8.462087249185,16
45.922619381825,8.474975491987,16
45.922499878530,8.487863676366,16
45.935504661862,6.992555555229,16
45.935555041930,7.005447811428,16
45.935603944576,7.018340092044,16
45.935651369801,7.031232396349,16
45.931848487289,8.449364871405,16
45.931731918745,8.462255288266,16
45.931613872781,8.475145647429,16
45.931494349395,8.488035948169,16
45.944447952874,6.979587955883,16
45.944499819079,6.992482304026,16
45.944550207615,7.005376677313,16
45.944599118481,7.018271075015,16
45.944646551677,7.031165496407,16
45.940843029955,8.449530851008,16
45.940726441818,8.462423384956,16
45.940608376012,8.475315861206,16
45.940488832536,8.488208279033,16
45.953443113416,6.979512561764,16
45.953494988338,6.992409027720,16
45.953545385342,7.005305518818,16
45.953594304428,7.018202034333,16
45.949837584664,8.449696887495,16
45.949720976933,8.462591539255,16
45.949602891285,8.475486133318,16
45.949483327719,8.488380668957,16
45.962438285768,6.979437141815,16
45.962490169406,6.992335726309,16
45.962540574878,7.005234335945,16
45.962589502184,7.018132969998,16
45.958832151181,8.449862980866,16
45.958715523857,8.462759751164,16
45.958597418367,8.475656463764,16
45.958477834711,8.488553117941,16
45.958356772888,8.501449712967,16
45.971380098925,6.966461018148,16
45.971433469695,6.979361696036,16
45.971485362050,6.992262399793,16
45.971535775990,7.005163128693,16
45.967710082357,8.462928020681,16
45.967591957025,8.475826852545,16
45.967472353278,8.488725625985,16
45.967351271117,8.501624340275,16
45.980375285230,6.966383426551,16
45.980428664964,6.979286224428,16
45.980480566035,6.992189048174,16
45.980530988444,7.005091897063,16
45.976704652199,8.463096347808,16
45.976586507025,8.475997299661,16
45.976466883188,8.488898193090,16
45.976345780688,8.501799027368,16
45.989315615033,6.953400916402,16
45.989370482643,6.966305808398,16
45.989423871342,6.979210726989,16
45.989475781130,6.992115671450,16
45.985815919253,8.450361602279,16
45.985699233149,8.463264732543,16
45.985581068134,8.476167805111,16
45.985461424207,8.489070819255,16
45.998310814108,6.953321150254,16
45.998365690932,6.966228163690,16
45.998419088596,6.979135203722,16
45.998471007100,6.992042269623,16
45.994810530673,8.450527923183,16
45.994693824975,8.463433174888,16
45.994575640118,8.476338368896,16
45.994455976101,8.489243504480,16
46.007249658381,6.940332248546,16
46.007306023826,6.953241356825,16
46.007360909863,6.966150492426,16
46.007414316492,6.979059654624,16
46.007466243713,6.991968842690,16
46.003688427444,8.463601674842,16
46.003570222745,8.476508991016,16
46.003450538637,8.489416248765,16
46.016301243953,6.953161536115,16
46.016356139203,6.966072794608,16
46.016409554797,6.978984079696,16
46.016461490734,6.991895390654,16
46.012799785206,8.450860735643,16
46.012683040321,8.463770232405,16
46.012564815780,8.476679671470,16
46.012445111583,8.489589052110,16
46.012323927729,8.502498373600,16
46.025296474255,6.953081688124,16
46.025351378718,6.965995070234,16
46.025404803277,6.978908478939,16
46.025456747931,6.991821913514,16
46.021677663374,8.463938847577,16
46.021559418991,8.476850410259,16
46.021439694704,8.489761914516,16
46.021318490511,8.502673359623,16
46.034291714500,6.953001812852,16
46.034346628176,6.965917319304,16
46.034400061700,6.978832852352,16
46.034452015070,6.991748411269,16
46.034502488287,7.004663995329,16
46.030672296369,8.464107520359,16
46.030554032144,8.477021207382,16
46.030434287767,8.489934835982,16
46.030313063236,8.502848405431,16
46.043341887343,6.965839541819,16
46.043395329831,6.978757199935,16
46.043447291918,6.991674883920,16
46.043497773603,7.004592593048,16
46.039666939073,8.464276250749,16
46.039548655006,8.477192062841,16
46.039428890539,8.490107816508,16
46.039307645669,8.503023511025,16
46.052337155985,6.965761737779,16
46.052390607438,6.978681521688,16
46.052442578241,6.991601331467,16
46.052493068395,7.004521166388,16
46.048661591253,8.464445038749,16
46.048543287344,8.477362976634,16
46.048423502786,8.490280856095,16
46.048302237578,8.503198676405,16
46.048179491721,8.516116436838,16
46.061385894287,6.978605817612,16
46.061437873807,6.991527753909,16
46.061488372429,7.004449715349,16
46.061537390153,7.017371701206,16
46.057537928924,8.477533948761,16
46.057418124276,8.490453954741,16
46.057296838730,8.503373901571,16
46.057174072285,8.516293788523,16
46.070381190145,6.978530087706,16
46.070433178382,6.991454151248,16
46.070483685472,7.004378239932,16
46.070532711415,7.017302353033,16
46.066532579513,8.477704979223,16
46.066412754775,8.490627112448,16
46.066291448890,8.503549186522,16
46.066168661859,8.516471200719,16
46.079376494779,6.978454331970,16
46.079428491732,6.991380523482,16
46.079479007290,7.004306740137,16
46.079528041453,7.017232981207,16
46.079575594222,7.030159245967,16
46.075527238877,8.477876068020,16
46.075407394049,8.490800329215,16
46.075286067825,8.503724531259,16
46.075163260208,8.516648673426,16
46.075038971195,8.529572754989,16
46.088423813624,6.991306870612,16
46.088474337651,7.004235215962,16
46.088523380034,7.017163585729,16
46.088570940774,7.030091979184,16
46.084521906784,8.478047215152,16
46.084402041865,8.490973605042,16
46.084280695303,8.503899935782,16
46.084157867099,8.516826206644,16
46.097419143826,6.991233192638,16
46.097469676320,7.004163667409,16
46.097518726923,7.017094166597,16
46.097566295635,7.030024689474,16
46.093516582999,8.478218420618,16
46.093396697990,8.491146939930,16
46.093275331090,8.504075400091,16
46.093152482299,8.517003800374,16
46.106465023065,7.004092094477,16
46.106514081888,7.017024723812,16
46.106561658571,7.029957376836,16
46.106607753115,7.042890052822,16
46.102629690250,8.465458976537,16
46.102511267290,8.478389684419,16
46.102391362191,8.491320333878,16
46.102269974953,8.504250924185,16
46.102147105574,8.517181454616,16
46.115460377652,7.004020497167,16
46.115509444695,7.016955257374,16
46.115557029350,7.029890041270,16
46.115603131617,7.042824848129,16
46.111624402225,8.465628167800,16
46.111505959424,8.478561006555,16
46.111386034234,8.491493786886,16
46.111264626657,8.504426508066,16
46.124504815111,7.016885767283,16
46.124552407737,7.029822682777,16
46.124598517727,7.042759621233,16
46.124643145081,7.055696581926,16
46.120736101815,8.452862388623,16
46.120619121809,8.465797416672,16
46.120500659166,8.478732387025,16
46.120380713886,8.491667298954,16
46.133500192903,7.016816253538,16
46.133547793500,7.029755301356,16
46.133593911214,7.042694372136,16
46.133638546042,7.055633465152,16
46.129730848368,8.453029562781,16
46.129613848768,8.465966723154,16
46.129495366283,8.478903825830,16
46.129375400914,8.491840870082,16
46.142495577836,7.016746716141,16
46.142543186406,7.029687897007,16
46.142589311842,7.042629100836,16
46.142633954145,7.055570326901,16
46.142677113316,7.068511574476,16
46.138725602064,8.453196793822,16
46.138608582870,8.466136087245,16
46.138490080543,8.479075322970,16
46.138370095084,8.492014500271,16
46.151538586220,7.029620469731,16
46.151584719379,7.042563807335,16
46.151629369157,7.055507167175,16
46.151672535554,7.068450548523,16
46.147720362668,8.453364081747,16
46.147603323881,8.466305508944,16
46.147484801712,8.479246878444,16
46.147364796162,8.492188189519,16
46.160533992709,7.029553019528,16
46.160580133592,7.042498491632,16
46.160624790845,7.055443985971,16
46.160667964468,7.068389501820,16
46.156830704699,8.440587807888,16
46.156715129948,8.453531426556,16
46.156598071567,8.466474988253,16
46.156479529556,8.479418492253,16
46.156359503916,8.492361937829,16
46.169575554247,7.042433153726,16
46.169620218975,7.055380783292,16
46.169663399825,7.068328434366,16
46.165825497766,8.440753074355,16
46.165709903669,8.453698828248,16
46.165592825695,8.466644525171,16
46.165474263843,8.479590164396,16
46.165354218113,8.492535745198,16
46.178570981111,7.042367793619,16
46.178615653314,7.055317559135,16
46.178658841390,7.068267346161,16
46.174820297042,8.440918396980,16
46.174704683600,8.453866286824,16
46.174587586032,8.466814119698,16
46.174469004338,8.479761894875,16
46.187520249899,7.029350531352,16
46.187566413951,7.042302411309,16
46.187611093628,7.055254313503,16
46.187654288931,7.068206237205,16
46.183929250705,8.428133692997,16
46.183815102293,8.441083775762,16
46.183699469507,8.454033802284,16
46.183582352345,8.466983771834,16
46.183463750809,8.479933683688,16
46.196515680757,7.029282989438,16
46.196561852532,7.042237006798,16
46.196606539685,7.055191046394,16
46.196649742214,7.068145107499,16
46.192924080796,8.428296990535,16
46.192809913287,8.441249210703,16
46.192694261155,8.454201374626,16
46.192577124400,8.467153481579,16
46.205511117125,7.029215424597,16
46.205557296623,7.042171580085,16
46.205601991250,7.055127757808,16
46.205645201006,7.068083957041,16
46.205686925890,7.081040177057,16
46.202031618129,8.415505929693,16
46.201918916395,8.428460343506,16
46.201804729789,8.441414701801,16
46.201689058313,8.454369003853,16
46.201571901964,8.467323248934,16
46.214506558768,7.029147836828,16
46.214552745989,7.042106131169,16
46.214597448091,7.055064447746,16
46.214640665074,7.068022785833,16
46.214682396936,7.080981144702,16
46.211137713316,8.402710591785,16
46.211026477853,8.415667199243,16
46.210913757270,8.428623751909,16
46.210799551568,8.441580249058,16
46.210683860746,8.454536689963,16
46.210566684804,8.467493073897,16
46.223548200398,7.042040660052,16
46.223592909974,7.055001116208,16
46.223636134183,7.067961593873,16
46.223677873024,7.080922092321,16
46.223718126497,7.093882610825,16
46.220132596682,8.402869776463,16
46.220021342618,8.415828523499,16
46.219908603187,8.428787215744,16
46.219794378388,8.441745852473,16
46.219678668221,8.454704432957,16
46.232543659615,7.041975166732,16
46.232588376667,7.054937763193,16
46.232631608102,7.067900381163,16
46.232673353921,7.080863019915,16
46.232713614124,7.093825678724,16
46.229127484856,8.403029015122,16
46.229016212193,8.415989902463,16
46.228903453913,8.428950735013,16
46.228789210017,8.441911512045,16
46.241583847934,7.054874388702,16
46.241627086596,7.067839147702,16
46.241668839393,7.080803927484,16
46.241709106326,7.093768727323,16
46.241747887393,7.106733546491,16
46.238232183006,8.390225225328,16
46.238122377607,8.403188307762,16
46.238011086343,8.416151336133,16
46.237898309215,8.429114309713,16
46.250579323544,7.054810992734,16
46.250622569432,7.067777893490,16
46.250664329208,7.080744815028,16
46.250704602870,7.093711756622,16
46.250743390419,7.106678717546,16
46.250780691856,7.119645697072,16
46.247227098450,8.390382430193,16
46.247117274699,8.403347654384,16
46.247005964836,8.416312824510,16
46.246893168859,8.429277939846,16
46.259618056378,7.067716618527,16
46.259659823131,7.080685682546,16
46.259700103523,7.093654766622,16
46.259738897554,7.106623870027,16
46.259776205224,7.119592992034,16
46.259812026532,7.132562131918,16
46.256222018003,8.390539688315,16
46.256112175901,8.403507054987,16
46.256000847437,8.416474367594,16
46.255888032612,8.429441625411,16
46.268655320930,7.080626530039,16
46.268695608052,7.093597757322,16
46.268734408565,7.106569003933,16
46.268771722467,7.119540269148,16
46.268807549760,7.132511552238,16
46.265107080978,8.403666509571,16
46.264995733914,8.416635965385,16
46.277691116223,7.093540728722,16
46.277729923217,7.106514119266,16
46.277767243353,7.119487528412,16
46.277803076631,7.132460955435,16
46.277837423051,7.145434399607,16
46.274101989697,8.403826018137,16
46.273990624033,8.416797617883,16
46.273877771511,8.429769162839,16
46.286725441279,7.106459216024,16
46.286762767648,7.119434769828,16
46.286798606910,7.132410341509,16
46.286832959067,7.145385930339,16
46.283096901825,8.403985580684,16
46.282985517561,8.416959325088,16
46.282872646190,8.429933014702,16
46.295720962516,7.106404294207,16
46.295758295118,7.119381993395,16
46.295794140365,7.132359710460,16
46.295828498258,7.145337444673,16
46.295861368796,7.158315195309,16
46.292417101595,8.365217206370,16
46.292201732639,8.391169253360,16
46.292091817129,8.404145197212,16
46.291980414264,8.417121087000,16
46.291867524045,8.430096921997,16
46.304753825530,7.119329199114,16
46.304789676762,7.132309062287,16
46.304824040392,7.145288942609,16
46.304856916418,7.158268839355,16
46.301517545204,8.352392190760,16
46.301412074151,8.365370438553,16
46.301305115495,8.378348634462,16
46.301196669237,8.391326777760,16
46.301086735375,8.404304867721,16
46.300975313910,8.417282903619,16
46.300862404842,8.430260884725,16
46.300748008172,8.443238810314,16
46.313749358651,7.119276386984,16
46.313785215869,7.132258396992,16
46.313819585234,7.145240424149,16
46.313852466749,7.158222467728,16
46.310512538076,8.352543327913,16
46.310407049416,8.365523722540,16
46.310300072905,8.378504065284,16
46.310191608543,8.391484355417,16
46.310081656330,8.404464592212,16
46.309970216265,8.417444774944,16
46.322780757450,7.132207714573,16
46.322815132553,7.145191889290,16
46.322848019555,7.158176080430,16
46.322879418458,7.171160287265,16
46.322909329261,7.184144509070,16
46.319611551590,8.339711922799,16
46.319507533423,8.352694516144,16
46.319402027157,8.365677058332,16
46.319295032791,8.378659548636,16
46.319186550325,8.391641986329,16
46.331776301274,7.132157015031,16
46.331810682113,7.145143338034,16
46.331843574604,7.158129677459,16
46.331874978747,7.171116032581,16
46.331904894541,7.184102402671,16
46.331933321988,7.197088787005,16
46.328606566539,8.339861013825,16
46.328502531013,8.352845755455,16
46.328397007140,8.365830445929,16
46.328289994919,8.378815084518,16
46.340771847107,7.132106298366,16
46.340806233682,7.145094770380,16
46.340839131661,7.158083258817,16
46.340870541044,7.171071762950,16
46.340900461830,7.184060282051,16
46.340928894020,7.197048815396,16
46.340955837614,7.210037362257,16
46.337704147783,8.327023214131,16
46.337601583496,8.340010155204,16
46.337497530612,8.352997045845,16
46.337391989132,8.365983885330,16
46.337284959056,8.378970672931,16
46.349834690494,7.158036824503,16
46.349866105117,7.171027478372,16
46.349896030895,7.184018147211,16
46.349924467828,7.197008830292,16
46.349951415916,7.209999526889,16
46.349976875160,7.222990236276,16
46.346699183626,8.327170256127,16
46.346596602229,8.340159346936,16
46.346492531987,8.353148387315,16
46.346386972900,8.366137376536,16
46.358861670732,7.170983178848,16
46.358891601501,7.183975998149,16
46.358920043177,7.196968831693,16
46.358946995761,7.209961678752,16
46.358972459251,7.222954538601,16
46.358996433648,7.235947410513,16
46.359018918953,7.248940293761,16
46.355694221012,8.327317347750,16
46.355591622504,8.340308589022,16
46.355487534903,8.353299779863,16
46.355381958209,8.366290919547,16
46.367887173417,7.183933834866,16
46.367915619836,7.196928819598,16
46.367942576914,7.209923817845,16
46.367968044651,7.222918828882,16
46.367992023046,7.235913851982,16
46.368014512101,7.248908886418,16
46.364790385982,8.314471046838,16
46.364689259706,8.327464489002,16
46.364586644088,8.340457881461,16
46.364482539129,8.353451223490,16
46.376938159143,7.209885944169,16
46.376963631127,7.222883107119,16
46.376987613520,7.235880282132,16
46.377010106324,7.248877468481,16
46.373785442614,8.314616085804,16
46.373684299475,8.327611679881,16
46.373581666747,8.340607224254,16
46.373477544430,8.353602718197,16
46.385959218444,7.222847373312,16
46.385983204836,7.235846700964,16
46.386005701390,7.248846039952,16
46.386026708106,7.261845389549,16
46.382880170250,8.301763377980,16
46.382780500087,8.314761173673,16
46.382679340087,8.327758920389,16
46.382576690249,8.340756617401,16
46.394954806371,7.222811627460,16
46.394978796761,7.235813108477,16
46.395001297065,7.248814600829,16
46.395022307282,7.261816103791,16
46.391875244946,8.301906361386,16
46.391775558170,8.314906310444,16
46.391674381308,8.327906210525,16
46.391571714360,8.340906060901,16
46.403950394673,7.222775869564,16
46.403974389061,7.235779504671,16
46.403996893115,7.248783151114,16
46.404017906834,7.261786808166,16
46.404037430218,7.274790475101,16
46.400968533072,8.289047241571,16
46.400870320018,8.302049392969,16
46.400770616628,8.315051496117,16
46.400669422904,8.328053550288,16
46.400566738846,8.341055554755,16
46.412969981504,7.235745889547,16
46.412992489307,7.248751690805,16
46.413013506527,7.261757502673,16
46.413033033165,7.274763324423,16
46.409963624651,8.289188166515,16
46.409865395231,8.302192472730,16
46.409765675229,8.315196730693,16
46.409664464643,8.328200939680,16
46.421965573855,7.235712263104,16
46.421988085408,7.248720219903,16
46.422009106130,7.261728187312,16
46.422028636021,7.274736164604,16
46.418958716139,8.289329138911,16
46.418860470354,8.302335600667,16
46.418760733738,8.315342014172,16
46.418659506290,8.328348378699,16
46.430983681185,7.248688738408,16
46.431004705409,7.261698862084,16
46.431024238552,7.274708995642,16
46.431042280616,7.287719138357,16
46.428050578373,8.276461493212,16
46.427953807303,8.289470158758,16
46.427855545153,8.302478776781,16
46.427755791923,8.315487346553,16
46.439979276404,7.248657246320,16
46.440000304129,7.261669526988,16
46.440019840526,7.274681817539,16
46.440037885595,7.287694117246,16
46.440054439336,7.300706425382,16
46.437045685096,8.276600403518,16
46.436948897908,8.289611226057,16
46.436850619393,8.302622001072,16
46.436750849550,8.315632727836,16
46.448995902059,7.261640182025,16
46.449015441709,7.274654630294,16
46.449033489782,7.287669087718,16
46.449050046279,7.300683553572,16
46.449065111200,7.313698027129,16
46.446136102755,8.263726333496,16
46.446040791027,8.276739360550,16
46.445943987723,8.289752340807,16
46.445845692843,8.302765273540,16
46.445745906386,8.315778158022,16
46.458011041867,7.274627433906,16
46.458029092945,7.287644049774,16
46.458045652199,7.300660674072,16
46.458060719628,7.313677306072,16
46.458074295233,7.326693945048,16
46.458086379012,7.339710590273,16
46.455131223530,8.263863178811,16
46.455035895934,8.276878364308,16
46.454939076513,8.289893503008,16
46.454840765268,8.302908594184,16
46.467006640767,7.274600228377,16
46.467024694850,7.287619003414,16
46.467041256861,7.300637786880,16
46.467056326798,7.313656578049,16
46.467069904662,7.326675376194,16
46.467081990454,7.339694180589,16
46.467092584172,7.352712990506,16
46.467101685817,7.365731805219,16
46.464126343048,8.264000070125,16
46.464030999583,8.277017414792,16
46.463934164046,8.290034712661,16
46.463835836435,8.303051963006,16
46.476020295265,7.287593948637,16
46.476036860031,7.300614891998,16
46.476051932477,7.313635843061,16
46.476065512601,7.326656801101,16
46.476077600404,7.339677765390,16
46.476088195885,7.352698735202,16
46.476097299045,7.365719709809,16
46.476104909884,7.378740688486,16
46.476111028402,7.391761670506,16
46.473215328086,8.251117456809,16
46.473121461075,8.264137007440,16
46.473026101741,8.277156512001,16
46.472929250087,8.290175969765,16
46.485047536431,7.313615101108,16
46.485061118815,7.326638219768,16
46.485073208629,7.339661344677,16
46.485083805874,7.352684475109,16
46.485092910549,7.365707610337,16
46.485100522654,7.378730749634,16
46.485106642190,7.391753892273,16
46.485111269156,7.404777037529,16
46.485114403552,7.417800184674,16
46.482657484624,8.186143057618,16
46.482571064840,8.199164988323,16
46.482483152487,8.212186876591,16
46.482393747564,8.225208721695,16
46.482302850071,8.238230522908,16
46.482210460009,8.251252279504,16
46.482116577377,8.264273990755,16
46.482021202175,8.277295655936,16
46.481924334404,8.290317274320,16
46.494068814897,7.339644918450,16
46.494079413905,7.352670210227,16
46.494088520095,7.365695506801,16
46.494096133467,7.378720807444,16
46.494102254021,7.391746111429,16
46.494106881756,7.404771418030,16
46.494110016674,7.417796726521,16
46.494111658774,7.430822036174,16
46.494111808056,7.443847346264,16
46.494110464520,7.456872656062,16
46.491737630309,8.173242985098,16
46.491652688964,8.186267118860,16
46.491566254802,8.199291210910,16
46.491478327822,8.212315260524,16
46.491388908024,8.225339266973,16
46.491297995408,8.238363229532,16
46.491205589973,8.251387147473,16
46.491111691721,8.264411020071,16
46.491016300651,8.277434846597,16
46.503084127450,7.365683399202,16
46.503091742088,7.378710861916,16
46.503097863660,7.391738327973,16
46.503102492166,7.404765796645,16
46.503105627605,7.417793267207,16
46.503107269978,7.430820738932,16
46.503107419285,7.443848211092,16
46.503106075525,7.456875682962,16
46.503103238699,7.469903153815,16
46.503098908806,7.482930622923,16
46.501135227965,8.108232846526,16
46.500732846588,8.173364925915,16
46.500647891114,8.186391221748,16
46.500561442573,8.199417475870,16
46.500473500966,8.212443687554,16
46.500293138553,8.238495980705,16
46.500200717747,8.251522060717,16
46.500106803874,8.264548095386,16
46.500011396936,8.277574083984,16
46.512093470875,7.391730541904,16
46.512098100151,7.404760173374,16
46.512101236111,7.417789806732,16
46.512102878757,7.430819441254,16
46.512103028089,7.443849076211,16
46.512101684106,7.456878710878,16
46.512098846808,7.469908344527,16
46.512094516195,7.482937976432,16
46.512088692268,7.495967605867,16
46.512081375026,7.508997232105,16
46.512072564470,7.522026854418,16
46.510130508746,8.108344014280,16
46.510053005715,8.121372670563,16
46.509974009369,8.134401288768,16
46.509893519708,8.147429868169,16
46.509811536733,8.160458408040,16
46.509728060443,8.173486907653,16
46.509643090839,8.186515366283,16
46.509556627919,8.199543783202,16
46.509468671685,8.212572157683,16
46.521098484879,7.430818143140,16
46.521098634236,7.443849941620,16
46.521097290029,7.456881739809,16
46.521094452259,7.469913536981,16
46.521090120926,7.482945332408,16
46.521084296031,7.495977125365,16
46.521076977572,7.509008915125,16
46.521068165550,7.522040700961,16
46.521057859966,7.535072482146,16
46.521046060818,7.548104257954,16
46.519559517564,8.030269541567,16
46.519201809226,8.095424362172,16
46.519125786869,8.108455219328,16
46.519048270949,8.121486039133,16
46.518969261466,8.134516820861,16
46.518888758421,8.147547563784,16
46.518806761812,8.160578267177,16
46.518723271640,8.173608930313,16
46.518638287906,8.186639552465,16
46.518551810608,8.199670132906,16
46.530092893061,7.456884769756,16
46.530090054819,7.469918731176,16
46.530085722766,7.482952690851,16
46.530079896902,7.495986648056,16
46.530072577227,7.509020602064,16
46.530063763740,7.522054552147,16
46.530053456442,7.535088497580,16
46.530041655332,7.548122437636,16
46.530028360411,7.561156371587,16
46.530013571679,7.574190298708,16
46.528554864912,8.030367798421,16
46.528486298972,8.043400995678,16
46.528416239220,8.056434159218,16
46.528344685657,8.069467288313,16
46.528271638283,8.082500382238,16
46.528197097098,8.095533440266,16
46.528121062101,8.108566461669,16
46.528043533293,8.121599445722,16
46.527964510673,8.134632391698,16
46.527883994242,8.147665298869,16
46.527801984000,8.160698166510,16
46.527718479946,8.173730993894,16
46.527633482082,8.186763780294,16
46.539075494649,7.495996173939,16
46.539068173757,7.509032292920,16
46.539059358805,7.522068407977,16
46.539049049793,7.535104518384,16
46.539037246722,7.548140623413,16
46.539023949591,7.561176722338,16
46.539009158400,7.574212814432,16
46.538992873150,7.587248898969,16
46.538975093840,7.600284975222,16
46.538955820470,7.613321042465,16
46.537930297915,7.952253247463,16
46.537870684934,7.965288796737,16
46.537809577894,7.978324316654,16
46.537746976794,7.991359806487,16
46.537682881634,8.004395265509,16
46.537617292415,8.017430692994,16
46.537550209136,8.030466088215,16
46.537481631797,8.043501450446,16
46.537411560398,8.056536778959,16
46.537339994940,8.069572073028,16
46.537266935423,8.082607331926,16
46.537192381845,8.095642554927,16
46.537116334208,8.108677741304,16
46.537038792512,8.121712890331,16
46.536879226939,8.147783073425,16
46.536797203064,8.160818106039,16
46.536713685128,8.173853098396,16
46.548054950512,7.522082268451,16
46.548044639787,7.535120544556,16
46.548032834754,7.548158815284,16
46.548019535412,7.561197079908,16
46.548004741763,7.574235337702,16
46.547988453806,7.587273587938,16
46.547970671541,7.600311829890,16
46.547951394968,7.613350062831,16
46.547930624086,7.626388286035,16
46.547908358897,7.639426498775,16
46.547149250433,7.900187437070,16
46.546983830538,7.939300832399,16
46.546925701956,7.952338576003,16
46.546866079067,7.965376290976,16
46.546804961870,7.978413976593,16
46.546742350365,7.991451632125,16
46.546678244552,8.004489256846,16
46.546612644430,8.017526850030,16
46.546545550001,8.030564410950,16
46.546476961264,8.043601938879,16
46.546406878219,8.056639433091,16
46.546335300866,8.069676892860,16
46.546262229204,8.082714317457,16
46.546187663235,8.095751706157,16
46.557015117643,7.561217444299,16
46.557000321535,7.574257868517,16
46.556984030871,7.587298285178,16
46.556966245651,7.600338693554,16
46.556946965874,7.613379092920,16
46.556926191541,7.626419482549,16
46.556903922652,7.639459861714,16
46.556880159206,7.652500229687,16
46.556854901204,7.665540585744,16
46.556828148646,7.678580929157,16
46.556296684414,7.861144002380,16
46.556196848051,7.887224111214,16
46.556144688035,7.900264128499,16
46.556091033462,7.913304120059,16
46.556035884333,7.926344085169,16
46.555979240648,7.939384023102,16
46.555921102407,7.952423933131,16
46.555861469609,7.965463814529,16
46.555800342255,7.978503666569,16
46.555737720345,7.991543488526,16
46.555673603878,8.004583279672,16
46.555607992855,8.017623039280,16
46.555540887276,8.030662766625,16
46.555402192448,8.056742121615,16
46.565979604112,7.587322990689,16
46.565961815937,7.600365566216,16
46.565942532956,7.613408132732,16
46.565921755172,7.626450689511,16
46.565899482582,7.639493235825,16
46.565875715188,7.652535770949,16
46.565850452989,7.665578294156,16
46.565823695985,7.678620804719,16
46.565795444177,7.691663301911,16
46.565765697564,7.704705785005,16
46.565430711839,7.822087378578,16
46.565386017179,7.835129680733,16
46.565339827715,7.848171960797,16
46.565292143446,7.861214218043,16
46.565242964372,7.874256451746,16
46.565192290494,7.887298661178,16
46.565140121811,7.900340845613,16
46.565086458324,7.913383004324,16
46.565031300032,7.926425136584,16
46.564974646935,7.939467241666,16
46.564916499033,7.952509318845,16
46.564856856327,7.965551367393,16
46.564603337456,8.017719260745,16
46.574938095981,7.613437182266,16
46.574917314744,7.626481906920,16
46.574895038455,7.639526621111,16
46.574871267112,7.652571324110,16
46.574846000716,7.665616015193,16
46.574819239267,7.678660693631,16
46.574790982766,7.691705358699,16
46.574761231211,7.704750009669,16
46.574729984603,7.717794645815,16
46.574697242943,7.730839266411,16
46.574663006229,7.743883870730,16
46.574551325770,7.783017578754,16
46.574511108844,7.796062110696,16
46.574469396865,7.809106622728,16
46.574426189834,7.822151114122,16
46.574381487749,7.835195584153,16
46.574335290611,7.848240032093,16
46.574287598421,7.861284457215,16
46.574238411177,7.874328858793,16
46.574187728880,7.887373236101,16
46.574135551531,7.900417588411,16
46.574081879128,7.913461914998,16
46.574026711672,7.926506215133,16
46.573970049163,7.939550488092,16
46.573911891602,7.952594733146,16
46.583866814745,7.652606889170,16
46.583841544152,7.665653748854,16
46.583814778258,7.678700595893,16
46.583786517063,7.691747429562,16
46.583756760566,7.704794249134,16
46.583725508769,7.717841053882,16
46.583692761669,7.730887843079,16
46.583658519269,7.743934615998,16
46.583622781567,7.756981371914,16
46.583585548564,7.770028110099,16
46.583546820259,7.783074829826,16
46.583506596653,7.796121530370,16
46.583464877746,7.809168211003,16
46.583421663538,7.822214870998,16
46.583376954028,7.835261509630,16
46.583330749217,7.848308126171,16
46.583283049104,7.861354719895,16
46.583233853690,7.874401290074,16
46.583183162975,7.887447835983,16
46.583022119021,7.926587320819,16
46.592810312725,7.678740511506,16
46.592782046836,7.691789514502,16
46.592752285397,7.704838503400,16
46.592721028409,7.717887477475,16
46.592688275872,7.730936435998,16
46.592654027784,7.743985378245,16
46.592618284147,7.757034303487,16
46.592581044961,7.770083210999,16
46.592542310224,7.783132100053,16
46.592502079938,7.796180969924,16
46.592460354103,7.809229819883,16
46.592417132717,7.822278649206,16
46.592372415782,7.835327457164,16
46.592326203297,7.848376243032,16
46.592278495263,7.861425006082,16
46.592178592545,7.887522460824,16
46.601716543293,7.717933916595,16
46.601683785316,7.730985045171,16
46.601649531542,7.744036157469,16
46.601613781970,7.757087252764,16
46.601576536600,7.770138330328,16
46.601537795432,7.783189389435,16
46.601497558465,7.796240429358,16
46.601455825701,7.809291449370,16
46.601412597139,7.822342448744,16
46.610645030309,7.744086953672,16
46.610609274801,7.757140219745,16
46.610572023248,7.770193468086,16
