45.816562738218,6.633303996823,16
45.816654285603,6.646167818245,16
45.816744358795,6.659031684430,16
45.816832957794,6.671895594651,16
45.816920082601,6.684759548181,16
45.817005733214,6.697623544295,16
45.817089909634,6.710487582264,16
45.817172611862,6.723351661362,16
45.817253839896,6.736215780863,16
45.817333593737,6.749079940040,16
45.817411873386,6.761944138166,16
45.817488678841,6.774808374515,16
45.817564010103,6.787672648361,16
45.817637867172,6.800536958975,16
45.817710250049,6.813401305632,16
45.818352998197,6.942046594682,16
45.818409164950,6.954911289849,16
45.818463857510,6.967776012338,16
45.818517075878,6.980640761423,16
45.818568820052,6.993505536377,16
45.818619090033,7.006370336474,16
45.818667885822,7.019235160987,16
45.818715207417,7.032100009190,16
45.818761054819,7.044964880355,16
45.818805428028,7.057829773756,16
45.819294123008,7.250805348958,16
45.819314909129,7.263670499308,16
45.819334221058,7.276535659542,16
45.819368422335,7.302266006749,16
45.819383311684,7.315131192270,16
45.819396726841,7.327996384767,16
45.825464342472,6.620306174060,16
45.825557379720,6.633172057647,16
45.825648942527,6.646037986724,16
45.825739030892,6.658903960564,16
45.825827644817,6.671769978440,16
45.825914784299,6.684636039625,16
45.826000449341,6.697502143392,16
45.826084639941,6.710368289016,16
45.826167356100,6.723234475769,16
45.826248597817,6.736100702924,16
45.826328365093,6.748966969756,16
45.826406657928,6.761833275537,16
45.826483476322,6.774699619540,16
45.826558820274,6.787566001040,16
45.826632689785,6.800432419309,16
45.827404117490,6.954832042037,16
45.827458819264,6.967698872181,16
45.827512046596,6.980565728921,16
45.827662881944,7.019166451449,16
45.828310014245,7.263641835207,16
45.828329329427,7.276509103094,16
45.828347170167,7.289376380138,16
45.828363536466,7.302243665611,16
45.828378428323,7.315110958786,16
45.828391845739,7.327978258938,16
45.834364455773,6.607304135333,16
45.834458983380,6.620172081085,16
45.834552036298,6.633040073053,16
45.834643614527,6.645908110510,16
45.834733718065,6.658776192729,16
45.834822346914,6.671644318985,16
45.834909501074,6.684512488550,16
45.834995180543,6.697380700698,16
45.835079385323,6.710248954701,16
45.835162115413,6.723117249834,16
45.835243370814,6.735985585370,16
45.835323151525,6.748853960582,16
45.835401457546,6.761722374743,16
45.835478288878,6.774590827127,16
45.836399085106,6.954752766945,16
45.836453796093,6.967621705469,16
45.837324452872,7.276482537505,16
45.837342296617,7.289351922928,16
45.837358665672,7.302221316781,16
45.837373560038,7.315090718337,16
45.837386979714,7.327960126869,16
45.837398924700,7.340829541650,16
45.843165583740,6.581427918947,16
45.843263077141,6.594297879192,16
45.843359095605,6.607167887107,16
45.843453639131,6.620037941964,16
45.843546707719,6.632908043038,16
45.843638301369,6.645778189600,16
45.843728420080,6.658648380926,16
45.843989926588,6.697259216211,16
45.844317952799,6.748740912518,16
45.846319591159,7.276455962773,16
45.846337437909,7.289327457303,16
45.846368706594,7.315070470923,16
45.846382128530,7.327941988560,16
45.846394075528,7.340813512447,16
45.852061220597,6.568415382507,16
45.852160205600,6.581287404188,16
45.852257715416,6.594159474264,16
45.852353750047,6.607031592010,16
45.852448309490,6.619903756699,16
45.852541393748,6.632775967603,16
45.852633002819,6.645648223997,16
45.855377291955,7.327923844012,16
45.855389240965,7.340797477730,16
45.855399714788,7.353671116970,16
45.855408713424,7.366544761007,16
45.855422285138,7.392292060561,16
45.855426858216,7.405165714626,16
45.855431578812,7.430913027696,16
45.855431726331,7.443786685249,16
45.860645079158,6.516776678413,16
45.860749982563,6.529650609799,16
45.860853410533,6.542524592489,16
45.860955363068,6.555398625754,16
45.861055840169,6.568272708869,16
45.861154841835,6.581146841106,16
45.861252368067,6.594021021740,16
45.861348418863,6.606895250042,16
45.861442994225,6.619769525288,16
45.861536094153,6.632643846749,16
45.864372469756,7.327905693223,16
45.864384420777,7.340781437498,16
45.864394896363,7.353657187295,16
45.864403896515,7.366532941889,16
45.864411421231,7.379408700552,16
45.864417470513,7.392284462557,16
45.864422044361,7.405160227178,16
45.864425142774,7.418035993689,16
45.864426765752,7.430911761362,16
45.864426913295,7.443787529472,16
45.869316026454,6.477997697673,16
45.869425374565,6.490873582074,16
45.869533246992,6.503749519958,16
45.869639643736,6.516625510598,16
45.869744564798,6.529501553267,16
45.869848010176,6.542377647238,16
45.869949979871,6.555253791786,16
45.870050473884,6.568129986183,16
45.870149492213,6.581006229703,16
45.870247034859,6.593882521618,16
45.870343101822,6.606758861203,16
45.870437693103,6.619635247731,16
45.873379614732,7.340765391752,16
45.873390092081,7.353643252832,16
45.873399093747,7.366521118708,16
45.873406619730,7.379398988653,16
45.873412670031,7.392276861941,16
45.873417244648,7.405154737844,16
45.873420343582,7.418032615637,16
45.873421966834,7.430910494593,16
45.873422114402,7.443788373985,16
45.873420786287,7.456666253086,16
45.873417982490,7.469544131169,16
45.873413703009,7.482422007509,16
45.878199708039,6.464962199685,16
45.878310550482,6.477840141885,16
45.878419916994,6.490718138293,16
45.878527807575,6.503596188185,16
45.878634222224,6.516474290833,16
45.878739160942,6.529352445510,16
45.878842623728,6.542230651489,16
45.878944610583,6.555108908045,16
45.879045121507,6.567987214450,16
45.879144156499,6.580865569977,16
45.882362867551,7.327869372927,16
45.882374822595,7.340749340492,16
45.882385301707,7.353629313580,16
45.882394304889,7.366509291464,16
45.882407883457,7.392269258712,16
45.882412458844,7.405149246624,16
45.882417181824,7.430909227388,16
45.882417329417,7.443789218788,16
45.882416001079,7.456669209897,16
45.882413196810,7.469549199988,16
45.882408916609,7.482429188336,16
45.887194227093,6.464802477037,16
45.887305088186,6.477682531970,16
45.887414473099,6.490562641112,16
45.887522381833,6.503442803737,16
45.887628814387,6.516323019118,16
45.887733770761,6.529203286528,16
45.887837250956,6.542083605241,16
45.891380525010,7.353615369539,16
45.891412410490,7.430907959748,16
45.891412558108,7.443790063881,16
45.891411229547,7.456672167724,16
45.891408424805,7.469554270549,16
45.891404143884,7.482436371630,16
45.896076403418,6.451760586080,16
45.896188759589,6.464642699536,16
45.896299639332,6.477524867928,16
45.896409042646,6.490407090530,16
45.896516969533,6.503289366614,16
45.900407800242,7.443790909265,16
45.900406471456,7.456675126566,16
45.900403666243,7.469559342850,16
45.900399384602,7.482443557390,16
45.900393626533,7.495327769460,16
45.904957078479,6.438714467565,16
45.905070930225,6.451598639543,16
45.905183305294,6.464482867184,16
45.905294203686,6.477367149760,16
45.905403625403,6.490251486546,16
45.909398920890,7.469564416893,16
45.909394638529,7.482450745618,16
45.909388879491,7.495337071872,16
45.909381643777,7.508223394928,16
45.913951599115,6.438550350541,16
45.914065470007,6.451436637429,16
45.914177863974,6.464322979979,16
45.914288781016,6.477209377466,16
45.918396994669,7.456681047299,16
45.918394188512,7.469569492677,16
45.918389905431,7.482457936312,16
45.918384145425,7.495346377476,16
45.918376908494,7.508234815443,16
45.918368194638,7.521123249486,16
45.918358003858,7.534011678878,16
45.922713920897,6.412609542060,16
45.922830765282,6.425497831078,16
45.922946132493,6.438386177213,16
45.923060022531,6.451274579737,16
45.923172435397,6.464163037923,16
45.923283371089,6.477051551045,16
45.927385185075,7.482465129473,16
45.927379424101,7.495355686273,16
45.927372185953,7.508246239876,16
45.927363470632,7.521136789554,16
45.927353278138,7.534027334582,16
45.927341608472,7.546917874232,16
45.927328461632,7.559808407778,16
45.931590086297,6.399550732170,16
45.931708427746,6.412441079707,16
45.931825291774,6.425331485086,16
45.931940678380,6.438221947582,16
45.932054587565,6.451112466467,16
45.932167019328,6.464003041015,16
45.936374715285,7.495364998263,16
45.936367475921,7.508257668226,16
45.936358759135,7.521150334266,16
45.936348564928,7.534042995655,16
45.936336893299,7.546935651666,16
45.936323744249,7.559828301574,16
45.936309117778,7.572720944651,16
45.936293013886,7.585613580170,16
45.940464746520,6.386487688921,16
45.940584585530,6.399380094976,16
45.940702946871,6.412272559599,16
45.940819830541,6.425165082066,16
45.940935236542,6.438057661648,16
45.941049164873,6.450950297620,16
45.941161615535,6.463842989254,16
45.945362778164,7.508269100495,16
45.945354059913,7.521163883621,16
45.945343863993,7.534058662097,16
45.945332190402,7.546953435195,16
45.945319039142,7.559848202190,16
45.945304410213,7.572742962353,16
45.945288303613,7.585637714960,16
45.949337900588,6.373420410864,16
45.949459237656,6.386314875435,16
45.949579096805,6.399209399302,16
45.949697478037,6.412103981738,16
45.949814381351,6.424998622016,16
45.949929806747,6.437893319411,16
45.954339175100,7.534074333908,16
45.954327499548,7.546971224819,16
45.954314346077,7.559868109626,16
45.954299714689,7.572764987602,16
45.954283605383,7.585661858020,16
45.954266018159,7.598558720155,16
45.958209547521,6.360348896549,16
45.958332383144,6.373245419634,16
45.958453740600,6.386142002743,16
45.958573619889,6.399038645148,16
45.958692021013,6.411935346122,16
45.958808943970,6.424832104938,16
45.963309664821,7.559888023882,16
45.963295030975,7.572787020396,16
45.963278918962,7.585686009352,16
45.963261328782,7.598584990025,16
45.967079686343,6.347273144525,16
45.967204021016,6.360171726125,16
45.967326877275,6.373070368474,16
45.967448255119,6.385969070846,16
45.967568154549,6.398867832514,16
45.967686575564,6.411766652751,16
45.972304995141,7.559907944958,16
45.972290358836,7.572809060735,16
45.972274244116,7.585710168955,16
45.972256650981,7.598611268892,16
45.972237579432,7.611512359817,16
45.975948316074,6.334193153342,16
45.976074150295,6.347093793455,16
45.976198505854,6.359994495044,16
45.976321382749,6.372895257383,16
45.976442780981,6.385796079744,16
45.981285698039,7.572831108621,16
45.981269580612,7.585734336830,16
45.981251984522,7.598637556755,16
45.981232909770,7.611540767669,16
45.981212356354,7.624443968847,16
45.981190324275,7.637347159560,16
45.984686622559,6.308206285856,16
45.984815435736,6.321108921551,16
45.984942770002,6.334011620176,16
45.985068625357,6.346914381004,16
45.985193001800,6.359817203307,16
45.985315899332,6.372720086360,16
45.985437317952,6.385623029436,16
45.990264928217,7.585758512976,16
45.990247329173,7.598663853616,16
45.990228251216,7.611569185245,16
45.990207694349,7.624474507136,16
45.990185658570,7.637379818564,16
45.993550730385,6.295115754222,16
45.993681044352,6.308020447702,16
45.993809879159,6.320925204838,16
45.993937234806,6.333830024903,16
45.994063111294,6.346734907170,16
45.994187508621,6.359639850914,16
45.994310426790,6.372544855407,16
45.999242684698,7.598690159473,16
45.999223603539,7.611597612542,16
45.999203043219,7.624505055874,16
45.999181003740,7.637412488741,16
46.002545140941,6.294927730344,16
46.002675476786,6.307834545989,16
46.002804333223,6.320741425291,16
46.002931710252,6.333648367522,16
46.003057607873,6.346555371955,16
46.008218966503,7.611626049562,16
46.008198402732,7.624535615059,16
46.008176359553,7.637445170093,16
46.011407724527,6.281830768028,16
46.011539561907,6.294739642182,16
46.011669919630,6.307648580718,16
46.011798797696,6.320557582911,16
46.011926196107,6.333466648033,16
46.017214339876,7.611654496304,16
46.017193772653,7.624566184693,16
46.017171725774,7.637477862618,16
46.020402133542,6.281640491965,16
46.020533993048,6.294551489735,16
46.020664372649,6.307462551889,16
46.020793272345,6.320373677698,16
46.026209723425,7.611682952769,16
46.026189152750,7.624596764775,16
46.026167102171,7.637510566316,16
46.026143571687,7.650424356667,16
46.029396552498,6.281450150892,16
46.029528434131,6.294363273005,16
46.029658835610,6.307276459500,16
46.029787756936,6.320189709652,16
46.035205116916,7.611711418956,16
46.035184542790,7.624627355304,16
46.035162488510,7.637543281188,16
46.035138954077,7.650459195881,16
46.035113939491,7.663375098657,16
46.038257597004,6.268344562737,16
46.038390981164,6.281259744809,16
46.038522884923,6.294174991990,16
46.038653308280,6.307090303553,16
46.038782251236,6.320005678773,16
46.044179942538,7.624657956282,16
46.044157884558,7.637576007233,16
46.044134346177,7.650494046994,16
46.044109327394,7.663412074838,16
46.044082828210,7.676330090037,16
46.044054848625,7.689248091866,16
46.047252012770,6.268151965851,16
46.047385419305,6.281069273716,16
46.047517345190,6.293986646690,16
46.047647790426,6.306904084047,16
46.047776755012,6.319821585061,16
46.053153290081,7.637608744452,16
46.053129747752,7.650528910007,16
46.053104724772,7.663449063644,16
46.053078221143,7.676369204637,16
46.053050236865,7.689289332259,16
46.056246437778,6.267959303230,16
46.056379866688,6.280878737614,16
46.056511814700,6.293798237107,16
46.056642281814,6.306717800983,16
46.062100131393,7.663486065074,16
46.062073623318,7.676408332586,16
46.062045634346,7.689330586728,16
46.065105939365,6.254845079080,16
46.065240871796,6.267766574873,16
46.065374323080,6.280688136501,16
46.065506293218,6.293609763239,16
46.065636782210,6.306531454360,16
46.071069034503,7.676447473886,16
46.071041040837,7.689371855272,16
46.071011566025,7.702296222561,16
46.074100359534,6.254650157018,16
46.074235314588,6.267573780781,16
46.074368788248,6.280497470380,16
46.074500780513,6.293421225088,16
46.074631291383,6.306345044178,16
46.080036456103,7.689413137892,16
46.080006976349,7.702339633151,16
46.083094788246,6.254455168495,16
46.083229765924,6.267380920953,16
46.083363261958,6.280306739248,16
46.083495276349,6.293232622651,16
46.089002395216,7.702383058543,16
46.088971428877,7.715311667673,16
46.091952743075,6.241332298194,16
46.092089225267,6.254260113511,16
46.092224225567,6.267187995391,16
46.092357743977,6.280115943106,16
46.092489780494,6.293043955931,16
46.097966850862,7.715357237287,16
46.100809178097,6.228205168428,16
46.100947165300,6.241135046603,16
46.101083670363,6.254064992066,16
46.101218693287,6.266995004093,16
46.101352234071,6.279925081955,16
46.101484292715,6.292855224927,16
46.106993257642,7.702469953730,16
46.106962280923,7.715402822428,16
46.109664092334,6.215073777747,16
46.109803585044,6.228005718778,16
46.109941595367,6.240937727824,16
46.110078123302,6.253869804160,16
46.110213168849,6.266801947059,16
46.115988700736,7.702513423525,16
46.115957718826,7.715448423096,16
46.118658483522,6.214872128587,16
46.118797999600,6.227806201215,16
46.118936033043,6.240740341860,16
46.119072583849,6.253674549794,16
46.124953164338,7.715494039291,16
46.124920694603,7.728431154909,16
46.124886742231,7.741368254250,16
46.127511859753,6.201734274580,16
46.127652882085,6.214670410789,16
46.127792421532,6.227606615741,16
46.127930478095,6.240542888709,16
46.128067051772,6.253479228966,16
46.133948617226,7.715539671013,16
46.133916142052,7.728478918954,16
46.133882183993,7.741418150618,16
46.133846743049,7.754357365278,16
46.133809819221,7.767296562208,16
46.133771412508,7.780235740680,16
46.136506241842,6.201530355095,16
46.136647287791,6.214468624353,16
46.136786850606,6.227406962355,16
46.136924930288,6.240345368372,16
46.142877632897,7.741468063965,16
46.142842186018,7.754409411674,16
46.142805256007,7.767350741652,16
46.145358077894,6.188386032684,16
46.145500630841,6.201326366248,16
46.145641700405,6.214266769281,16
46.145781286589,6.227207241056,16
46.145919389391,6.240147780848,16
46.151873088710,7.741517994289,16
46.151837635897,7.754461475773,16
46.151800699701,7.767404939526,16
46.151762280125,7.780348384821,16
46.151722377167,7.793291810933,16
46.154352449703,6.188179839973,16
46.154495026514,6.201122308037,16
46.154636119696,6.214064845570,16
46.154775729247,6.227007451846,16
46.160868551199,7.741567941592,16
46.160833092450,7.754513557576,16
46.160796150072,7.767459155829,16
46.160757724063,7.780404735624,16
46.160717814425,7.793350296236,16
46.163202743401,6.175029044080,16
46.163346827954,6.187973577174,16
46.163489428630,6.200918180463,16
46.163630545428,6.213862853222,16
46.163770178348,6.226807594723,16
46.169828555446,7.754565657082,16
46.169791606884,7.767513390561,16
46.169753174444,7.780461105582,16
46.169713258126,7.793408801419,16
46.169671857929,7.806356477346,16
46.172197103747,6.174820575241,16
46.172341212414,6.187767244286,16
46.172483836955,6.200713983526,16
46.172624977369,6.213660792236,16
46.178787069905,7.767567643722,16
46.178748631033,7.780517494694,16
46.178708708035,7.793467326483,16
46.178667300910,7.806417138361,16
46.178624409659,7.819366929601,16
46.181191470070,6.174612035588,16
46.181335602850,6.187560841309,16
46.181478251255,6.200509717226,16
46.181619415286,6.213458662613,16
46.187744093598,7.780573902961,16
46.187704163920,7.793525871427,16
46.187662749867,7.806477819981,16
46.187619851439,7.819429747899,16
46.190185842134,6.174403425120,16
46.190329999028,6.187354368244,16
46.190472671298,6.200305381563,16
46.190613858945,6.213256464352,16
46.196739561906,7.780630330383,16
46.196699625547,7.793584436251,16
46.196658204565,7.806538522208,16
46.196615298960,7.819492587527,16
46.199180219708,6.174194743838,16
46.199324400714,6.187147825090,16
46.199467096849,6.200100976537,16
46.199608308113,6.213054197454,16
46.205735035722,7.780686776959,16
46.205695092683,7.793643020955,16
46.205653664773,7.806599245040,16
46.205610751991,7.819555448487,16
46.208174602557,6.173985991742,16
46.208318807676,6.186941211847,16
46.208461527676,6.199896502148,16
46.214730514813,7.780743242690,16
46.214690565094,7.793701625539,16
46.214649130256,7.806659988477,16
46.214606210297,7.819618330778,16
46.214561805219,7.832576651716,16
46.217168990448,6.173777168831,16
46.217313219681,6.186734528515,16
46.217455963546,6.199691958396,16
46.217597222042,6.212649457745,16
46.223686042548,7.793760250004,16
46.223644600781,7.806720752521,16
46.223601673646,7.819681234401,16
46.223557261142,7.832641694917,16
46.223511363271,7.845602133342,16
46.226163383148,6.173568275107,16
46.226307636494,6.186527775095,16
46.226450404224,6.199487345280,16
46.226591686337,6.212446984934,16
46.232640076115,7.806781537170,16
46.232597141803,7.819744159355,16
46.232552721875,7.832706760176,16
46.232506816330,7.845669338906,16
46.235012017100,6.160397740472,16
46.235157780424,6.173359310568,16
46.235302057883,6.186320951587,16
46.235444849477,6.199282662801,16
46.235586155207,6.212244443485,16
46.241635556025,7.806842342426,16
46.241592614536,7.819807105640,16
46.241548187182,7.832771847491,16
46.241502273964,7.845736567251,16
46.241454874881,7.858701264194,16
46.244006394357,6.160186563363,16
46.244152182042,6.173150275215,16
46.244296483614,6.186114057989,16
46.244439299073,6.199077910960,16
46.250631040277,7.806903168286,16
46.250588091611,7.819870073257,16
46.250543656832,7.832836956863,16
46.250497735940,7.845803818379,16
46.250450328936,7.858770657077,16
46.253000775722,6.159975314715,16
46.253146587769,6.172941169048,16
46.253290913454,6.185907094303,16
46.253433752778,6.198873089755,16
46.259626528637,7.806964014753,16
46.259583572795,7.819933062205,16
46.259539130591,7.832902088292,16
46.259493202026,7.845871092289,16
46.261847837945,6.146796068636,16
46.261995160963,6.159763994526,16
46.262140997371,6.172731992066,16
46.262285347170,6.185700060528,16
46.262428210359,6.198668199187,16
46.268622020874,7.807024881826,16
46.268579057854,7.819996072484,16
46.268534608225,7.832967241778,16
46.268488671987,7.845938388982,16
46.270842202218,6.146582532976,16
46.270989549846,6.159552602798,16
46.271135410616,6.172522744270,16
46.271279784527,6.185492956665,16
46.277617516752,7.807085769504,16
46.277574546556,7.820059104095,16
46.277530089502,7.833032417321,16
46.277484145590,7.846005708457,16
46.280129827269,6.172313425660,16
46.280274225294,6.185285782713,16
46.280417136213,6.198258209962,16
46.286613016040,7.807146677788,16
46.286570038667,7.820122157037,16
46.286525574187,7.833097614921,16
46.286479622602,7.846073050715,16
46.286432183910,7.859048463692,16
46.288978337605,6.159129604723,16
46.289124247098,6.172104036236,16
46.289268669236,6.185078538672,16
46.289411604020,6.198053111304,16
46.289553051448,6.211027753406,16
46.295565533953,7.820185231310,16
46.295521062048,7.833162834578,16
46.295475102789,7.846140415755,16
46.295427656175,7.859117974115,16
46.298118669869,6.171894575998,16
46.298263116121,6.184871224543,16
46.298406074769,6.197847943284,16
46.298547545814,6.210824731494,16
46.304561032181,7.820248326914,16
46.304516552852,7.833228076292,16
46.304470585919,7.846207803578,16
46.304423131383,7.859187508047,16
46.306967137134,6.158706320488,16
46.307113095349,6.171685044945,16
46.307257565714,6.184663840325,16
46.307400548227,6.197642705900,16
46.313556533119,7.820311443850,16
46.313512046364,7.833293340062,16
46.313466071758,7.846275214183,16
46.313418609300,7.859257065487,16
46.315961540728,6.158494571061,16
46.316107523305,6.171475443078,16
46.316252017783,6.184456386018,16
46.316395024161,6.197437399154,16
46.322552036532,7.820374582118,16
46.322507542351,7.833358625889,16
46.322461560072,7.846342647570,16
46.322414089692,7.859326646434,16
46.324955946564,6.158282750095,16
46.325101953503,6.171265770397,16
46.325246472094,6.184248861623,16
46.325389502337,6.197232023044,16
46.331503040581,7.833423933774,16
46.331457050628,7.846410103740,16
46.331409572327,7.859396250890,16
46.331360605678,7.872382374495,16
46.333950354409,6.158070857588,16
46.334096385710,6.171056026902,16
46.334240928414,6.184041267139,16
46.334383982521,6.197026577571,16
46.340543049851,7.820500922646,16
46.340498540820,7.833489263715,16
46.340452543193,7.846477582693,16
46.340405056970,7.859465878853,16
46.342944764030,6.157858893542,16
46.343090819692,6.170846212592,16
46.343235386509,6.183833602566,16
46.343378464482,6.196821062735,16
46.349538559290,7.820564124907,16
46.349494042835,7.833554615713,16
46.349448037534,7.846545084428,16
46.349400543389,7.859535530325,16
46.351939175193,6.157646857956,16
46.352085255217,6.170636327469,16
46.352229846147,6.183625867904,16
46.352372947984,6.196615478536,16
46.358577105060,7.807634685868,16
46.358534070272,7.820627348500,16
46.358489546391,7.833619989768,16
46.358443533417,7.846612608945,16
46.358396031351,7.859605205305,16
46.360933587665,6.157434750830,16
46.361079692050,6.170426371531,16
46.361224307094,6.183418063154,16
46.361367432796,6.196409824974,16
46.367572624527,7.807695779604,16
46.367529582562,7.820690593424,16
46.367485051257,7.833685385880,16
46.367439030609,7.846680156245,16
46.369928001213,6.157222572164,16
46.370074129959,6.170216344779,16
46.370218769116,6.183210188316,16
46.370361918683,6.196204102049,16
46.376568145070,7.807756893946,16
46.376525095929,7.820753859679,16
46.376480557198,7.833750804048,16
46.376434528877,7.846747726327,16
46.378922415603,6.157010321959,16
46.379068568710,6.170006247212,16
46.379213231980,6.183002243388,16
46.379356405412,6.195998309760,16
46.385520610137,7.820817147266,16
46.385476063981,7.833816244274,16
46.385430027987,7.846815319191,16
46.387916830601,6.156798000214,16
46.388063008071,6.169796078832,16
46.388207695454,6.182794228372,16
46.388350892750,6.195792448109,16
46.394516124954,7.820880456184,16
46.394471571373,7.833881706556,16
46.394425527705,7.846882934838,16
46.397057447806,6.169585839637,16
46.397202159302,6.182586143267,16
46.397345380464,6.195586517094,16
46.397487111291,6.208586960390,16
46.403554710819,7.807940360606,16
46.403511640147,7.820943786433,16
46.403467079141,7.833947190896,16
46.403421027799,7.846950573268,16
46.405905661492,6.156373142104,16
46.406051887684,6.169375529628,16
46.406196623293,6.182377988074,16
46.406339868320,6.195380516716,16
46.406481622763,6.208383114828,16
46.412550233331,7.808001557371,16
46.412507155482,7.821007138014,16
46.412462587051,7.834012697292,16
46.412416528036,7.847018234480,16
46.414900076917,6.156160605739,16
46.415046327471,6.169165148804,16
46.415191087193,6.182169762792,16
46.415334356085,6.195174446976,16
46.415476134144,6.208179200629,16
46.421545755752,7.808062774742,16
46.421502670726,7.821070510926,16
46.421458094869,7.834078225745,16
46.421412028181,7.847085918474,16
46.424040766933,6.168954697167,16
46.424185550769,6.181961467421,16
46.424328843525,6.194968307872,16
46.424470645201,6.207975217791,16
46.430582878971,7.795114099631,16
46.430541277848,7.808124012718,16
46.430498185646,7.821133905169,16
46.430453602364,7.834143776255,16
46.430407528002,7.847153625251,16
46.433035205838,6.168744174715,16
46.433180013787,6.181753101962,16
46.433323330408,6.194762099405,16
46.433465155700,6.207771166317,16
46.439618524161,7.782161111230,16
46.439578407438,7.795173201221,16
46.439536799387,7.808185271301,16
46.439493700008,7.821197320743,16
46.442029643951,6.168533581449,16
46.442174476013,6.181544666414,16
46.442317816499,6.194555821574,16
46.442459665408,6.207567046204,16
46.448614058517,7.782218074982,16
46.448573935114,7.795232322691,16
46.448532320134,7.808246550489,16
46.448489213578,7.821260757649,16
46.451024081040,6.168322917369,16
46.451168937216,6.181336160777,16
46.451312301566,6.194349474381,16
46.451454174092,6.207362857454,16
46.457569461765,7.795291464041,16
46.457527839857,7.808307850283,16
46.457484726124,7.821324215887,16
46.457440120567,7.834340560127,16
46.460018516872,6.168112182475,16
46.460163397160,6.181127585052,16
46.460306785375,6.194143057825,16
46.460448681518,6.207158600067,16
46.466523358322,7.808369170682,16
46.466480237413,7.821387695455,16
46.466435624430,7.834406198864,16
46.469012951212,6.167901376766,16
46.469157855613,6.180918939238,16
46.469301267693,6.193936571905,16
46.469443187452,6.206954274042,16
46.475639305628,7.769368336767,16
46.475600654506,7.782389081167,16
46.475560511062,7.795409806383,16
46.475518875297,7.808430511688,16
46.475475747210,7.821451196355,16
46.475431126802,7.834471859659,16
46.478007383827,6.167690500243,16
46.478152312342,6.180710223335,16
46.478295748287,6.193730016623,16
46.478437691662,6.206749879380,16
46.478578142468,6.219769810879,16
46.484596183364,7.782446121538,16
46.484556033240,7.795469007374,16
46.484514390546,7.808491873299,16
46.487146767113,6.180501437343,16
46.487290226923,6.193523391977,16
46.487432193915,6.206545416080,16
46.487572668089,6.219567508925,16
46.493591710265,7.782503181064,16
46.493551553460,7.795528228245,16
46.493509903838,7.808553255516,16
46.493466761398,7.821578262149,16
46.496141219693,6.180292581263,16
46.496284703368,6.193316697968,16
46.496426693976,6.206340884142,16
46.496567191518,6.219365139059,16
46.502587234974,7.782560259744,16
46.502547071490,7.795587468996,16
46.502505414939,7.808614658338,16
46.505135669849,6.180083655095,16
46.505279177388,6.193109934596,16
46.505421191613,6.206136283567,16
46.505561712523,6.219162701280,16
46.505700740119,6.232189187010,16
46.511582757259,7.782617357579,16
46.511542587095,7.795646729628,16
46.511500923615,7.808676081767,16
46.514273648751,6.192903101861,16
46.514415686592,6.205931614354,16
46.514556230870,6.218960195590,16
46.514695281586,6.231988844841,16
46.520538100042,7.795706010140,16
46.520496429634,7.808737525801,16
46.520453265663,7.821769020825,16
46.523268117222,6.192696199763,16
46.523410178680,6.205726876504,16
46.523550746326,6.218757621987,16
46.523689820162,6.231788435487,16
46.523827400185,6.244819316276,16
46.529533610098,7.795765310532,16
46.529491932761,7.808798990441,16
46.529448761614,7.821832649713,16
46.532262582569,6.192489228302,16
46.532404667644,6.205522070016,16
46.532545258658,6.218554980473,16
46.532684355613,6.231587958946,16
46.532821958508,6.244621004708,16
46.532958067344,6.257654117033,16
46.538529117029,7.795824630805,16
46.538487432764,7.808860475687,16
46.538444254440,7.821896299932,16
46.541399153249,6.205317194890,16
46.541539767632,6.218352271047,16
46.541678887707,6.231387415219,16
46.541816513474,6.244422626680,16
46.541952644932,6.257457904704,16
46.547524620603,7.795883970957,16
46.547482929410,7.808921981539,16
46.550534273015,6.218149493708,16
46.550673416209,6.231186804305,16
46.550811064848,6.244224182191,16
46.550947218930,6.257261626639,16
46.556599033160,7.769862917973,16
46.556560324151,7.782903134073,16
46.556520120586,7.795943330990,16
46.556478422464,7.808983507996,16
46.556435229786,7.822023664365,16
46.559528774573,6.217946648458,16
46.559667940888,6.230986126204,16
46.559805612397,6.244025671240,16
46.559941789103,6.257065282839,16
46.560076471003,6.270104960274,16
46.565555826989,7.782960346836,16
46.565515616744,7.796002710903,16
46.565473911693,7.809045055059,16
46.565430711839,7.822087378578,16
46.568662461508,6.230785380918,16
46.568800155889,6.243827093829,16
46.568936355218,6.256868873304,16
46.569071059493,6.269910718614,16
46.574590047643,7.769973027628,16
46.574551325770,7.783017578754,16
46.574511108844,7.796062110696,16
46.574469396865,7.809106622728,16
46.577656977837,6.230584568445,16
46.577794695090,6.243628449957,16
46.577930917042,6.256672398033,16
46.578065643692,6.269716411945,16
46.578198875041,6.282760490966,16
46.583622781567,7.756981371914,16
46.583585548564,7.770028110099,16
46.583546820259,7.783074829826,16
46.583506596653,7.796121530370,16
46.583464877746,7.809168211003,16
46.586651489642,6.230383688785,16
46.586789229767,6.243429739625,16
46.586925474341,6.256475857027,16
46.587060223366,6.269522040265,16
46.587193476841,6.282568288613,16
46.592618284147,7.757034303487,16
46.592581044961,7.770083210999,16
46.592542310224,7.783132100053,16
46.592502079938,7.796180969924,16
46.595783759685,6.243230962831,16
46.595920026883,6.256279250286,16
46.596054798283,6.269327603576,16
46.596188073885,6.282376021976,16
46.596319853688,6.295424504759,16
46.601576536600,7.770138330328,16
46.601537795432,7.783189389435,16
46.601497558465,7.796240429358,16
46.604778284613,6.243032119576,16
46.604914574434,6.256082577809,16
46.605049368208,6.269133101877,16
46.605182665936,6.282183691055,16
46.605314467618,6.295234344616,16
46.610609274801,7.757140219745,16
46.610572023248,7.770193468086,16
46.610533275648,7.783246697971,16
46.610493032001,7.796299908672,16
46.613909116760,6.255885839597,16
46.614043932909,6.268938535169,16
46.614177252764,6.281991295850,16
46.614309076324,6.295044120914,16
46.614439403590,6.308097009634,16
46.619640523851,7.744137766853,16
46.619604762408,7.757193204429,16
46.619567504671,7.770248624274,16
46.619528750639,7.783304025662,16
46.619488500313,7.796359407866,16
46.622903653628,6.255689035649,16
46.623038492152,6.268743903450,16
46.623171834134,6.281798836361,16
46.623303679572,6.294853833654,16
46.623434028467,6.307908894603,16
46.628670282770,7.731130970202,16
46.628636011935,7.744188597011,16
46.628600244558,7.757246206816,16
46.628562980637,7.770303798891,16
46.628524220173,7.783361372508,16
46.632033045705,6.268549206722,16
46.632166409812,6.281606312587,16
46.632298277129,6.294663482835,16
46.632428647654,6.307720716738,16
46.637665770850,7.731179644384,16
46.637631494329,7.744239444148,16
46.637595721016,7.757299226907,16
46.637558450912,7.770358991936,16
46.641160979567,6.281413724529,16
46.641292868761,6.294473068457,16
46.641423260916,6.307532476041,16
46.646661253006,7.731228334819,16
46.646626970798,7.744290308262,16
46.646591191549,7.757352264702,16
46.646553915262,7.770414203411,16
46.650022134802,6.268159618237,16
46.650155543163,6.281221072187,16
46.650287454236,6.294282590521,16
46.650417868021,6.307344172510,16
46.650546784517,6.320405817429,16
46.655689519611,7.718212877379,16
46.655656729004,7.731277041506,16
46.655622441109,7.744341189355,16
46.655586655925,7.757405320200,16
46.655549373454,7.770469433315,16
46.659150100368,6.281028355561,16
46.659282033319,6.294092049026,16
46.659412468734,6.307155806146,16
46.659541406612,6.320219626196,16
46.659668846954,6.333283508449,16
46.664716293166,7.705193070378,16
46.664684994656,7.718259425187,16
46.664652198611,7.731325764445,16
46.664617905029,7.744392087426,16
46.664582113910,7.757458393402,16
46.668144650949,6.280835574650,16
46.668276605778,6.293901443972,16
46.668407062823,6.306967376949,16
46.668536022083,6.320033372856,16
46.668663483558,6.333099430965,16
46.668789447248,6.346165550551,16
46.673711766777,7.705237457857,16
46.673680463077,7.718305988522,16
46.673647661593,7.731374503637,16
46.673613362324,7.744443002474,16
46.673577565271,7.757511484308,16
46.677401650054,6.306778884919,16
46.677530630695,6.319847057408,16
46.677658113303,6.332915292100,16
46.677784097879,6.345983588268,16
46.677908584421,6.359051945185,16
46.682707233530,7.705281860136,16
46.682675924640,7.718352567384,16
46.682643117718,7.731423259081,16
46.682608812762,7.744493934501,16
46.686396230194,6.306590330056,16
46.686525232217,6.319660679853,16
46.686652735958,6.332731091853,16
46.686778741418,6.345801565328,16
46.686903248597,6.358872099553,16
46.687026257494,6.371942693801,16
46.691732508991,7.692253377838,16
46.691702693192,7.705326277217,16
46.691671379112,7.718399161773,16
46.691638566751,7.731472030778,16
46.691604256108,7.744544883505,16
46.695519826414,6.319474240190,16
46.695647351288,6.332546830223,16
46.695773377633,6.345619481732,16
46.695897905449,6.358692193991,16
46.696020934734,6.371764966272,16
46.700756288481,7.679220540176,16
46.700727966270,7.692295631686,16
46.700698145530,7.705370709099,16
46.700666826260,7.718445771689,16
46.700634008460,7.731520818727,16
46.700599692131,7.744595849488,16
46.704641959061,6.332362507212,16
46.704768006290,6.345437337480,16
46.704892554742,6.358512228497,16
46.705015604416,6.371587179537,16
46.705137155312,6.384662189873,16
46.709778571022,7.666183345702,16
46.709751742896,7.679260629342,16
46.709723415992,7.692337899611,16
46.709693590310,7.705415155783,16
46.709662265849,7.718492397131,16
46.709629442611,7.731569622928,16
46.713762627157,6.345255132571,16
46.713887196245,6.358332203073,16
46.714010266307,6.371409333597,16
46.714131837342,6.384486523418,16
46.718799355637,7.653141792964,16
46.718774022092,7.666221268733,16
46.718747189520,7.679300731857,16
46.718718857923,7.692380181611,16
46.718689027298,7.705459617268,16
46.718657697648,7.718539038101,16
46.722881829723,6.358152117718,16
46.723004920173,6.371231428452,16
46.723126511349,6.384310798483,16
46.723246603249,6.397390227083,16
46.727794802878,7.653177548410,16
46.727769465136,7.666259204389,16
46.727742628120,7.679340847724,16
46.727714291829,7.692422477688,16
46.731876454943,6.357971972432,16
46.731999565782,6.371053464102,16
46.732121177097,6.384135015068,16
46.732241288889,6.397216624604,16
46.736836427171,7.627045606901,16
46.736814084278,7.640129466923,16
46.736790241862,7.653213315755,16
46.736764899924,7.666297152669,16
46.736738058462,7.679380976940,16
46.736709717477,7.692464787839,16
46.740994202899,6.370875440546,16
46.741115834354,6.383959173174,16
46.741235966038,6.397042964371,16
46.741354597951,6.410126813410,16
46.745831865312,7.627077022823,16
46.745809518719,7.640163064506,16
46.745785672355,7.653249094999,16
46.745760326219,7.666335113575,16
46.745733480313,7.679421119506,16
46.749988831292,6.370697357785,16
46.750110482887,6.383783272800,16
46.750230634463,6.396869246383,16
46.750349286018,6.409955277810,16
46.750466437554,6.423041366352,16
46.750582089070,6.436127511284,16
46.750696240567,6.449213711878,16
46.754827294729,7.627108449192,16
46.754804944436,7.640196673263,16
46.754781094123,7.653284886142,16
46.754755743791,7.666373087105,16
46.754728893439,7.679461275423,16
46.758983450728,6.370519215819,16
46.759105122462,6.383607313946,16
46.759225293929,6.396695470642,16
46.759343965128,6.409783685180,16
46.759461136059,6.422871956835,16
46.759576806722,6.435960284879,16
46.759690977116,6.449048668586,16
46.759803647243,6.462137107228,16
46.759914817102,6.475225600080,16
46.763843568914,7.614049468363,16
46.763822715188,7.627139886010,16
46.763800361195,7.640230293192,16
46.763776506934,7.653320689184,16
46.768219944205,6.396521637146,16
46.768338635047,6.409612035522,16
46.768455825372,6.422702491015,16
46.768571515182,6.435793002897,16
46.768685704474,6.448883570441,16
46.768798393251,6.461974192922,16
46.768909581511,6.475064869612,16
46.769019269255,6.488155599784,16
46.772876196439,7.587893500336,16
46.772858340294,7.600986120569,16
46.772838983634,7.614078731791,16
46.772818126456,7.627171333275,16
46.772795768763,7.640263924296,16
46.772771910553,7.653356504126,16
46.777450505261,6.422532968892,16
46.777566214217,6.435625665337,16
46.777680422408,6.448718417445,16
46.777793129835,6.461811224489,16
46.777904336496,6.474904085742,16
46.778014042394,6.487997000478,16
46.778122247526,6.501089967970,16
46.778228951894,6.514182987492,16
46.781887966228,7.574823591279,16
46.781871607893,7.587918404359,16
46.781853748793,7.601013209156,16
46.781834388929,7.614108004941,16
46.781813528300,7.627202790989,16
46.781791166907,7.640297566573,16
46.781767304748,7.653392330966,16
46.786675130684,6.448553209597,16
46.786787856760,6.461648201930,16
46.786899081824,6.474743248472,16
46.787008805874,6.487838348497,16
46.787117028911,6.500933501278,16
46.787223750936,6.514028706088,16
46.787328971947,6.527123962201,16
46.790898230760,7.561749312359,16
46.790883370731,7.574846318285,16
46.790867009689,7.587943316654,16
46.790849147634,7.601040306739,16
46.790829784567,7.614137287813,16
46.790808920486,7.627234259151,16
46.790786555392,7.640331220024,16
46.795782573795,6.461485125244,16
46.795893817260,6.474582357801,16
46.796003559463,6.487679643840,16
46.796111800405,6.500776982636,16
46.796218540086,6.513874373461,16
46.796323778506,6.526971815588,16
46.796427515664,6.540069308292,16
46.796529751561,6.553166850845,16
46.799918849021,7.535571457248,16
46.799906989056,7.548670662124,16
46.799893627830,7.561769860895,16
46.799878765343,7.574869052836,16
46.799862401594,7.587968237220,16
46.799844536585,7.601067413320,16
46.799825170313,7.614166580409,16
46.804998302928,6.487520886508,16
46.805106561775,6.500620412044,16
46.805213319112,6.513719989609,16
46.805318574940,6.526819618477,16
46.805422329258,6.539919297920,16
46.805524582066,6.553019027213,16
46.805625333365,6.566118805629,16
46.808924600555,7.522486242132,16
46.808914240139,7.535587639125,16
46.808902378212,7.548689030741,16
46.808889014776,7.561790416253,16
46.808874149831,7.574891794934,16
46.808857783375,7.587993166057,16
46.808839915410,7.601094528897,16
46.814101312787,6.500463789502,16
46.814208087781,6.513565554533,16
46.814313361017,6.526667370866,16
46.814417132494,6.539769237776,16
46.814519402214,6.552871154534,16
46.814620170176,6.565973120416,16
46.814719436380,6.579075134693,16
46.814817200826,6.592177196640,16
46.817936202016,7.496293059770,16
46.817928843402,7.509396652803,16
46.817919983029,7.522500241912,16
46.817909620899,7.535603826371,16
46.817897757011,7.548707405452,16
46.817884391365,7.561810978430,16
46.817869523961,7.574914544576,16
46.823308136502,6.526515072757,16
46.823411925140,6.539619127858,16
46.823514211771,6.552723232808,16
46.823614996396,6.565827386880,16
46.823714279015,6.578931589349,16
46.823812059627,6.592035839487,16
46.823908338233,6.605140136567,16
46.824003114832,6.618244479864,16
46.826931576581,7.496302687811,16
46.826924216750,7.509408469036,16
46.826915354912,7.522514246336,16
46.826904991069,7.535620018986,16
46.826893125218,7.548725786259,16
46.826879757362,7.561831547427,16
46.832406706961,6.539468968167,16
46.832509010503,6.552575262034,16
46.832609811791,6.565681605023,16
46.832709110825,6.578787996408,16
46.832806907604,6.591894435463,16
46.832903202128,6.605000921460,16
46.832997994397,6.618107453674,16
46.833091284412,6.631214031376,16
46.835937155653,7.470096369897,16
46.835932799114,7.483204345706,16
46.835926940321,7.496312319045,16
46.835919579273,7.509420289186,16
46.835910715971,7.522528255404,16
46.835900350413,7.535636216970,16
46.835888482601,7.548744173160,16
46.841503798178,6.552427242212,16
46.841604616129,6.565535774844,16
46.841703931578,6.578644355871,16
46.841801744523,6.591752984568,16
46.841898054965,6.604861660208,16
46.841992862904,6.617970382064,16
46.842086168341,6.631079149409,16
46.842177971274,6.644187961516,16
46.844936717032,7.443881289630,16
46.844935364780,7.456991457843,16
46.844932510024,7.470101625038,16
46.844928152765,7.483211790490,16
46.844922293004,7.496321953471,16
46.844914930739,7.509432113255,16
46.844906065971,7.522542269114,16
46.850698741039,6.578500667738,16
46.850796570151,6.591611486803,16
46.850892896511,6.604722352810,16
46.850987720120,6.617833265034,16
46.851081040978,6.630944222747,16
46.851172859085,6.644055225222,16
46.851263174440,6.657166271734,16
46.851351987044,6.670277361555,16
46.851609408347,6.709610883607,16
46.853927101728,7.404545091197,16
46.853930257506,7.417657448469,16
46.853931910533,7.430769806905,16
46.853932060808,7.443882165777,16
46.853930708332,7.456994524358,16
46.853927853104,7.470106881921,16
46.853923495125,7.483219237741,16
46.853917634395,7.496331591090,16
46.853910270913,7.509443941241,16
46.859887726533,6.604582999267,16
46.859982565812,6.617696102584,16
46.860075902091,6.630809251391,16
46.860167735371,6.643922444960,16
46.860258065651,6.657035682565,16
46.860346892931,6.670148963479,16
46.860434217212,6.683262286976,16
46.860520038493,6.696375652329,16
46.860604356774,6.709489058812,16
46.860687172056,6.722602505697,16
46.862903946264,7.365195763497,16
46.862911611562,7.378310304015,16
46.862917773861,7.391424847877,16
46.862922433160,7.404539394354,16
46.862925589459,7.417653942720,16
46.862927242759,7.430768492249,16
46.862927393059,7.443883042214,16
46.862926040359,7.456997591888,16
46.862923184660,7.470112140545,16
46.862918825961,7.483226687459,16
46.862912964262,7.496341231901,16
46.868977399746,6.617558894715,16
46.869070751446,6.630674235340,16
46.869162599899,6.643789620728,16
46.869252945104,6.656905050152,16
46.869341787061,6.670020522886,16
46.869429125770,6.683136038202,16
46.869514961230,6.696251595374,16
46.869599293443,6.709367193675,16
46.869682122408,6.722482832379,16
46.869763448125,6.735598510759,16
46.869843270594,6.748714228089,16
46.869921589814,6.761829983641,16
46.871899262883,7.365183489311,16
46.871906929448,7.378300221648,16
46.871913092765,7.391416957328,16
46.871917752834,7.404533695624,16
46.871920909654,7.417650435810,16
46.871922563227,7.430767177158,16
46.871922713552,7.443883918942,16
46.871921360629,7.457000660435,16
46.878157452437,6.643656752528,16
46.878247812566,6.656774374497,16
46.878336669199,6.669892039775,16
46.878424022336,6.683009747635,16
46.878509871977,6.696127497352,16
46.878594218121,6.709245288198,16
46.878677060769,6.722363119446,16
46.878758399921,6.735480990371,16
46.878838235576,6.748598900245,16
46.878916567735,6.761716848342,16
46.878993396398,6.774834833934,16
46.880874721360,7.338933374232,16
46.880885396184,7.352052290249,16
46.880894567511,7.365171211061,16
46.880902235343,7.378290135943,16
46.880908399678,7.391409064168,16
46.880913060516,7.404527995008,16
46.880916217859,7.417646927738,16
46.880917871705,7.430765861631,16
46.880918022054,7.443884795959,16
46.887242667804,6.656643655598,16
46.887331539114,6.669763514146,16
46.887589130575,6.709123342380,16
46.887671986906,6.722243366898,16
46.887753339493,6.735363431093,16
46.887833188334,6.748483534237,16
46.887911533432,6.761603675604,16
46.887988374784,6.774723854467,16
46.888063712392,6.787844070099,16
46.888137546255,6.800964321773,16
46.888209876373,6.814084608764,16
46.888280702747,6.827204930344,16
46.889844146077,7.312674504100,16
46.889857830154,7.325795601615,16
46.889870010485,7.338916705379,16
46.889880687073,7.352037814666,16
46.889889859915,7.365158928749,16
46.889897529013,7.378280046901,16
46.889903694366,7.391401168395,16
46.889908355974,7.404522292506,16
46.896666900585,6.722123574735,16
46.896748266607,6.735245832925,16
46.896828128635,6.748368130065,16
46.896906486670,6.761490465427,16
46.896983340712,6.774612838286,16
46.897058690762,6.787735247914,16
46.897132536818,6.800857693584,16
46.897204878881,6.813980174570,16
46.897275716952,6.827102690146,16
46.897345051029,6.840225239584,16
46.897412881113,6.853347822159,16
46.897479207205,6.866470437142,16
46.897544029303,6.879593083809,16
46.898807533822,7.286406880376,16
46.898824228145,7.299530157208,16
46.898839418474,7.312653441742,16
46.898853104810,7.325776733252,16
46.898865287153,7.338900031012,16
46.898875965504,7.352023334294,16
46.898885139861,7.365146642373,16
46.898892810225,7.378269954521,16
46.905901427218,6.761377217812,16
46.905978293950,6.774501785392,16
46.906053656441,6.787626389741,16
46.906127514690,6.800751030133,16
46.906199868698,6.813875705840,16
46.906270718465,6.827000416137,16
46.906340063990,6.840125160297,16
46.906407905275,6.853249937592,16
46.906474242317,6.866374747297,16
46.906539075119,6.879499588685,16
46.906602403679,6.892624461028,16
46.906664227998,6.905749363601,16
46.906724548075,6.918874295677,16
46.907764881381,7.260130504519,16
46.907784586943,7.273255958486,16
46.907802788263,7.286381421610,16
46.907819485342,7.299506893163,16
46.907834678179,7.312632372418,16
46.907848366775,7.325757858650,16
46.907860551130,7.338883351131,16
46.907871231244,7.352008849134,16
46.907880407116,7.365134351934,16
46.914973234263,6.774390695785,16
46.915048609195,6.787517495581,16
46.915122479638,6.800644331419,16
46.915194845591,6.813771202574,16
46.915265707054,6.826898108317,16
46.915335064027,6.840025047924,16
46.915402916511,6.853152020666,16
46.915469264506,6.866279025818,16
46.915534108010,6.879406062652,16
46.915597447025,6.892533130442,16
46.915659281551,6.905660228462,16
46.915719611586,6.918787355985,16
46.915778437132,6.931914512283,16
46.915835758189,6.945041696631,16
46.915891574755,6.958168908301,16
46.915945886832,6.971296146567,16
46.915998694419,6.984423410703,16
46.916049997517,6.997550699981,16
46.916639005222,7.194462562144,16
46.916666236485,7.207590154878,16
46.916691963258,7.220717760402,16
46.916716185541,7.233845377988,16
46.916738903335,7.246973006911,16
46.916760116640,7.260100646442,16
46.916779825454,7.273228295857,16
46.916798029779,7.286355954427,16
46.916814729615,7.299483621427,16
46.916829924960,7.312611296129,16
46.916843615816,7.325738977808,16
46.916855802183,7.338866665735,16
46.924260682485,6.826795766686,16
46.924330050907,6.839924902465,16
46.924397914591,6.853054071380,16
46.924464273536,6.866183272704,16
46.924529127744,6.879312505711,16
46.924592477214,6.892441769673,16
46.924654321946,6.905571063865,16
46.924714661940,6.918700387560,16
46.924773497195,6.931829740031,16
46.924830827713,6.944959120551,16
46.924886653493,6.958088528394,16
46.924940974535,6.971217962832,16
46.924993790839,6.984347423140,16
46.925045102404,6.997476908591,16
46.925094909232,7.010606418458,16
46.925143211322,7.023735952014,16
46.925190008674,7.036865508533,16
46.925235301288,7.049995087287,16
46.925279089163,7.063124687551,16
46.925321372301,7.076254308598,16
46.925362150701,7.089383949701,16
46.925401424363,7.102513610133,16
46.925439193287,7.115643289167,16
46.925475457472,7.128772986078,16
46.925510216920,7.141902700138,16
46.925543471630,7.155032430621,16
46.925575221602,7.168162176800,16
46.925605466836,7.181291937948,16
46.925634207331,7.194421713338,16
46.925661443089,7.207551502245,16
46.925687174109,7.220681303941,16
46.925711400391,7.233811117700,16
46.925734121935,7.246940942795,16
46.925755338740,7.260070778499,16
46.925775050808,7.273200624085,16
46.925793258138,7.286330478828,16
46.925809960730,7.299460342000,16
46.925825158584,7.312590212875,16
46.933524134087,6.879218917861,16
46.933587494011,6.892350378721,16
46.933649348950,6.905481869811,16
46.933709698902,6.918613390404,16
46.933768543867,6.931744939772,16
46.933825883847,6.944876517190,16
46.933881718840,6.958008121931,16
46.933936048846,6.971139753267,16
46.933988873867,6.984271410473,16
46.934040193900,6.997403092822,16
46.934090008948,7.010534799587,16
46.934138319009,7.023666530041,16
46.934185124084,7.036798283457,16
46.934230424173,7.049930059110,16
46.934274219275,7.063061856272,16
46.934316509391,7.076193674216,16
46.934357294521,7.089325512217,16
46.934396574664,7.102457369547,16
46.934434349821,7.115589245479,16
46.934470619992,7.128721139288,16
46.934505385176,7.141853050246,16
46.934538645374,7.154984977627,16
46.934570400586,7.168116920703,16
46.934600650811,7.181248878749,16
46.934629396050,7.194380851038,16
46.934656636303,7.207512836842,16
46.934682371569,7.220644835436,16
46.934706601849,7.233776846093,16
46.934729327142,7.246908868085,16
46.934750547450,7.260040900687,16
46.934770262771,7.273172943172,16
46.934788473105,7.286304994813,16
46.934805178454,7.299437054882,16
46.942704722239,6.918526364515,16
46.942763576915,6.931660111507,16
46.942820926356,6.944793886549,16
46.942876770562,6.957927688913,16
46.942931109533,6.971061517873,16
46.942983943270,6.984195372702,16
46.943035271772,6.997329252674,16
46.943085095040,7.010463157062,16
46.943133413072,7.023597085140,16
46.943180225871,7.036731036180,16
46.943225533434,7.049865009456,16
46.943269335763,7.062999004241,16
46.943311632857,7.076133019809,16
46.943352424716,7.089267055433,16
46.943391711341,7.102401110387,16
46.943429492731,7.115535183943,16
46.943465768887,7.128669275375,16
46.943500539808,7.141803383956,16
46.943533805494,7.154937508960,16
46.943565565945,7.168071649660,16
46.943595821162,7.181205805330,16
46.943624571144,7.194339975242,16
46.943651815892,7.207474158670,16
46.943677555404,7.220608354887,16
46.943701789683,7.233742563167,16
46.943724518726,7.246876782783,16
46.943745742535,7.260011013008,16
46.951978998816,6.984119309827,16
46.952030335786,6.997255388148,16
46.952080167273,7.010391490885,16
46.952128493278,7.023527617311,16
46.952175313799,7.036663766700,16
46.952220628837,7.049799938325,16
46.952264438393,7.062936131460,16
46.952306742465,7.076072345377,16
46.952347541054,7.089208579350,16
46.952386834160,7.102344832652,16
46.952424621784,7.115481104557,16
46.952460903924,7.128617394338,16
46.952495680581,7.141753701269,16
46.952528951756,7.154890024622,16
46.952560717447,7.168026363671,16
46.952590977655,7.181162717689,16
46.961215710149,7.049734845719,16
46.961259526931,7.062873237927,16
