46.843542201158,8.293415201387,16
46.853186074582,8.201778135947,16
46.852634246055,8.280446746745,16
46.852537014830,8.293558022834,16
46.852438280804,8.306669251546,16
46.863324052956,8.005194952818,16
46.862756501527,8.110108368165,16
46.862678793877,8.123222385290,16
46.862599583177,8.136336364482,16
46.862518869428,8.149450305016,16
46.862436652629,8.162564206164,16
46.862352932781,8.175678067201,16
46.862267709884,8.188791887398,16
46.862180983938,8.201905666031,16
46.862092754942,8.215019402371,16
46.861911787802,8.241246745269,16
46.861819049658,8.254360350374,16
46.861724808465,8.267473910279,16
46.861629064222,8.280587424260,16
46.861531816931,8.293700891588,16
46.861433066589,8.306814311538,16
46.861332813199,8.319927683382,16
46.860916769143,8.372380675173,16
46.860809000506,8.385493795591,16
46.860699728820,8.398606863543,16
46.872681734762,7.926590093562,16
46.872446017687,7.979056579449,16
46.872383330175,7.992173127891,16
46.872319139364,8.005289645668,16
46.872253445256,8.018406132052,16
46.872186247851,8.031522586318,16
46.872047343146,8.057755395587,16
46.871975635848,8.070871749137,16
46.871902425251,8.083988067661,16
46.871827711357,8.097104350434,16
46.871751494165,8.110220596728,16
46.871673773676,8.123336805816,16
46.871594549889,8.136452976973,16
46.871513822804,8.149569109471,16
46.871431592422,8.162685202583,16
46.871347858742,8.175801255584,16
46.871262621764,8.188917267745,16
46.871175881489,8.202033238342,16
46.871087637916,8.215149166647,16
46.870997891045,8.228265051932,16
46.870906640877,8.241380893473,16
46.870813887411,8.254496690541,16
46.870719630647,8.267612442411,16
46.870623870586,8.280728148356,16
46.870526607227,8.293843807648,16
46.870427840570,8.306959419562,16
46.870327570616,8.320074983371,16
46.870225797364,8.333190498347,16
46.870122520814,8.346305963765,16
46.870017740966,8.359421378897,16
46.869911457821,8.372536743018,16
46.869803671379,8.385652055400,16
46.869694381638,8.398767315316,16
46.869583588600,8.411882522041,16
46.869471292265,8.424997674847,16
46.869357492631,8.438112773007,16
46.881785725761,7.900433868196,16
46.881732049169,7.913552778059,16
46.881676869031,7.926671661618,16
46.881620185346,7.939790518144,16
46.881561998116,7.952909346911,16
46.881502307340,7.966028147193,16
46.881441113018,7.979146918264,16
46.881378415150,7.992265659395,16
46.881314213735,8.005384369861,16
46.881248508775,8.018503048935,16
46.881181300269,8.031621695891,16
46.881112588217,8.044740310001,16
46.881042372619,8.057858890539,16
46.880970653474,8.070977436779,16
46.880897430784,8.084095947993,16
46.880822704548,8.097214423455,16
46.880746474766,8.110332862439,16
46.880668741438,8.123451264217,16
46.880589504563,8.136569628063,16
46.880508764143,8.149687953251,16
46.880426520177,8.162806239053,16
46.880342772665,8.175924484743,16
46.880257521607,8.189042689594,16
46.880170767002,8.202160852881,16
46.880082508852,8.215278973875,16
46.879992747156,8.228397051850,16
46.879901481914,8.241515086080,16
46.879808713126,8.254633075839,16
46.879714440791,8.267751020398,16
46.879618664911,8.280868919032,16
46.879322315995,8.320222332116,16
46.879220525930,8.333340039782,16
46.879117232320,8.346457697890,16
46.879012435164,8.359575305712,16
46.878906134462,8.372692862522,16
46.878798330214,8.385810367594,16
46.878578211079,8.412045219614,16
46.878465896193,8.425162565110,16
46.878352077761,8.438279855960,16
46.878236755783,8.451397091438,16
46.890883725271,7.874268793845,16
46.890833047401,7.887389947554,16
46.890780865738,7.900511076412,16
46.890727180280,7.913632179690,16
46.890671991028,7.926753256664,16
46.890615297982,7.939874306605,16
46.890557101141,7.952995328788,16
46.890497400506,7.966116322485,16
46.890436196077,7.979237286971,16
46.890373487853,7.992358221517,16
46.890309275835,8.005479125399,16
46.890243560023,8.018599997888,16
46.890176340416,8.031720838259,16
46.890107617015,8.044841645784,16
46.890037389820,8.057962419738,16
46.889965658830,8.071083159393,16
46.889892424046,8.084203864022,16
46.889817685468,8.097324532899,16
46.889741443095,8.110445165298,16
46.889663696928,8.123565760491,16
46.889584446967,8.136686317753,16
46.889503693211,8.149806836356,16
46.889421435661,8.162927315573,16
46.889337674316,8.176047754678,16
46.889252409178,8.189168152945,16
46.889077367517,8.215408824056,16
46.888987590996,8.228529095447,16
46.888896310680,8.241649323092,16
46.888803526569,8.254769506265,16
46.888215242226,8.333489630701,16
46.888111931555,8.346609482223,16
46.888007117090,8.359729283461,16
46.887900798831,8.372849033686,16
46.887792976777,8.385968732173,16
46.887460487850,8.425327509934,16
46.887346650619,8.438446994200,16
46.887231309594,8.451566423093,16
46.899975730077,7.848094871969,16
46.899928051924,7.861218267343,16
46.899878869729,7.874341639319,16
46.899828183491,7.887464987169,16
46.899775993211,7.900588310167,16
46.899722298888,7.913711607587,16
46.899667100522,7.926834878701,16
46.899610398113,7.939958122783,16
46.899552191662,7.953081339106,16
46.899492481168,7.966204526945,16
46.899431266632,7.979327685571,16
46.899368548052,7.992450814258,16
46.899171368059,8.031820013422,16
46.899032394516,8.058065983183,16
46.898960651681,8.071188916978,16
46.898887404803,8.084311815748,16
46.897982422331,8.228661182721,16
46.896455067003,8.425492509321,16
46.896341210973,8.438614187727,16
46.896225850900,8.451735810761,16
46.896108986785,8.464857377697,16
46.895990618627,8.477978887807,16
46.895870746427,8.491100340365,16
46.895626489898,8.517343069919,16
46.895502105569,8.530464345461,16
46.909061736967,7.821912104028,16
46.909017059524,7.835037738886,16
46.908970877791,7.848163351799,16
46.908923191766,7.861288942039,16
46.908874001450,7.874414508881,16
46.908823306844,7.887540051597,16
46.908771107946,7.900665569462,16
46.908717404757,7.913791061748,16
46.908662197277,7.926916527728,16
46.905335758589,8.438781436542,16
46.905220379469,8.451905254442,16
46.905103496059,8.465029016244,16
46.904985108357,8.478152721220,16
46.904865216364,8.491276368645,16
46.904743820081,8.504399957791,16
46.904620919506,8.517523487931,16
46.904496514640,8.530646958340,16
46.904370605484,8.543770368290,16
46.904243192036,8.556893717054,16
46.903851925947,8.596263388969,16
46.903583560432,8.622509517663,16
46.918181913928,7.782592599557,16
46.918141742727,7.795720491483,16
46.918100066988,7.808848363643,16
46.918056886709,7.821976215311,16
46.918012201891,7.835104045761,16
46.917966012533,7.848231854266,16
46.917918318636,7.861359640098,16
46.917869120200,7.874487402532,16
46.917818417225,7.887615140840,16
46.917766209710,7.900742854296,16
46.917712497656,7.913870542174,16
46.913979585116,8.478326612098,16
46.913859673331,8.491452455114,16
46.913738257007,8.504578239852,16
46.913615336143,8.517703965585,16
46.913490910740,8.530829631585,16
46.913364980798,8.543955237127,16
46.913237546316,8.557080781483,16
46.913108607296,8.570206263928,16
46.912978163735,8.583331683733,16
46.912846215636,8.596457040174,16
46.912712762997,8.609582332522,16
46.912577805819,8.622707560052,16
46.927215744144,7.769520035792,16
46.927177071101,7.782650143074,16
46.927136893271,7.795780231317,16
46.927095210652,7.808910299795,16
46.927052023246,7.822040347781,16
46.927007331053,7.835170374548,16
46.926961134071,7.848300379370,16
46.926913432302,7.861430361520,16
46.926864225746,7.874560320271,16
46.926813514401,7.887690254897,16
46.922485293636,8.531012365196,16
46.922359342908,8.544140167056,16
46.922231887392,8.557267907729,16
46.922102927089,8.570395586491,16
46.921972461999,8.583523202614,16
46.921840492120,8.596650755372,16
46.921707017454,8.609778244038,16
46.921572038001,8.622905667885,16
46.921435553759,8.636033026187,16
46.936317902322,7.730178381336,16
46.936283738005,7.743310738417,16
46.936248068652,7.756443078639,16
46.936210894263,7.769575401276,16
46.936172214838,7.782707705601,16
46.936132030376,7.795839990887,16
46.936090340879,7.808972256408,16
46.936047146346,7.822104501436,16
46.936002446777,7.835236725247,16
46.935956242172,7.848368927111,16
46.935908532530,7.861501106304,16
46.931226215031,8.557455095793,16
46.931097233446,8.570584971598,16
46.930966746824,8.583714784764,16
46.930834755167,8.596844534565,16
46.930701258474,8.609974220274,16
46.930566256745,8.623103841164,16
46.930429749980,8.636233396509,16
46.945345721096,7.717092600816,16
46.945313056426,7.730227171798,16
46.945278886472,7.743361726647,16
46.945243211233,7.756496264638,16
46.945206030710,7.769630785043,16
46.945167344903,7.782765287137,16
46.945127153811,7.795899770191,16
46.945085457435,7.809034233481,16
46.945042255775,7.822168676278,16
46.944997548830,7.835303097857,16
46.939695485823,8.610170261229,16
46.939560461818,8.623302079888,16
46.939423932529,8.636433833001,16
46.939285897955,8.649565519842,16
46.939146358098,8.662697139685,16
46.939005312956,8.675828691803,16
46.954401690204,7.690865624451,16
46.954372031210,7.704002424011,16
46.954340866684,7.717139208891,16
46.954308196625,7.730275978367,16
46.954274021034,7.743412731711,16
46.954238339910,7.756549468195,16
46.954201153253,7.769686187095,16
46.954162461063,7.782822887682,16
46.954122263341,7.795959569231,16
46.948280043828,8.649768220999,16
46.948140480950,8.662902039336,16
46.947999412539,8.676035789948,16
46.947856838595,8.689169472107,16
46.963451642115,7.664629810781,16
46.963424989792,7.677768836738,16
46.963396831687,7.690907849469,16
46.963367167801,7.704046848248,16
46.963335998135,7.717185832348,16
46.963303322687,7.730324801044,16
46.963269141458,7.743463753607,16
46.963233454448,7.756602689311,16
46.963196261658,7.769741607430,16
46.957274175563,8.649970989053,16
46.957134589664,8.663107006609,16
46.956993497984,8.676242956440,16
46.956850900524,8.689378837820,16
46.956706797282,8.702514650020,16
46.956561188259,8.715650392315,16
46.956414073456,8.728786063978,16
46.956265452871,8.741921664283,16
46.956115326505,8.755057192502,16
46.972471928956,7.651526411438,16
46.972446778267,7.664667649839,16
46.972420121547,7.677808875741,16
46.972391958799,7.690950088417,16
46.972362290021,7.704091287141,16
46.972331115214,7.717232471187,16
46.972298434377,7.730373639828,16
46.966268292927,8.650173824002,16
46.966128684007,8.663312041504,16
46.965987569059,8.676450191280,16
46.965844948081,8.689588272605,16
46.965700821074,8.702726284750,16
46.965555188037,8.715864226991,16
46.965408048971,8.729002098599,16
46.965259403876,8.742139898849,16
46.965109252752,8.755277627013,16
46.981490703210,7.638418611462,16
46.981467054650,7.651562062305,16
46.981441899813,7.664705501376,16
46.981415238699,7.677848927949,16
46.981387071306,7.690992341296,16
46.981357397636,7.704135740691,16
46.981326217688,7.717279125408,16
46.974694830261,8.702937989279,16
46.974549173211,8.716078132190,16
46.974402009883,8.729218204470,16
46.974253340277,8.742358205390,16
46.974103164394,8.755498134225,16
46.973798293794,8.781777772733,16
46.990528603303,7.612160735798,16
46.990507963897,7.625306409401,16
46.990485817965,7.638452072686,16
46.990462165506,7.651597724926,16
46.990437006522,7.664743365393,16
46.990410341012,7.677888993362,16
46.990382168976,7.691034608106,16
46.983395955956,8.729434381590,16
46.983247261840,8.742576583906,16
46.983097061198,8.755718714138,16
46.982945354029,8.768860771557,16
46.982792140335,8.782002755438,16
46.999523710040,7.612189803807,16
46.999503067231,7.625337679532,16
46.999480917649,7.638485544939,16
46.999457261291,7.651633399300,16
46.999432098160,7.664781241890,16
46.992389886958,8.729650629959,16
46.992241168332,8.742795034398,16
46.992090942931,8.755939366751,16
46.991939210755,8.769083626293,16
46.991785971806,8.782227812295,16
46.991631226082,8.795371924033,16
47.008555572825,7.585918696198,16
47.008537940660,7.599068793228,16
47.008518801472,7.612218881393,16
47.008498155261,7.625368959966,16
47.008476002028,7.638519028220,16
47.008452341772,7.651669085429,16
47.001084809359,8.756160092065,16
47.000933052177,8.769306554454,16
47.000779787972,8.782452943304,16
47.000625016744,8.795599257889,16
47.017566782578,7.572791067474,16
47.017550654778,7.585943376216,16
47.017533019708,7.599095676819,16
47.017513877366,7.612247968557,16
47.017493227753,7.625400250702,16
47.017471070870,7.638552522530,16
47.009926878060,8.769529556042,16
47.009773588600,8.782678148465,16
47.009618791868,8.795826666623,16
47.009462487865,8.808975109788,16
47.009304676592,8.822123477236,16
47.026576474355,7.559659030867,16
47.026561851418,7.572813551319,16
47.026545720961,7.585968064359,16
47.026528082985,7.599122569261,16
47.026508937489,7.612277065298,16
47.026488284474,7.625431551742,16
47.018767373457,8.782903427777,16
47.018612551221,8.796054150234,16
47.018456221466,8.809204797698,16
47.018298384192,8.822355369444,16
47.018139039399,8.835505864744,16
47.035584647178,7.546522584927,16
47.035571529599,7.559679317088,16
47.035556904253,7.572836042565,16
47.035540771139,7.585992760629,16
47.035523130257,7.599149470555,16
47.035503981608,7.612306171616,16
47.027606294570,8.796281708722,16
47.027449939063,8.809434561210,16
47.027292075788,8.822587337980,16
47.027132704746,8.835740038305,16
47.044591300068,7.533381728204,16
47.044579688345,7.546540672074,16
47.044566568606,7.559699609985,16
47.044551940851,7.572858541212,16
47.044535805079,7.586017465026,16
47.044518161292,7.599176380701,16
47.036443640422,8.809664400326,16
47.036285751147,8.822819382845,16
47.036126353855,8.835974288919,16
47.035965448548,8.849129117821,16
47.035803035225,8.862283868825,16
47.053596432047,7.520236459248,16
47.053586326676,7.533397614825,16
47.053574713041,7.546558765171,16
47.053561591141,7.559719909557,16
47.053546960977,7.572881047259,16
47.053530822549,7.586042177548,16
47.045279410034,8.823051504038,16
47.045119986494,8.836208616588,16
47.044959054689,8.849365651965,16
47.044796614621,8.862522609444,16
47.044632666288,8.875679488297,16
47.062600042136,7.507086776609,16
47.062591443614,7.520250143893,16
47.062581336579,7.533413506671,16
47.062569721032,7.546576864217,16
47.062556596972,7.559740215805,16
47.062541964399,7.572903560707,16
47.054113602428,8.836443021310,16
47.053952644126,8.849602263889,16
47.053790177312,8.862761428568,16
47.053626201985,8.875920514622,16
47.071602129358,7.493932678838,16
47.071595038181,7.507098257826,16
47.071586438244,7.520263833036,16
47.071576329545,7.533429403740,16
47.071564712085,7.546594969213,16
47.071551585865,7.559760528727,16
47.062619720745,8.876161620178,16
47.062454209663,8.889322834806,16
47.062287189820,8.902483969356,16
47.062118661217,8.915645023101,16
47.080597109399,7.493941955176,16
47.080590017055,7.507109742816,16
47.080581415702,7.520277526678,16
47.080571305340,7.533445306034,16
47.080559685968,7.546613080158,16
47.071613222333,8.876402804964,16
47.071447684009,8.889566228245,16
47.071280636676,8.902729571446,16
47.071112080334,8.915892833843,16
47.089597656289,7.480781234491,16
47.089592072036,7.493951234561,16
47.089584978525,7.507121231579,16
47.089576375756,7.520291224818,16
47.089566263730,7.533461213552,16
47.080606706517,8.876644068981,16
47.080441140951,8.889809701639,16
47.080274066128,8.902975254218,16
47.080105482046,8.916140725992,16
47.079935388707,8.929306116234,16
47.098596677873,7.467616094322,16
47.098592602207,7.480788306821,16
47.098587017035,7.493960516993,16
47.098579922356,7.507132724114,16
47.098571318172,7.520304927456,16
47.089434580255,8.890053254990,16
47.089267477941,8.903221017672,16
47.089098866121,8.916388699549,16
47.088928744795,8.929556299893,16
47.088757113963,8.942723817980,16
47.107594173172,7.454446533220,16
47.107591606590,7.467620958145,16
47.107587530253,7.480795381472,16
47.107581944162,7.493969802473,16
47.107574848317,7.507144220423,16
47.098260871884,8.903466861807,16
47.098092232325,8.916636754513,16
47.097922083011,8.929806565686,16
47.097750423944,8.942976294601,16
47.116589084207,7.454449187085,16
47.116586517203,7.467625823564,16
47.116582440195,7.480802458445,16
47.116576853186,7.493979091001,16
47.116569756173,7.507155720504,16
47.107254247722,8.903712786624,16
47.107085580424,8.916884890884,16
47.106915403123,8.930056913611,16
47.106743715820,8.943228854080,16
47.106570518514,8.956400711564,16
47.125585034080,7.441272992189,16
47.125583976904,7.454451841820,16
47.125581409477,7.467630690580,16
47.125577331800,7.480809537740,16
47.125571743871,7.493988382575,16
47.115908704898,8.930307343670,16
47.115736989359,8.943481496418,16
47.115563763569,8.956655566181,16
47.134579908380,7.441273434790,16
47.134578851030,7.454454497427,16
47.134576283181,7.467635559191,16
47.134572204833,7.480816619357,16
47.124730244327,8.943734221614,16
47.124556990053,8.956910504383,16
47.124382225280,8.970086703439,16
47.124205950008,8.983262818057,16
47.143574310650,7.428090601024,16
47.143574763875,7.441273877536,16
47.143573706351,7.454457153904,16
47.143571138080,7.467640429399,16
47.143567059062,7.480823703295,16
47.133550197733,8.957165526168,16
47.133375404228,8.970343938956,16
47.133199099975,8.983522267304,16
47.152569147033,7.428088829459,16
47.152569600332,7.441274320428,16
47.152568542635,7.454459811251,16
47.152565973942,7.467645301203,16
47.142543386374,8.957420631538,16
47.142368564137,8.970601258782,16
47.142192230904,8.983781801586,16
47.142014386675,8.996962259226,16
47.141835031449,9.010142630973,16
47.141654165228,9.023322916102,16
47.141471788011,9.036503113886,16
47.161561999528,7.414899351744,16
47.161563964145,7.428087057313,16
47.161564417519,7.441274763464,16
47.161563359648,7.454462469469,16
47.161560790532,7.467650174603,16
47.151361704775,8.970858662917,16
47.151185342562,8.984041420904,16
47.151007469104,8.997224093725,16
47.150828084401,9.010406680655,16
47.150647188455,9.023589180965,16
47.150464781264,9.036771593931,16
47.170556796812,7.414895363110,16
47.170558761753,7.428085284587,16
47.170559215201,7.441275206645,16
47.170558157156,7.454465128558,16
47.160000532028,8.997486013985,16
47.159821117849,9.010670816822,16
47.159640192177,9.023855533040,16
47.159457755012,9.037040161913,16
47.179548097355,7.401699236369,16
47.179551574359,7.414891373171,16
47.179553539622,7.428083511281,16
47.179553993145,7.441275649972,16
47.179552934926,7.454467788518,16
47.168814131558,9.010935039476,16
47.168633176161,9.024121972327,16
47.168450709022,9.037308817833,16
47.168266730142,9.050495575266,16
47.188542854359,7.401693027765,16
47.188546331935,7.414887381926,16
47.188548297521,7.428081737394,16
47.188548751118,7.441276093444,16
47.177807125297,9.011199348615,16
47.177626140174,9.024388498825,16
47.177443643061,9.037577561690,16
47.177259633959,9.050766536482,16
47.177074112868,9.063955422476,16
47.197537591159,7.401686817130,16
47.197541069306,7.414883389374,16
47.197543035215,7.428079962927,16
47.197543488886,7.441276537061,16
47.186800098831,9.011463744241,16
47.186619083982,9.024655112535,16
47.186436556896,9.037846393484,16
47.186252517572,9.051037586360,16
47.186066966010,9.064228690438,16
47.206532307522,7.401680604463,16
47.206535786240,7.414879395517,16
47.206537752471,7.428078187879,16
47.206538206217,7.441276980823,16
47.195612007353,9.024921813457,16
47.195429450293,9.038115313215,16
47.195245380747,9.051308724902,16
47.195059798715,9.064502047789,16
47.215530482502,7.414875400353,16
47.215532449057,7.428076412251,16
47.215532902877,7.441277424730,16
47.204422323019,9.038384320884,16
47.204238223250,9.051579952106,16
47.204052610748,9.064775494528,16
47.224525157860,7.414871403884,16
47.224527124737,7.428074636042,16
47.224527578632,7.441277868782,16
47.213415174840,9.038653416491,16
47.213231044850,9.051851267973,16
47.213045401876,9.065049030656,16
47.212858245921,9.078246703814,16
47.233519812080,7.414867406109,16
47.233521779280,7.428072859253,16
47.233522233250,7.441278312979,16
47.222408005524,9.038922600034,16
47.222223845311,9.052122672503,16
47.222038171867,9.065322656173,16
47.221850985193,9.078522550317,16
47.242505969445,7.388448061965,16
47.242510963927,7.401655733479,16
47.242514444929,7.414863407027,16
47.242516412452,7.428071081884,16
47.242516866496,7.441278757321,16
47.231216624402,9.052394165696,16
47.231030920487,9.065596371077,16
47.230843703094,9.078798486934,16
47.251500579299,7.388439616703,16
47.251505574600,7.401649510654,16
47.251509056174,7.414859406640,16
47.251511024020,7.428069303934,16
47.240209381887,9.052665747551,16
47.240023647503,9.065870175370,16
47.239836399390,9.079074513664,16
47.260495167315,7.388431168683,16
47.260500163436,7.401643285798,16
47.260503645580,7.414855404946,16
47.260505613749,7.428067525403,16
47.249202117536,9.052937418070,16
47.249016352680,9.066144069052,16
47.248829073849,9.079350630509,16
47.269483222095,7.375208379666,16
47.269489733260,7.388422717907,16
47.269494730200,7.401637058910,16
47.269498212916,7.414851401947,16
47.269500181408,7.428065746292,16
47.258194831113,9.053209177251,16
47.258009035787,9.066418052122,16
47.257821726237,9.079626837467,16
47.257632902463,9.092835532561,16
47.278477764668,7.375197701518,16
47.278484276900,7.388414264373,16
47.278489274660,7.401630829990,16
47.278492757947,7.414847397642,16
47.267187522385,9.053481025096,16
47.267001696589,9.066692124581,16
47.266814356320,9.079903134540,16
47.287472284703,7.375187019887,16
47.287478798003,7.388405808083,16
47.287483796583,7.401624599039,16
47.287487280441,7.414843392030,16
47.276180191120,9.053752961603,16
47.275994334853,9.066966286427,16
47.275806963866,9.080179521727,16
47.275618078157,9.093392666774,16
47.296466781967,7.375176334774,16
47.296473296335,7.388397349035,16
47.296478295734,7.401618366056,16
47.296481780163,7.414839385113,16
47.285172837084,9.054024986773,16
47.284986950347,9.067240537663,16
47.284799548640,9.080455999027,16
47.284610631964,9.093671370140,16
47.305453225573,7.361942408615,16
47.305461256226,7.375165646179,16
47.305467771662,7.388388887230,16
47.305472771880,7.401612131042,16
47.305476256881,7.414835376889,16
47.294165460043,9.054297100606,16
47.293979542835,9.067514878287,16
47.293792110410,9.080732566442,16
47.293603162767,9.093950164345,16
47.314447675278,7.361929489021,16
47.314455707248,7.375154954100,16
47.314462223752,7.388380422668,16
47.314467224789,7.401605893997,16
47.303158059764,9.054569303102,16
47.302972112086,9.067789308299,16
47.302784648942,9.081009223970,16
47.302595670332,9.094229049390,16
47.302405176256,9.107448783831,16
47.323442101512,7.361916565218,16
47.323450134798,7.375144258539,16
47.323456652370,7.388371955349,16
47.323461654227,7.401599654919,16
47.311964657866,9.068063827700,16
47.311777164003,9.081285971613,16
47.311588154426,9.094508025274,16
47.311397629134,9.107729987957,16
47.332426953478,7.348673719132,16
47.332436504042,7.361903637207,16
47.332444538644,7.375133559495,16
47.332451057284,7.388363485272,16
47.332456059961,7.401593413810,16
47.320957179942,9.068338436489,16
47.320769655360,9.081562809370,16
47.320580614815,9.094787091999,16
47.320390058308,9.108011283649,16
47.320197985838,9.121235383594,16
47.341421330505,7.348658557220,16
47.341430882634,7.361890704987,16
47.341438918553,7.375122856969,16
47.341445438260,7.388355012439,16
47.329762122778,9.081839737240,16
47.329573051267,9.095066249562,16
47.329382463544,9.108292670905,16
47.329190359610,9.121519000543,16
47.350404613209,7.335409017129,16
47.350415683362,7.348643390374,16
47.350425237056,7.361877768560,16
47.350433274290,7.375112150960,16
47.350439795065,7.388346536848,16
47.338754566026,9.082116755225,16
47.338565463547,9.095345497965,16
47.338374844609,9.108574149727,16
47.338182709212,9.121802709783,16
47.359398939848,7.335391614205,16
47.359410011814,7.348628218594,16
47.359419567072,7.361864827924,16
47.359427605623,7.375101441468,16
47.347746984869,9.082393863323,16
47.347557851423,9.095624837208,16
47.347367201270,9.108855720114,16
47.347175034408,9.122086511314,16
47.368393241849,7.335374205622,16
47.368404315628,7.348613041880,16
47.368413872451,7.361851883080,16
47.368421912318,7.375090728494,16
47.356739379075,9.082671061536,16
47.356550214662,9.095904267290,16
47.356359533293,9.109137382066,16
47.356167334967,9.122370405136,16
47.377387518980,7.335356791379,16
47.377398594571,7.348597860233,16
47.377408152959,7.361838934027,16
47.377416194142,7.375080012037,16
47.365542553029,9.096183788212,16
47.365351840444,9.109419135583,16
47.365159610655,9.122654391248,16
47.364965863662,9.135889554482,16
47.386381771006,7.335339371477,16
47.386392848410,7.348582673651,16
47.386402408362,7.361825980767,16
47.386410450861,7.375069292097,16
47.374534866292,9.096463399973,16
47.374344122491,9.109700980665,16
47.374151861239,9.122938469651,16
47.373958082533,9.136175866205,16
47.395363400775,7.322076415363,16
47.395375997694,7.335321945916,16
47.395387076911,7.348567482136,16
47.395396638427,7.361813023298,16
47.383527154217,9.096743102574,16
47.383336379201,9.109982917312,16
47.383144086484,9.123222640345,16
47.382950276067,9.136462270945,16
47.382754947948,9.149701808387,16
47.404357599831,7.322056749371,16
47.404370198811,7.335304514695,16
47.404381279841,7.348552285687,16
47.404390842922,7.361800061621,16
47.404398888053,7.375047841770,16
47.392519416571,9.097022896015,16
47.392328610339,9.110264945525,16
47.392136286159,9.123506903329,16
47.391942444029,9.136748768701,16
47.391747083950,9.149990540915,16
47.413351773083,7.322037076993,16
47.413364374123,7.335287077815,16
47.413375456966,7.348537084305,16
47.413385021612,7.361787095736,16
47.413393068059,7.375037111382,16
47.401511653120,9.097302780295,16
47.401320815673,9.110547065302,16
47.401128460029,9.123791258604,16
47.400934586187,9.137035359474,16
47.400739194147,9.150279367185,16
47.422345920296,7.322017398231,16
47.422358523398,7.335269635276,16
47.422369608054,7.348521877988,16
47.422379174264,7.361774125643,16
47.410312994969,9.110829276645,16
47.410120607861,9.124075706170,16
47.409926702307,9.137322043262,16
47.409731278307,9.150568287197,16
47.431340041239,7.321997713083,16
47.431352646402,7.335252187077,16
47.431363732871,7.348506666738,16
47.431373300645,7.361761151341,16
47.419305147994,9.111111579552,16
47.419112729422,9.124360246026,16
47.418918792156,9.137608820067,16
47.418723336195,9.150857300950,16
47.440334135677,7.321978021551,16
47.440346742901,7.335234733219,16
47.440357831183,7.348491450554,16
47.440367400521,7.361748172831,16
47.428297274515,9.111393974025,16
47.428104824479,9.124644878173,16
47.427910855501,9.137895689888,16
47.427715367579,9.151146408445,16
47.449328203377,7.321958323634,16
47.449340812663,7.335217273701,16
47.449351902757,7.348476229437,16
47.449361473660,7.361735190113,16
47.437289374298,9.111676460063,16
47.437096892798,9.124929602610,16
47.436902892107,9.138182652726,16
47.436707372226,9.151435609682,16
47.458322244107,7.321938619332,16
47.458334855453,7.335199808525,16
47.458345947360,7.348461003385,16
47.458355519828,7.361722203187,16
47.446281447110,9.111959037666,16
47.446088934146,9.125214419339,16
47.445894901743,9.138469708579,16
47.445699349901,9.151724904661,16
47.467316257631,7.321918908645,16
47.467328871039,7.335182337689,16
47.467339964759,7.348445772400,16
47.467349538791,7.361709212052,16
47.455273492717,9.112241706834,16
47.455080948289,9.125499328358,16
47.454886884174,9.138756857449,16
47.454691300372,9.152014293381,16
47.476310243718,7.321899191574,16
47.476322859187,7.335164861193,16
47.476333954720,7.348430536481,16
47.476343530317,7.361696216709,16
47.464265510886,9.112524467568,16
47.464072934995,9.125784329667,16
47.463878839168,9.139044099335,16
47.463683223405,9.152303775843,16
47.485304202134,7.321879468117,16
47.485316819664,7.335147379038,16
47.485327917010,7.348415295628,16
47.485337494171,7.361683217159,16
47.473257501385,9.112807319866,16
47.473064894030,9.126069423267,16
47.472870766490,9.139331434237,16
47.472675118767,9.152593352048,16
47.494298132646,7.321859738275,16
47.494310752237,7.335129891224,16
47.494321851395,7.348400049841,16
47.494331430121,7.361670213399,16
47.482249463979,9.113090263729,16
47.482056825160,9.126354609158,16
47.481862665908,9.139618862155,16
47.481666986224,9.152883021993,16
47.503292035019,7.321840002049,16
47.503304656671,7.335112397751,16
47.503315757643,7.348384799121,16
47.503325337933,7.361657205432,16
47.491241398435,9.113373299158,16
47.491048728152,9.126639887340,16
47.490854537188,9.139906383090,16
47.490658825544,9.153172785681,16
47.512285909022,7.321820259438,16
47.512298532735,7.335094898618,16
47.512309635519,7.348369543467,16
47.512319217374,7.361644193256,16
47.500233304520,9.113656426152,16
47.500040602773,9.126925257812,16
47.499846380097,9.140193997041,16
47.499650636492,9.153462643110,16
47.521279754420,7.321800510442,16
47.521292380194,7.335077393826,16
47.521303484791,7.348354282879,16
47.521313068211,7.361631176872,16
47.509225182000,9.113939644711,16
47.509032448790,9.127210720575,16
47.508838194402,9.140481704008,16
47.508642418836,9.153752594281,16
47.530273570980,7.321780755061,16
47.530286198816,7.335059883375,16
47.530297305226,7.348339017357,16
47.530306890210,7.361618156280,16
47.530314953767,7.374897299419,16
47.518217030643,9.114222954835,16
47.518024265969,9.127496275629,16
47.517829979869,9.140769503991,16
47.517634172343,9.154042639194,16
47.539279988366,7.335042367264,16
47.539291096589,7.348323746901,16
47.539300683137,7.361605131480,16
47.539308748011,7.374886520274,16
47.527208850215,9.114506356524,16
47.527016054077,9.127781922973,16
47.526821736264,9.141057396990,16
47.526625896778,9.154332777849,16
47.548273748612,7.335024845494,16
47.548284858648,7.348308471512,16
47.548294446760,7.361592102472,16
47.548302512951,7.374875737646,16
47.536391946161,9.101511945242,16
47.536200640482,9.114789849778,16
47.536007812880,9.128067662608,16
47.535813463356,9.141345383006,16
47.535617591908,9.154623010246,16
47.557267479320,7.335007318065,16
47.557278591169,7.348293191189,16
47.557288180846,7.361579069255,16
47.557296248352,7.374864951535,16
47.545383738106,9.101793282955,16
47.545192401212,9.115073434597,16
47.544999542146,9.128353494534,16
47.544805160909,9.141633462038,16
47.544609257501,9.154913336384,16
47.566261180257,7.334989784976,16
47.566272293919,7.348277905932,16
47.566281885160,7.361566031830,16
47.566289953983,7.374854161942,16
47.554375500280,9.102074711508,16
47.554184132170,9.115357110981,16
47.553991241640,9.128639418750,16
47.553796828692,9.141921634086,16
47.575254851190,7.334972246228,16
47.575265966664,7.348262615742,16
47.575275559470,7.361552990197,16
47.575283629609,7.374843368867,16
47.575290177080,7.388133751024,16
47.563367232450,9.102356230900,16
47.563175833124,9.115640878931,16
47.562982911130,9.128925435257,16
47.562788466469,9.142209899151,16
47.584248491885,7.334954701820,16
47.584259609172,7.348247320617,16
47.584269203542,7.361539944355,16
47.584277274997,7.374832572308,16
47.584283823536,7.388125203749,16
47.572548842006,9.089350852838,16
47.572358934381,9.102637841131,16
47.572167503840,9.115924738445,16
47.571974550383,9.129211544054,16
47.571780074010,9.142498257231,16
47.593253221208,7.348232020559,16
47.593262817143,7.361526894306,16
47.593270889914,7.374821772267,16
47.593277439521,7.388116653717,16
47.581540544434,9.089630303901,16
47.581350605842,9.102919542202,16
47.581159144085,9.116208689525,16
47.580966159164,9.129497745143,16
47.580771651079,9.142786708328,16
47.602246802540,7.348216715567,16
47.602256400040,7.361513840048,16
47.602264474127,7.374810968743,16
47.602271024802,7.388108100927,16
47.590532216157,9.089909845078,16
47.590342246598,9.103201334113,16
47.590150753626,9.116492732170,16
47.589957737241,9.129784038522,16
47.611240352935,7.348201405641,16
47.611249951999,7.361500781582,16
47.611258027402,7.374800161737,16
47.611264579144,7.388099545380,16
47.611269607226,7.401398931785,16
47.599712333809,9.076895645621,16
47.599523856943,9.090189476368,16
47.599333856416,9.103483216863,16
47.599142332228,9.116776866380,16
47.598949284380,9.130070424191,16
47.620233872158,7.348186090782,16
47.620243472787,7.361487718908,16
47.620251549506,7.374789351248,16
47.620258102316,7.388090987076,16
47.620263131217,7.401392625666,16
47.608703974142,9.077173114840,16
47.608515466557,9.090469197773,16
47.608325435063,9.103765190453,16
47.608133879660,9.117061092155,16
47.607940800348,9.130356902151,16
47.629236962170,7.361474652025,16
47.629245040205,7.374778537276,16
47.629251594083,7.388082426015,16
47.629256623804,7.401386317516,16
47.617695583070,9.077450673448,16
47.617507044767,9.090749009291,16
47.617316982306,9.104047254883,16
47.617125395687,9.117345409495,16
47.638230419915,7.361461580934,16
47.638238499267,7.374767719822,16
47.638245054213,7.388073862197,16
47.638250084753,7.401380007334,16
47.626874204978,9.064427642440,16
47.626687160361,9.077728321445,16
47.626498591339,9.091028910924,16
47.626308497911,9.104329410152,16
47.626116880077,9.117629818400,16
47.647223845790,7.361448505635,16
47.647231926458,7.374756898885,16
47.647238482471,7.388065295622,16
47.647243513831,7.401373695121,16
47.635865780868,9.064703125463,16
47.635678705781,9.078006058829,16
47.635490106040,9.091308902671,16
47.635299981645,9.104611656260,16
47.656217239560,7.361435426128,16
47.656225321544,7.374746074465,16
47.656231878625,7.388056726290,16
47.656236910804,7.401367380876,16
47.656240418080,7.414678037497,16
47.645042905308,9.051673419895,16
47.644857324654,9.064978697148,16
47.644670219097,9.078283885602,16
47.644481588637,9.091588984531,16
47.644291433274,9.104893993208,16
47.665210600992,7.361422342413,16
47.665218684292,7.374735246563,16
47.665225242441,7.388048154200,16
47.665230275440,7.401361064600,16
47.665233783287,7.414673977033,16
47.654034446979,9.051946824431,16
47.653848836102,9.065254357497,16
47.653661700074,9.078561801764,16
47.653473038896,9.091869156506,16
47.653282852566,9.105176420996,16
47.674212014469,7.374724415178,16
47.674218573686,7.388039579354,16
47.674223607504,7.401354746292,16
47.674227115923,7.414669915264,16
47.663025956078,9.052220316904,16
47.662840314979,9.065530106508,16
47.662653148481,9.078839807314,16
47.662464456583,9.092149418594,16
47.683205311842,7.374713580310,16
47.683211872127,7.388031001750,16
47.683216906764,7.401348425952,16
47.683220415754,7.414665852189,16
47.683222399096,7.427983279733,16
47.672201578046,9.039181762374,16
47.672017432373,9.052493897314,16
47.671831761052,9.065805944183,16
47.671644564083,9.079117902253,16
47.671455841467,9.092429770797,16
47.692205137530,7.388022421390,16
47.692210172987,7.401342103581,16
47.692213682547,7.414661787807,16
47.692215666212,7.427981473341,16
47.681193051277,9.039453172732,16
47.681008875630,9.052767565662,16
47.680823174087,9.066081870520,16
47.680635946647,9.079396086579,16
47.680447193312,9.092710213114,16
47.701198369661,7.388013838272,16
47.701203405938,7.401335779178,16
47.701206916070,7.414657722120,16
47.701208900057,7.427979666369,16
47.701209357901,7.441301611200,16
47.690184491237,9.039724670301,16
47.690000285616,9.053041321947,16
47.689814553850,9.066357885520,16
47.689627295941,9.079674360295,16
47.710191568289,7.388005252397,16
47.710196605384,7.401329452744,16
47.710200116088,7.414653655126,16
47.710202100398,7.427977858817,16
47.710202558316,7.441302063088,16
47.699358606894,9.026677256651,16
47.699175897692,9.039996255083,16
47.698991662097,9.053315166169,16
47.698805900109,9.066633989183,16
47.698618611729,9.079952723399,16
47.719189771093,7.401323124279,16
47.719193282368,7.414649586827,16
47.719195267001,7.427976050684,16
47.719195724993,7.441302515121,16
47.719194656345,7.454628979414,16
47.708350009337,9.026946668478,16
47.708167270409,9.040267927076,16
47.707983004841,9.053589098329,16
47.707797212631,9.066910181509,16
47.728182902831,7.401316793781,16
47.728186414677,7.414645517222,16
47.728188399633,7.427974241970,16
47.728188857700,7.441302967300,16
47.728187788877,7.454631692484,16
47.717522619573,9.013892560683,16
47.717341377809,9.027216166791,16
47.717158609156,9.040539686281,16
47.716974313613,9.053863118426,16
47.716788491181,9.067186462498,16
47.737179512781,7.414641446310,16
47.737181498060,7.427972432676,16
47.737181956202,7.441303419623,16
47.737180887205,7.454634406425,16
47.737178291071,7.467965392355,16
47.726513983317,9.014159883865,16
47.726332712076,9.027485751591,16
47.726149913698,9.040811532698,16
47.725965588181,9.054137226460,16
47.725779735527,9.067462832150,16
47.746174562050,7.427970622802,16
47.746175020266,7.441303872092,16
47.746173951096,7.454637121237,16
47.746171354539,7.467970369510,16
47.735685085956,9.001099076847,16
47.735505312624,9.014427292808,16
47.735324011906,9.027755422876,16
47.735141183802,9.041083466327,16
47.734956828312,9.054411422431,16
47.755167591369,7.427968812347,16
47.755168049659,7.441304324706,16
47.755166980315,7.454639836919,16
47.755164383336,7.467975348260,16
47.755160258724,7.481310858003,16
47.744676409821,9.001364308481,16
47.744496607260,9.014694787511,16
47.744315277065,9.028025180648,16
47.744132419235,9.041355487167,16
47.743948033771,9.054685706340,16
47.764161044147,7.441304777464,16
47.764159974630,7.454642553472,16
47.764157377229,7.467980328607,16
47.764153251946,7.481318102144,16
47.753846002688,8.988296797162,16
47.753667698781,9.001629625151,16
47.753487866991,9.014962367975,16
47.753306507319,9.028295024906,16
47.753123619763,9.041627595219,16
47.773154003498,7.441305230368,16
47.773152933807,7.454645270896,16
47.773150335984,7.467985310551,16
47.773146210030,7.481325348607,16
47.773140555945,7.494665384338,16
47.762837285491,8.988559934348,16
47.762658952603,9.001895026856,16
47.762479091585,9.015230034199,16
47.762297702435,9.028564955651,16
47.762114785154,9.041899790483,16
47.782145857612,7.454647989190,16
47.782143259368,7.467990294090,16
47.782139132743,7.481332597392,16
47.782133477740,7.494674898368,16
47.782126294357,7.508017196293,16
47.772005366412,8.975485713650,16
47.771828532923,8.988823155842,16
47.771650171055,9.002160513596,16
47.771470280807,9.015497786185,16
47.771288862180,9.028834972881,16
47.791138745814,7.454650708355,16
47.791136147147,7.467995279226,16
47.791132019852,7.481339848498,16
47.791126363930,7.494684415446,16
47.791119179380,7.508028979341,16
47.791110466202,7.521373539457,16
47.780996606971,8.975746753484,16
47.780819744750,8.989086461647,16
47.780641353901,9.002426085371,16
47.780461434425,9.015765623931,16
47.800128999088,7.468000265958,16
47.800124871123,7.481347101927,16
47.800119214282,7.494693935570,16
47.800112028565,7.508040766162,16
47.800103313971,7.521387592975,16
47.800093070502,7.534734415282,16
47.790163173770,8.962665818330,16
47.789987811693,8.976007876901,16
47.789810920739,8.989349851761,16
47.789632500910,9.002691742182,16
47.789452552205,9.016033547437,16
47.809117686323,7.481354357677,16
47.809112028563,7.494703458742,16
47.809104841679,7.508052556756,16
47.809096125670,7.521401650990,16
47.809085880537,7.534750740720,16
47.809074106279,7.548099825217,16
47.799328232341,8.949580348931,16
47.799154370904,8.962924757909,16
47.798978980343,8.976269083903,16
47.798802060658,8.989613326184,16
47.798623611848,9.002957484027,16
47.818104806539,7.494712984961,16
47.818097618488,7.508064351122,16
47.818088901064,7.521415713504,16
47.818078654267,7.534767071381,16
47.818066878097,7.548118424026,16
47.818053572555,7.561469770712,16
47.808491781706,8.936490343837,16
47.808319421406,8.949837103221,16
47.808145531734,8.963183780348,16
47.807970112689,8.976530374488,16
47.807793164272,8.989876884917,16
47.827090358760,7.508076149262,16
47.827081639920,7.521429780517,16
47.827071391459,7.534783407267,16
47.827059613377,7.548137028785,16
47.827046305675,7.561490644344,16
47.827031468351,7.574844253218,16
47.817482962221,8.936744911387,16
47.817310573934,8.950093939645,16
47.817136656026,8.963442885644,16
47.816961208498,8.976791748658,16
47.816784231348,8.990140527960,16
47.836074342005,7.521443852028,16
47.836064091880,7.534799748376,16
47.836052311887,7.548155639493,16
47.836039002023,7.561511524651,16
47.836024162291,7.574867403123,16
47.836007792689,7.588223274183,16
47.826644992369,8.923648180957,16
47.826474105964,8.936999560345,16
47.826301689691,8.950350858202,16
47.826127743547,8.963702073799,16
47.825952267535,8.977053206412,16
47.845056755297,7.534816094710,16
47.845044973391,7.548174256151,16
47.845031661367,7.561532411632,16
47.845016819226,7.574890560429,16
47.845000446967,7.588248701813,16
47.844982544590,7.601606835059,16
47.835805510873,8.910546910480,16
47.835636126847,8.923900640998,16
47.835465212704,8.937254290710,16
47.835292768443,8.950607858891,16
47.835118794064,8.963961344813,16
47.854037597658,7.548192878758,16
47.854024283474,7.561553305289,16
47.854009438924,7.574913725136,16
47.853993064007,7.588274137570,16
47.853975158725,7.601634541865,16
47.844964516754,8.897441098507,16
47.844796635604,8.910797180153,16
47.844627224087,8.924153181721,16
47.844456282205,8.937509102483,16
47.844283809957,8.950864941713,16
47.863016868109,7.561574205621,16
47.863002021150,7.574936897243,16
47.862985643577,7.588299581452,16
47.862967735389,7.601662257523,16
47.862948296587,7.615024924728,16
47.854122009034,8.884330743588,16
47.853955631256,8.897689176361,16
47.853787722863,8.911047529783,16
47.853618283857,8.924405803126,16
47.853447314235,8.937763995663,16
47.853274814000,8.951122106668,16
