46.067197615791,7.782404304567,16
46.067157479418,7.795327697919,16
46.067115861997,7.808251071215,16
46.067072763529,7.821174423728,16
46.067028184015,7.834097754731,16
46.066835055486,7.885790849119,16
46.066783070736,7.898714061677,16
46.066729604939,7.911637248364,16
46.076536795098,7.640279053635,16
46.076512946243,7.653204747323,16
46.076487616093,7.666130428948,16
46.076460804648,7.679056097783,16
46.076268828772,7.756609801528,16
46.076231648259,7.769535360491,16
46.076192986451,7.782460900852,16
46.076152843348,7.795386421884,16
46.076111218949,7.808311922859,16
46.076068113255,7.821237403052,16
46.076023526265,7.834162861736,16
46.075977457980,7.847088298184,16
46.075929908400,7.860013711668,16
46.075880877525,7.872939101464,16
46.075830365354,7.885864466844,16
46.075778371887,7.898789807081,16
46.075724897126,7.911715121448,16
46.075669941069,7.924640409220,16
46.075613503717,7.937565669669,16
46.075555585069,7.950490902068,16
46.075496185126,7.963416105692,16
46.085532232032,7.640312256760,16
46.085508379179,7.653240078853,16
46.085483044782,7.666167888884,16
46.085456228842,7.679095686125,16
46.085427931358,7.692023469850,16
46.085334149644,7.730806732662,16
46.085299925985,7.743734455057,16
46.085264220783,7.756662160302,16
46.085227034037,7.769589847671,16
46.085188365747,7.782517516437,16
46.085148215913,7.795445165874,16
46.085106584536,7.808372795255,16
46.085063471616,7.821300403853,16
46.085018877151,7.834227990943,16
46.084972801143,7.847155555796,16
46.084876204496,7.873010615887,16
46.084825683857,7.885938109672,16
46.084773681675,7.898865578314,16
46.084720197948,7.911793021087,16
46.084665232678,7.924720437264,16
46.084608785864,7.937647826119,16
46.084550857507,7.950575186924,16
46.084491447606,7.963502518953,16
46.084430556161,7.976429821479,16
46.084368183173,7.989357093776,16
46.094550052427,7.627415508644,16
46.094527677368,7.640345471204,16
46.094503820517,7.653275422428,16
46.094478481873,7.666205361589,16
46.094451661438,7.679135287961,16
46.094423359211,7.692065200817,16
46.094393575192,7.704995099431,16
46.094329561777,7.730854851023,16
46.094295332382,7.743784702548,16
46.094259621195,7.756714536924,16
46.094222428216,7.769644353424,16
46.094183753445,7.782574151322,16
46.094143596881,7.795503929890,16
46.094101958526,7.808433688402,16
46.094058838379,7.821363426131,16
46.094014236440,7.834293142351,16
46.093968152709,7.847222836335,16
46.093871539870,7.873082154689,16
46.093821010763,7.886011777605,16
46.093768999864,7.898941375378,16
46.093715507173,7.911870947282,16
46.093660532689,7.924800492590,16
46.093604076414,7.937730010575,16
46.093546138347,7.950659500512,16
46.093486718488,7.963588961672,16
46.093425816837,7.976518393329,16
46.093363433393,7.989447794757,16
46.093299568158,8.002377165229,16
46.093234221131,8.015306504018,16
46.103620204514,7.575718136056,16
46.103603753867,7.588650266550,16
46.103585821179,7.601582388615,16
46.103566406450,7.614514501524,16
46.103545509682,7.627446604549,16
46.103523130873,7.640378696966,16
46.103499270023,7.653310778047,16
46.103447102203,7.679174903293,16
46.103418795233,7.692106946006,16
46.103389006222,7.705038974476,16
46.103357735171,7.717970987976,16
46.103324982080,7.730902985781,16
46.103290746948,7.743834967163,16
46.103255029776,7.756766931395,16
46.103217830564,7.769698877752,16
46.103179149311,7.782630805506,16
46.102963512443,7.847290139802,16
46.102915938948,7.860221940680,16
46.102866883413,7.873153717869,16
46.102655840869,7.924880575197,16
46.102599375133,7.937812223039,16
46.102541427356,7.950743842831,16
46.102481997538,7.963675433848,16
46.102421085681,7.976606995362,16
46.102358691783,7.989538526646,16
46.102294815844,8.002470026975,16
46.102229457866,8.015401495621,16
46.102162617847,8.028332931857,16
46.102024491687,8.054195704196,16
46.112630653336,7.562806451448,16
46.112615682221,7.575740720227,16
46.112599228816,7.588674981303,16
46.112581293123,7.601609233950,16
46.112561875142,7.614543477440,16
46.112540974872,7.627477711048,16
46.112518592313,7.640411934047,16
46.112494727465,7.653346145710,16
46.112384445189,7.705082864467,16
46.112353168898,7.718017008550,16
46.112286169450,7.743885248901,16
46.111911298646,7.860291397657,16
46.111477284525,7.963761935481,16
46.111416362460,7.976695627577,16
46.111353958107,7.989629289444,16
46.111290071466,8.002562920355,16
46.111224702536,8.015496519583,16
46.111157851317,8.028430086402,16
46.111089517809,8.041363620084,16
46.111019702013,8.054297119904,16
46.110948403928,8.067230585135,16
46.110875623555,8.080164015050,16
46.121639632339,7.549890504939,16
46.121626141253,7.562826912002,16
46.121611167629,7.575763312088,16
46.121594711468,7.588699704472,16
46.121576772771,7.601636088426,16
46.121557351536,7.614572463224,16
46.121536447764,7.627508828140,16
46.121514061455,7.640445182447,16
46.121490192610,7.653381525417,16
46.121281599654,7.743935547762,16
46.120349232135,7.989720083151,16
46.120285334790,8.002655845369,16
46.120219954908,8.015591575905,16
46.120153092489,8.028527274031,16
46.120084747534,8.041462939022,16
46.120014920041,8.054398570149,16
46.119943610011,8.067334166688,16
46.119870817445,8.080269727910,16
46.119796542341,8.093205253090,16
46.119720784700,8.106140741500,16
46.119643544523,8.119076192415,16
46.130657668322,7.524031744212,16
46.130647140546,7.536970295080,16
46.130635129985,7.549908840425,16
46.130621636638,7.562847379521,16
46.130606660506,7.575785911640,16
46.130590201589,7.588724436057,16
46.130572259887,7.601662952045,16
46.130531928125,7.627539955825,16
46.130509538067,7.640478442165,16
46.129280605583,8.002748802018,16
46.129215214749,8.015686664587,16
46.129148341131,8.028624494746,16
46.129079984727,8.041562291770,16
46.129010145538,8.054500054931,16
46.128938823563,8.067437783502,16
46.128866018803,8.080375476758,16
46.128791731258,8.093313133971,16
46.128715960928,8.106250754414,16
46.128638707812,8.119188337362,16
46.128559971911,8.132125882087,16
46.128479753224,8.145063387863,16
46.139662223483,7.511105131998,16
46.139653176977,7.524045820420,16
46.139642647438,7.536986504047,16
46.139630634866,7.549927182150,16
46.139617139259,7.562867854005,16
46.139602160619,7.575808518883,16
46.139585698945,7.588749176059,16
46.138210481826,8.015781785628,16
46.137934044351,8.067541435579,16
46.137861227398,8.080481261593,16
46.137786927411,8.093421051565,16
46.137711144391,8.106360804767,16
46.137633878337,8.119300520474,16
46.137555129249,8.132240197957,16
46.137474897128,8.145179836492,16
46.148665305393,7.498174253534,16
46.148657740655,7.511117079510,16
46.148648692635,7.524059901417,16
46.148638161333,7.537002718528,16
46.148626146749,7.549945530116,16
46.148612648882,7.562888335454,16
46.148597667734,7.575831133817,16
46.146782130566,8.093529005872,16
46.146706334856,8.106470892559,16
46.146629055864,8.119412741750,16
46.146550293590,8.132354552718,16
46.146470048033,8.145296324736,16
46.146388319195,8.158238057079,16
46.146305107075,8.171179749019,16
46.157674627433,7.459349173193,16
46.157671512020,7.472294141227,16
46.157666913076,7.485239107371,16
46.157660830601,7.498184070900,16
46.157653264597,7.511129031086,16
46.157644215062,7.524073987202,16
46.157633681996,7.537018938523,16
46.157621665401,7.549963884321,16
46.157608165275,7.562908823869,16
46.155624240160,8.119525001190,16
46.155545464699,8.132468946368,16
46.155465205708,8.145412852596,16
46.155383463187,8.158356719149,16
46.155300237135,8.171300545299,16
46.166671942021,7.433458380389,16
46.166671793643,7.446405484957,16
46.166670161487,7.459352589089,16
46.166667045551,7.472299692059,16
46.166662445837,7.485246793139,16
46.166656362345,7.498193891603,16
46.166648795074,7.511140986724,16
46.166639744024,7.524088077776,16
46.166629209195,7.537035164032,16
46.164378613714,8.158475421560,16
46.164295373730,8.171421382645,16
46.175659023720,7.394609810088,16
46.175663327399,7.407559047265,16
46.175666147050,7.420508286186,16
46.175667482674,7.433457526125,16
46.175667334271,7.446406766354,16
46.175665701842,7.459356006147,16
46.175662585385,7.472305244777,16
46.175657984901,7.485254481518,16
46.175651900391,7.498203715643,16
46.175644331853,7.511152946426,16
46.184648780353,7.381651175281,16
46.184654569027,7.394602546374,16
46.184658873425,7.407553919938,16
46.184661693548,7.420505295245,16
46.184663029396,7.433456671570,16
46.184662880969,7.446408048186,16
46.184661248266,7.459359424365,16
46.184658131288,7.472310799382,16
46.184653530034,7.485262172510,16
46.193637056361,7.368688266980,16
46.193644330527,7.381641771988,16
46.193650120169,7.394595280193,16
46.193654425288,7.407548790869,16
46.193657245883,7.420502303288,16
46.193658581954,7.433455816725,16
46.193658433502,7.446409330453,16
46.193656800526,7.459362843745,16
46.191196054096,8.184736470198,16
46.191109803271,8.197688757458,16
46.191022067922,8.210641002135,16
46.190932848050,8.223593203502,16
46.202632610920,7.368676722657,16
46.202639886303,7.381632365502,16
46.202645676913,7.394588011545,16
46.202649982752,7.407543660058,16
46.202652803819,7.420499310316,16
46.200191200320,8.184859609648,16
46.200104935067,8.197814034745,16
46.200017185042,8.210768417260,16
46.199927950245,8.223722756465,16
46.211619409228,7.355707396931,16
46.211628170848,7.368665174415,16
46.211635447447,7.381622955824,16
46.211641239027,7.394580740430,16
46.211645545586,7.407538527506,16
46.209186351914,8.184982790889,16
46.209100072232,8.197939354550,16
46.209012307531,8.210895875628,16
46.208923057809,8.223852353396,16
46.208832323066,8.236808787129,16
46.220604724472,7.342733793360,16
46.220614972826,7.355693705483,16
46.220623735911,7.368653622256,16
46.220631013728,7.381613542953,16
46.220636806276,7.394573466848,16
46.218181508643,8.185106013923,16
46.218095214533,8.198064716872,16
46.218007435155,8.211023377239,16
46.217918170508,8.223981994296,16
46.217827420593,8.236940567318,16
46.229600291260,7.342717957254,16
46.229610541327,7.355680009391,16
46.229619305877,7.368642066179,16
46.229626584910,7.381604126890,16
46.229632378427,7.394566190799,16
46.227002567682,8.211150922093,16
46.226913288110,8.224111679165,16
46.226822523021,8.237072392200,16
46.226730272416,8.250033060474,16
46.238584125169,7.329737928279,16
46.238595862715,7.342702115779,16
46.238606114496,7.355666308656,16
46.238614880512,7.368630506183,16
46.238622160762,7.381594707635,16
46.235908410381,8.224241408002,16
46.235817630119,8.237204261778,16
46.235725364091,8.250167070791,16
46.235631612299,8.263129834314,16
46.235241747475,8.314980418982,16
46.247579699099,7.329719939969,16
46.247591438607,7.342686268934,16
46.247601692101,7.355652603277,16
46.247610459582,7.368618942270,16
46.244903537087,8.224371180808,16
46.244812741652,8.237336176049,16
46.244720460203,8.250301126527,16
46.244626692741,8.263266031516,16
46.244531439265,8.276230890289,16
46.244434699775,8.289195702120,16
46.244336474272,8.302160466281,16
46.244236762755,8.315125182046,16
46.256562049499,7.316733480513,16
46.256575277231,7.329701945565,16
46.256587018701,7.342670416721,16
46.256597273909,7.355638893254,16
46.256606042854,7.368607374438,16
46.253331510416,8.302303136202,16
46.253231782236,8.315269994158,16
46.253130567794,8.328236802991,16
46.253027867089,8.341203561975,16
46.252923680123,8.354170270383,16
46.252602201653,8.393070084884,16
46.265542912937,7.303742735959,16
46.265557629390,7.316713337097,16
46.265570859332,7.329683945066,16
46.265582602763,7.342654559138,16
46.265592859685,7.355625178588,16
46.262226805686,8.315414855317,16
46.262125574332,8.328383807067,16
46.262022856468,8.341352708967,16
46.261918652094,8.354321560292,16
46.261812961209,8.367290360314,16
46.261705783814,8.380259108306,16
46.261597119909,8.393227803543,16
46.261486969493,8.406196445297,16
46.274538494105,7.303720442081,16
46.274553213016,7.316693186861,16
46.274566445168,7.329665938472,16
46.274578190562,7.342638696187,16
46.274588449196,7.355611459279,16
46.271221832872,8.315559765523,16
46.271120584606,8.328530860915,16
46.271017849583,8.341501906458,16
46.270913627800,8.354472901425,16
46.270807919259,8.367443845089,16
46.270700723959,8.380414736724,16
46.270592041900,8.393385575602,16
46.270481873083,8.406356360998,16
46.270370217507,8.419327092185,16
46.270257075173,8.432297768436,16
46.283517870399,7.290723259067,16
46.283534078775,7.303698140658,16
46.283548800144,7.316673029805,16
46.283562034507,7.329647925784,16
46.283573781862,7.342622827866,16
46.280115598383,8.328677964537,16
46.280012846199,8.341651154448,16
46.279802880811,8.367597381814,16
46.279695667606,8.380570417816,16
46.279586967394,8.393543401063,16
46.279476780176,8.406516330826,16
46.279365105950,8.419489206381,16
46.279251944717,8.432462026999,16
46.279137296477,8.445434791955,16
46.292513455631,7.290698805004,16
46.292529666714,7.303675831688,16
46.292544390542,7.316652865929,16
46.292557627114,7.329629907001,16
46.288690614522,8.380726151584,16
46.288581896157,8.393701279924,16
46.288471690537,8.406676354781,16
46.288359997661,8.419651375428,16
46.288246817530,8.432626341140,16
46.288132150144,8.445601251189,16
46.301509043898,7.290674342670,16
46.301525257688,7.303653515173,16
46.301539983975,7.316632695232,16
46.301553222757,7.329611882123,16
46.297466603934,8.406836432862,16
46.297354892408,8.419813599328,16
46.297241693379,8.432790710858,16
46.297127006847,8.445767766726,16
46.310486930719,7.277668561302,16
46.310504634968,7.290649872065,16
46.310520851465,7.303631191112,16
46.310535580210,7.316612517716,16
46.306349789958,8.419975878080,16
46.306236572030,8.432955136154,16
46.306121866351,8.445934338566,16
46.319482521403,7.277641935156,16
46.319500228607,7.290625393188,16
46.319516447810,7.303608859505,16
46.319531179014,7.316592333379,16
46.315344690076,8.420138211683,16
46.315231453250,8.433119617028,16
46.315116728425,8.446100966710,16
46.315000515599,8.459082260002,16
46.328458916014,7.264629702995,16
46.328478114422,7.277615300012,16
46.328495824581,7.290600906040,16
46.328512046491,7.303586520352,16
46.324339592529,8.420300600139,16
46.324226336806,8.433284153479,16
46.324111592834,8.446267651156,16
46.323995360613,8.459251092444,16
46.323877640143,8.472234476616,16
46.323758431425,8.485217802946,16
46.337454507932,7.264600910133,16
46.337473709543,7.277588655872,16
46.337491422657,7.290576410621,16
46.337507647275,7.303564173654,16
46.333221222464,8.433448745507,16
46.333106459345,8.446434391906,16
46.332990207729,8.459419981915,16
46.332872467617,8.472405514808,16
46.332753239007,8.485390989858,16
46.346429408158,7.251582222102,16
46.346450101718,7.264572107550,16
46.346469306533,7.277562002734,16
46.346487022603,7.290551906930,16
46.346503249927,7.303541819410,16
46.342101327725,8.446601188958,16
46.341985056715,8.459588928414,16
46.341867296959,8.472576610754,16
46.341748048457,8.485564235251,16
46.341627311211,8.498551801178,16
46.355402814123,7.238559234468,16
46.355425000128,7.251551259624,16
46.355445697140,7.264543295243,16
46.355464905159,7.277535340600,16
46.351096197741,8.446768042314,16
46.350979907335,8.459757931942,16
46.350862127936,8.472747764454,16
46.350742859544,8.485737539123,16
46.350622102157,8.498727255222,16
46.364398403795,7.238526110644,16
46.364420593501,7.251520286697,16
46.364441293965,7.264514473214,16
46.364460505187,7.277508669469,16
46.359974759358,8.459926992499,16
46.359856960316,8.472918975908,16
46.359737672032,8.485910901475,16
46.359616894506,8.498902768472,16
46.359494627738,8.511894576173,16
46.373370311740,7.225496659160,16
46.373393994637,7.238492975646,16
46.373416188043,7.251489303323,16
46.373436891958,7.264485641463,16
46.373456106383,7.277481989341,16
46.368851793865,8.473090245116,16
46.368732485689,8.486084322306,16
46.368611688023,8.499078340927,16
46.368489400867,8.512072300252,16
46.382365899569,7.225461360640,16
46.382389586413,7.238459829475,16
46.382411783520,7.251458309500,16
46.382432490887,7.264456799990,16
46.377846628349,8.473261572079,16
46.377727300282,8.486257801618,16
46.377606482476,8.499253972587,16
46.377484174932,8.512250084261,16
46.377360377649,8.525246135911,16
46.391361488099,7.225426050221,16
46.391385178893,7.238426672130,16
46.391407379699,7.251427305230,16
46.391428090518,7.264427948794,16
46.386722115577,8.486431339409,16
46.386601277632,8.499429663453,16
46.386478949699,8.512427928201,16
46.386355131779,8.525426132926,16
46.400331892122,7.212387964111,16
46.400357077099,7.225390727903,16
46.400380771840,7.238393503612,16
46.400402976347,7.251396290512,16
46.395716931341,8.486604935680,16
46.395596073256,8.499605413524,16
46.395473724935,8.512605832071,16
46.395349886379,8.525606190596,16
46.409327477160,7.212350475369,16
46.409352666334,7.225355393686,16
46.409376365024,7.238360323920,16
46.409398573231,7.251365265345,16
46.404590869115,8.499781222800,16
46.404468500406,8.512783795873,16
46.404344641214,8.525786308923,16
46.404219291537,8.538788761225,16
46.418296378097,7.199305913077,16
46.418323062200,7.212312974001,16
46.418348255571,7.225320047569,16
46.418371958210,7.238327133055,16
46.418394170117,7.251334229731,16
46.413585664977,8.499957091282,16
46.413463275880,8.512961819606,16
46.413339396051,8.525966487907,16
46.413214025490,8.538971095459,16
46.427291958461,7.199266243109,16
46.427318647009,7.212275460009,16
46.427343844577,7.225284689554,16
46.427367551164,7.238293931016,16
46.422580460608,8.500133018969,16
46.422458051123,8.513139903269,16
46.422334150657,8.526146727547,16
46.422208759211,8.539153491076,16
46.422081876785,8.552160193128,16
46.436287538361,7.199226559790,16
46.436314231354,7.212237933392,16
46.436339433119,7.225249319639,16
46.436363143655,7.238260717803,16
46.431452825901,8.513318046864,16
46.431328904799,8.526327027844,16
46.431203492468,8.539335948074,16
46.431076588908,8.552344806829,16
46.445254928648,7.186173345461,16
46.445283117563,7.199186863121,16
46.445309815001,7.212200394151,16
46.445335020963,7.225213937825,16
46.440447599981,8.513496250389,16
46.440323658243,8.526507388797,16
46.440198225027,8.539518466455,16
46.440071300334,8.552529482637,16
46.454250502225,7.186131477288,16
46.454278695834,7.199147153101,16
46.454305397717,7.212162842285,16
46.454330607875,7.225178544113,16
46.449318410755,8.526687810406,16
46.449192956655,8.539701046218,16
46.449066010829,8.552714220553,16
46.448937573278,8.565727332686,16
46.463216384362,7.173071774446,16
46.463246074638,7.186089595040,16
46.463274272940,7.199107429732,16
46.463300979269,7.212125277794,16
46.458313162104,8.526868292672,16
46.458187687118,8.539883687362,16
46.458060720159,8.552899020576,16
46.457932261227,8.565914291588,16
46.472211950435,7.173027718517,16
46.472241645653,7.186047698716,16
46.472269848649,7.199067693012,16
46.472296559423,7.212087700679,16
46.467307912054,8.527048835594,16
46.467182416184,8.540066389889,16
46.467055428092,8.553083882707,16
46.466926947778,8.566101313323,16
46.466796975242,8.579118681010,16
46.481207514877,7.172983647788,16
46.481237215037,7.186005788316,16
46.481265422726,7.199027942942,16
46.481292137945,7.212050110939,16
46.476177143619,8.540249153797,16
46.476050134393,8.553268806946,16
46.475921632698,8.566288397892,16
46.475791638532,8.579307925908,16
46.490171879635,7.159915275497,16
46.490203077455,7.172939562257,16
46.490232782556,7.185963863841,16
46.490260994939,7.198988179522,16
46.485171869189,8.540431979088,16
46.485044838830,8.553453793292,16
46.484916315753,8.566475545293,16
46.484786299957,8.579497234365,16
46.499167434925,7.159869013383,16
46.499198637935,7.172895461924,16
46.499228347978,7.185921925289,16
46.499256565055,7.198948402752,16
46.494039541170,8.553638841746,16
46.493910996711,8.566662755528,16
46.493780959285,8.579686606381,16
46.493649428893,8.592710393578,16
46.508130286467,7.146794140246,16
46.508162987883,7.159822735743,16
46.508194196084,7.172851346790,16
46.508223911069,7.185879972662,16
46.503034241178,8.553823952307,16
46.502905675338,8.566850028596,16
46.502775616282,8.579876041955,16
46.502644064011,8.592901991659,16
46.517125831423,7.146745683847,16
46.517158538277,7.159776442576,16
46.517189751668,7.172807216855,16
46.517219471595,7.185838005959,16
46.511900351400,8.567037364496,16
46.511770270715,8.580065541088,16
46.511638696565,8.593093654024,16
46.511505628953,8.606121702577,16
46.526087167576,7.133664304786,16
46.526121373581,7.146697211195,16
46.526154085874,7.159730133882,16
46.526185304455,7.172763072119,16
46.526215029323,7.185796025180,16
46.520895024664,8.567224763230,16
46.520764922349,8.580255103780,16
46.520633326322,8.593285380673,16
46.520500236583,8.606315593184,16
46.535082701016,7.133613651198,16
46.535116912708,7.146648722291,16
46.535149630439,7.159683809661,16
46.535180854210,7.172718912581,16
46.529889694898,8.567412224797,16
46.529759570953,8.580444730030,16
46.529627953047,8.593477171607,16
46.529494841181,8.606509548801,16
46.529360235355,8.619541860885,16
46.544078231192,7.133562980633,16
46.544112448570,7.146600217134,16
46.544145171740,7.159637469913,16
46.544176400701,7.172674738242,16
46.544206135454,7.185712021396,16
46.538754216292,8.580634419839,16
46.538622576508,8.593669026824,16
46.538489442516,8.606703569427,16
46.538354814315,8.619738046920,16
46.553107980935,7.146551695725,16
46.553140709543,7.159591114638,16
46.553171943694,7.172630549102,16
46.553201683389,7.185669998389,16
46.547748858133,8.580824173207,16
46.547617196471,8.593860946326,16
46.547484040352,8.606897655063,16
46.547349389777,8.619934298691,16
46.562069280816,7.133461588568,16
46.562103509568,7.146503158064,16
46.562136243615,7.159544743836,16
46.562167482957,7.172586345160,16
46.562197227593,7.185627961308,16
46.556611812703,8.594052930112,16
46.556478634458,8.607091805709,16
46.556343961507,8.620130616197,16
46.556207793851,8.633169360849,16
46.571064799798,7.133410867069,16
46.571099034237,7.146454604150,16
46.571131773723,7.159498357508,16
46.571163018254,7.172542126417,16
46.565606424971,8.594244978183,16
46.565473224599,8.607286021365,16
46.565338529274,8.620326999438,16
46.565202338995,8.633367911675,16
46.580060314583,7.133360128591,16
46.580094554709,7.146406033983,16
46.580127299632,7.159451955653,16
46.580158549354,7.172497892873,16
46.574601033040,8.594437090537,16
46.574467810542,8.607480302031,16
46.574333092842,8.620523448415,16
46.574196879940,8.633566528963,16
46.574059171836,8.646609542948,16
46.589020083673,7.120261315711,16
46.589055824936,7.133309373136,16
46.589090070749,7.146357447564,16
46.589122821111,7.159405538270,16
46.583462392054,8.607674647706,16
46.583327651979,8.620719963127,16
46.583191416454,8.633765212711,16
46.583053685478,8.646810395733,16
46.598015583427,7.120208373516,16
46.598051330625,7.133258600702,16
46.598085582124,7.146308844893,16
46.598118337925,7.159359105361,16
46.592456968902,8.607869058391,16
46.592322206452,8.620916543574,16
46.592185948304,8.633963962921,16
46.592048194456,8.647011315705,16
46.606973829202,7.107103033673,16
46.607011078283,7.120155413617,16
46.607046831416,7.133207811291,16
46.607081088602,7.146260225969,16
46.607113849842,7.159312656925,16
46.601451540852,8.608063534086,16
46.601316756027,8.621113189757,16
46.601180475255,8.634162779591,16
46.601042698537,8.647212302863,16
46.615969312744,7.107047884857,16
46.616006568007,7.120102436014,16
46.616042327076,7.133157004902,16
46.616076589949,7.146211590793,16
46.610446107671,8.608258074791,16
46.610311300471,8.621309901675,16
46.610174997076,8.634361662722,16
46.610037197486,8.647413357207,16
46.624964790921,7.106992717612,16
46.625002052368,7.120049440708,16
46.625037817371,7.133106181534,16
46.625072085931,7.146162939364,16
46.619440669125,8.608452680505,16
46.619305839551,8.621506679328,16
46.619169513533,8.634560612314,16
46.619031691071,8.647614478738,16
46.633960263500,7.106937531938,16
46.633997531130,7.119996427698,16
46.634033302069,7.133055341189,16
46.634067576316,7.146114271683,16
46.628435224982,8.608647351230,16
46.628300373032,8.621703522716,16
46.628164024391,8.634759628367,16
46.628026179058,8.647815667455,16
46.642916959493,7.093821277142,16
46.642955730248,7.106882327835,16
46.642993004062,7.119943396985,16
46.643028780936,7.133004483865,16
46.643063060869,7.146065587750,16
46.637429775007,8.608842086964,16
46.637294900683,8.621900431840,16
46.637158529419,8.634958710881,16
46.637020661214,8.648016923359,16
46.651951190931,7.106827105302,16
46.651988470929,7.119890348568,16
46.652024253738,7.132953609564,16
46.652058539358,7.146016887564,16
46.646557718478,8.595976303606,16
46.646424318968,8.609036887708,16
46.646289422269,8.622097406700,16
46.646153028382,8.635157859856,16
46.660946645317,7.106771864341,16
46.660983931498,7.119837282447,16
46.661019720242,7.132902718285,16
46.661054011550,7.145968171126,16
46.655552278268,8.596168994519,16
46.655418856631,8.609231753461,16
46.655283937558,8.622294447294,16
46.655147521047,8.635357075291,16
46.669942093172,7.106716604951,16
46.669979385536,7.119784198624,16
46.670015180216,7.132851810027,16
46.670049477210,7.145919438435,16
46.664546831527,8.596361749716,16
46.664413387763,8.609426684225,16
46.664278446315,8.622491553624,16
46.664142007181,8.635556357188,16
46.678937534262,7.106661327131,16
46.678974832810,7.119731097096,16
46.679010633425,7.132800884792,16
46.679044936106,7.145870689491,16
46.679077740853,7.158940510468,16
46.673541378021,8.596554569197,16
46.673407912131,8.609621679998,16
46.673272948308,8.622688725689,16
46.673136486551,8.635755705545,16
46.687970273086,7.119677977865,16
46.688006079636,7.132749942578,16
46.688040388003,7.145821924296,16
46.688073198189,7.158893922290,16
46.682535917517,8.596747452962,16
46.682402429501,8.609816740781,16
46.682267443303,8.622885963490,16
46.682130958923,8.635955120363,16
46.696965706131,7.119624840930,16
46.697001518616,7.132698983387,16
46.697035832670,7.145773142848,16
46.697068648295,7.158847318585,16
46.691662461495,8.583868871067,16
46.691530449783,8.596940401011,16
46.691396939640,8.610011866573,16
46.691261931067,8.623083267026,16
46.705996950131,7.132648007218,16
46.706031269873,7.145724345147,16
46.706064090935,7.158800699354,16
46.706095413320,7.171877069111,16
46.700657008174,8.584059704932,16
46.700524974583,8.597133413345,16
46.700391442314,8.610207057376,16
46.700256411366,8.623280636297,16
46.714992373949,7.132597014070,16
46.715026699377,7.145675531194,16
46.715059525879,7.158754064595,16
46.715090853453,7.171832613547,16
46.709651547155,8.584250602355,16
46.709519491687,8.597326489963,16
46.709385937291,8.610402313188,16
46.709250883968,8.623478071304,16
46.723987789836,7.132546003945,16
46.724022120951,7.145626700988,16
46.724054952890,7.158707414309,16
46.724086285655,7.171788143181,16
46.718514000858,8.597519630865,16
46.718380424336,8.610597634010,16
46.718245348639,8.623675572046,16
46.718108773766,8.636753444245,16
46.733017534360,7.145577854530,16
46.733050371738,7.158660748497,16
46.733081709693,7.171743658014,16
46.733111548224,7.184826582355,16
46.727508501866,8.597712836052,16
46.727374903217,8.610793019842,16
46.727239805145,8.623873138523,16
46.727103207649,8.636953191368,16
46.742012939371,7.145528991820,16
46.742045782188,7.158614067157,16
46.742077125333,7.171699158045,16
46.742106968805,7.184784263757,16
46.736502994476,8.597906105522,16
46.736369373701,8.610988470684,16
46.736234253253,8.624070770736,16
46.736097633134,8.637153004952,16
46.751008335751,7.145480112857,16
46.751041184006,7.158567370291,16
46.751072532341,7.171654643276,16
46.751102380756,7.184741931084,16
46.751130729250,7.197829232990,16
46.745497478454,8.598099439277,16
46.745363835553,8.611183986535,16
46.745228692731,8.624268468684,16
46.745092049988,8.637352884996,16
46.760003723267,7.145431217642,16
46.760036576961,7.158520657898,16
46.760067930486,7.171610113705,16
46.760097783842,7.184699584335,16
46.754624118428,8.585206042853,16
46.754491953569,8.598292837316,16
46.754358288540,8.611379567396,16
46.754223123344,8.624466232367,16
46.754086457978,8.637552831502,16
46.768999101685,7.145382306174,16
46.769031960817,7.158473929978,16
46.769063319532,7.171565569332,16
46.769093177831,7.184657223511,16
46.763618606323,8.585397321629,16
46.763486419585,8.598486299639,16
46.763352732430,8.611575213267,16
46.763217544859,8.624664061785,16
46.778027335342,7.158427186531,16
46.778058699248,7.171521010158,16
46.778088562488,7.184614848610,16
46.778116925063,7.197708701159,16
46.772873000122,8.559406149155,16
46.772743792837,8.572497438024,16
46.772613084886,8.585588663963,16
46.772480876270,8.598679826247,16
46.772347166989,8.611770924148,16
46.772211957043,8.624861956939,16
46.787022700303,7.158380427557,16
46.787054069399,7.171476436183,16
46.787083937581,7.184572459634,16
46.787112304849,7.197668497181,16
46.781867512132,8.559593185050,16
46.781738283466,8.572686658918,16
46.781607553885,8.585780069856,16
46.781475323391,8.598873417139,16
46.781341591983,8.611966700038,16
46.796018055466,7.158333653056,16
46.796049429752,7.171431847407,16
46.796079302876,7.184530056582,16
46.796107674838,7.197628279854,16
46.790989763231,8.546684561258,16
46.790862014345,8.559780283053,16
46.790732764297,8.572875942645,16
46.790602013086,8.585971539308,16
46.790469760714,8.599067072314,16
46.805013400598,7.158286863029,16
46.805044780074,7.171387243829,16
46.805074658140,7.184487639454,16
46.805103034795,7.197588049176,16
46.805129910040,7.210688472268,16
46.799856506526,8.559967443164,16
46.799727235097,8.573065289205,16
46.799596462257,8.586163072318,16
46.814040120132,7.171342625450,16
46.814070003139,7.184445208250,16
46.814098384488,7.197547805148,16
46.814125264178,7.210650415416,16
46.809105069090,8.533954413065,16
46.808978779596,8.547054569962,16
46.808850988443,8.560154665382,16
46.808721695632,8.573254698599,16
46.808590901162,8.586354668887,16
46.823035449692,7.171297992270,16
46.823065337641,7.184402762971,16
46.823093723683,7.197507547769,16
46.823120607819,7.210612345938,16
46.817973272148,8.547239666386,16
46.817845459863,8.560341949707,16
46.817716145670,8.573444170826,16
46.817585329570,8.586546329015,16
46.832060661412,7.184360303616,16
46.832089052147,7.197467277041,16
46.832115940728,7.210574263836,16
46.832141327153,7.223681263276,16
46.826967753970,8.547424824193,16
46.826839920551,8.560529296140,16
46.826710584976,8.573633705885,16
46.826579747247,8.586738052701,16
46.841055974218,7.184317830185,16
46.841084369647,7.197426992962,16
46.841111262673,7.210536169109,16
46.841136653295,7.223645357901,16
46.835962224826,8.547610043381,16
46.835834370274,8.560716704681,16
46.835705013319,8.573823303778,16
46.835574153959,8.586929839946,16
46.850051275826,7.184275342678,16
46.850079675949,7.197386695533,16
46.850106573420,7.210498061758,16
46.850131968239,7.223609440627,16
46.850155860405,7.236720831414,16
46.845083057519,8.534686411099,16
46.844956684485,8.547795323952,16
46.844828808800,8.560904175329,16
46.844699430463,8.574012964504,16
46.844568549474,8.587121690749,16
46.859074970820,7.197346384753,16
46.859101872736,7.210459941782,16
46.859127271751,7.223573511455,16
46.859151167867,7.236687093044,16
46.854202417649,8.521758397842,16
46.854077526631,8.534869562248,16
46.853951132713,8.547980665905,16
46.853823235895,8.561091708085,16
46.853693836176,8.574202688063,16
46.853562933557,8.587313605112,16
46.868070254026,7.197306060624,16
46.868097160387,7.210421809181,16
46.868122563600,7.223537570383,16
46.868146463664,7.236653343501,16
46.863196895734,8.521939418119,16
46.863071984080,8.535052774054,16
46.862945569277,8.548166069239,16
46.862817651325,8.561279302948,16
46.877092436141,7.210383663956,16
46.877117843550,7.223501617412,16
46.877141747563,7.236619582785,16
46.877164148178,7.249737559348,16
46.872191361921,8.522120498327,16
46.872066429630,8.535236046516,16
46.871939993943,8.548351533956,16
46.871812054858,8.561466959919,16
46.886087699764,7.210345506106,16
46.886113111370,7.223465652541,16
46.886137019331,7.236585810894,16
46.886159423646,7.249705980438,16
46.881185815977,8.522301638466,16
46.881060863050,8.535419379635,16
46.880934406477,8.548537060054,16
46.880806446259,8.561654678998,16
46.895082951022,7.210307335631,16
46.895108366825,7.223429675772,16
46.895132278734,7.236552027830,16
46.895154686750,7.249674391080,16
46.895175590872,7.262796764793,16
46.890303727339,8.509362843638,16
46.890180257669,8.522482838535,16
46.890055284105,8.535602773410,16
46.889928806648,8.548722647535,16
46.889800825297,8.561842460184,16
46.904103609682,7.223393687104,16
46.904127525540,7.236518233593,16
46.904149937256,7.249642791273,16
46.904170844830,7.262767359417,16
46.899298176821,8.509541909208,16
46.899174686762,8.522664098536,16
46.899049692562,8.535786227841,16
46.898923194220,8.548908296398,16
46.913098839708,7.223357686536,16
46.913122759515,7.236484428182,16
46.913145174931,7.249611181019,16
46.913166085956,7.262737944319,16
46.908292613471,8.509721033983,16
46.908169103025,8.522845418468,16
46.908044088188,8.535969742930,16
46.907917568961,8.549094006642,16
46.922117980425,7.236450611598,16
46.922140399541,7.249579560316,16
46.922161314018,7.262708519499,16
46.922180723857,7.275837488419,16
46.917409063254,8.496773578301,16
46.917287037058,8.509900217963,16
46.917163506223,8.523026798330,16
46.917038470750,8.536153318674,16
46.931113188037,7.236416783840,16
46.931135610853,7.249547929166,16
46.931156528783,7.262679084956,16
46.931175941825,7.275810250484,16
46.926403493682,8.496950624878,16
46.926281447346,8.510079461149,16
46.926157896124,8.523208238123,16
46.926032840014,8.536336955075,16
46.940130808635,7.249516287568,16
46.940151730016,7.262649640691,16
46.940171146262,7.275783003552,16
46.940189057372,7.288916375424,16
46.935518471919,8.483996637763,16
46.935397910579,8.497127729936,16
46.935275844104,8.510258763540,16
46.935152272493,8.523389737847,16
46.949125992652,7.249484635521,16
46.949146917485,7.262620186703,16
46.949166336934,7.275755747623,16
46.949184251000,7.288891317554,16
46.944631970792,8.471038255168,16
46.944512894944,8.484171603242,16
46.944392313712,8.497304893474,16
46.944270227097,8.510438125136,16
46.944146635098,8.523571297502,16
46.958121162671,7.249452973027,16
46.958142090956,7.262590722993,16
46.958161513609,7.275728482697,16
46.958179430630,7.288866251412,16
46.958195842018,7.302004028411,16
46.953626399462,8.471211079616,16
46.953507303970,8.484346626475,16
46.953386702847,8.497482115491,16
46.953264596092,8.510617545938,16
46.953140983705,8.523752917088,16
46.967137250196,7.262561249561,16
46.967156676052,7.275701208775,16
46.967174596028,7.288841176999,16
46.967191010124,7.301981153508,16
46.962738423154,8.458246157609,16
46.962620813900,8.471383961093,16
46.962501698766,8.484521707462,16
46.962381077751,8.497659395988,16
46.962258950856,8.510797025945,16
46.976132394972,7.262531766406,16
46.976151824031,7.275673925855,16
46.976169746962,7.288816094315,16
46.976186163765,7.301958271059,16
46.971732842523,8.458416895879,16
46.971615213874,8.471556899599,16
46.971496079097,8.484696846203,16
46.971375438191,8.497836734965,16
46.985146957313,7.275646633939,16
46.985164883199,7.288791003360,16
46.985181302708,7.301935381065,16
46.985196215840,7.315079766327,16
46.980843388861,8.445445429383,16
46.980727247195,8.458587690453,16
46.980609599151,8.471729895134,16
46.980490444730,8.484872042699,16
46.994142075663,7.275619333026,16
46.994160004504,7.288765904133,16
46.994176426720,7.301912483525,16
46.994191342311,7.315059070474,16
46.994204751277,7.328205664253,16
46.994216653617,7.341352264137,16
46.989837797748,8.445614078573,16
46.989721636935,8.458758541330,16
46.989603969496,8.471902947697,16
46.989484795432,8.485047296949,16
47.003137178848,7.275592023115,16
47.003155110645,7.288740796635,16
47.003171535568,7.301889578439,16
47.003186453617,7.315038367800,16
47.003199864793,7.328187163992,16
47.003211769095,7.341335966287,16
47.003222166523,7.354484773960,16
47.003231057078,7.367633586284,16
46.998946864556,8.432636062509,16
46.998832191470,8.445782783340,16
46.998716011510,8.458929448509,16
46.998598324677,8.472076057289,16
46.998479130970,8.485222608953,16
47.012150201388,7.288715680866,16
47.012166629018,7.301866665807,16
47.012181549526,7.315017658306,16
47.012194962911,7.328168657635,16
47.012206869175,7.341319663069,16
47.012217268317,7.354470673879,16
47.012226160337,7.367621689341,16
47.012233545235,7.380772708726,16
47.012239423010,7.393923731309,16
47.008166124381,8.406504607696,16
47.008054446641,8.419653640811,16
47.007941261779,8.432802619716,16
47.007826569794,8.445951543686,16
47.007710370688,8.459100411992,16
47.007592664460,8.472249223910,16
47.021176629803,7.314996941992,16
47.021190045399,7.328150145184,16
47.021201953625,7.341303354481,16
47.021212354480,7.354456569155,16
47.021221247965,7.367609788479,16
47.021228634079,7.380763011728,16
47.021234512824,7.393916238174,16
47.021238884198,7.407069467090,16
47.021241748201,7.420222697751,16
47.017379413196,8.380364178352,16
47.017270731795,8.393515521569,16
47.017160543024,8.406666812029,16
47.017048846882,8.419818049007,16
47.016935643370,8.432969231776,16
47.016820932488,8.446120359609,16
47.016704714235,8.459271431778,16
47.016586988612,8.472422447559,16
47.030197022209,7.341287040524,16
47.030207424778,7.354442459787,16
47.030216319728,7.367597883700,16
47.030223707060,7.380753311537,16
47.030229586773,7.393908742572,16
47.030233958867,7.407064176077,16
47.030236823342,7.420219611327,16
47.026690904238,8.341061074223,16
47.026586727788,8.354214775937,16
47.026481043720,8.367368427074,16
47.026373852033,8.380522026909,16
47.026265152727,8.393675574714,16
47.026154945802,8.406829069763,16
47.026043231259,8.419982511330,16
47.025930009097,8.433135898688,16
47.025815279317,8.446289231109,16
47.025699041917,8.459442507868,16
47.039218763942,7.380743608154,16
47.039224644624,7.393901244503,16
47.039229017438,7.407058883323,16
47.039231882385,7.420216523887,16
47.039233239466,7.433374165468,16
47.035889242820,8.314900395910,16
47.035788064944,8.328056401909,16
47.035685379201,8.341212358786,16
47.035581185592,8.354368265814,16
47.035475484115,8.367524122266,16
47.035368274771,8.380679927415,16
47.035259557561,8.393835680535,16
47.035149332483,8.406991380898,16
47.035037599538,8.420147027779,16
47.034924358726,8.433302620451,16
47.048219686144,7.393893743968,16
47.048224059678,7.407053588827,16
47.048226925097,7.420213435431,16
47.048228282401,7.433373283052,16
47.048228131590,7.446533130963,16
47.045081599758,8.288730749626,16
47.044983421450,8.301889057731,16
47.044883735026,8.315047318166,16
47.044782540487,8.328205530206,16
47.044679837833,8.341363693123,16
47.044575627064,8.354521806190,16
47.044469908179,8.367679868682,16
47.044362681179,8.380837879871,16
47.044253946063,8.393995839031,16
47.044143702832,8.407153745434,16
47.057214711099,7.393886240965,16
47.057219085354,7.407048292590,16
47.057221951245,7.420210345959,16
47.057223308772,7.433372400346,16
47.057223157936,7.446534455023,16
47.057221498736,7.459696509264,16
47.054361641224,8.249391483313,16
47.054267971840,8.262552136831,16
47.054172794093,8.275712744860,16
47.054076107982,8.288873306673,16
47.053977913507,8.302033821544,16
47.053878210669,8.315194288745,16
47.053776999467,8.328354707550,16
47.053674279901,8.341515077232,16
47.053570051971,8.354675397065,16
47.053464315678,8.367835666322,16
47.066214094232,7.407042994612,16
47.066216960595,7.420207255472,16
47.066218318345,7.433371517349,16
47.066218167484,7.446535779517,16
47.066216508011,7.459700041249,16
47.066213339926,7.472864301819,16
47.066208663229,7.486028560499,16
47.063539023433,8.223201609179,16
47.063448355852,8.236364558987,16
47.063356179659,8.249527464759,16
47.063262494854,8.262690325768,16
47.063167301437,8.275853141288,16
47.063070599407,8.289015910592,16
47.062972388766,8.302178632953,16
47.062872669513,8.315341307646,16
47.062771441648,8.328503933942,16
47.062668705171,8.341666511115,16
47.075211952913,7.420204163969,16
47.075213310887,7.433370634063,16
47.075213160001,7.446537104447,16
47.075211500255,7.459703574396,16
47.075208331648,7.472870043182,16
47.075203654181,7.486036510078,16
47.075197467854,7.499202974359,16
47.072710413367,8.197002773635,16
47.072622748581,8.210168017551,16
47.072533574935,8.223333218885,16
47.072442892429,8.236498376910,16
47.072350701063,8.249663490898,16
47.072257000836,8.262828560124,16
47.072161791749,8.275993583861,16
47.072065073802,8.289158561382,16
47.071966846994,8.302323491960,16
47.084208286165,7.433369750486,16
47.084208135254,7.446538429812,16
47.084206475235,7.459707108703,16
47.084203306107,7.472875786431,16
47.084198627870,7.486044462270,16
47.084192440524,7.499213135493,16
47.084184744070,7.512381805373,16
47.084175538507,7.525550471183,16
47.081704976709,8.197130008700,16
47.081617297495,8.210297461559,16
47.081528109173,8.223464871835,16
47.081437411742,8.236632238802,16
47.081345205203,8.249799561732,16
47.081251489555,8.262966839901,16
47.081156264798,8.276134072579,16
47.093201432717,7.459710644171,16
47.093198263067,7.472881531567,16
47.093193584060,7.486052417074,16
47.093187395697,7.499223299964,16
47.093179697976,7.512394179512,16
47.093170490898,7.525565054990,16
47.093159774463,7.538735925672,16
47.093147548672,7.551906790832,16
47.090785706838,8.184087581176,16
47.090699522553,8.197257285558,16
47.090611828912,8.210426948084,16
47.090522625913,8.223596568028,16
47.090431913557,8.236766144662,16
47.090339691845,8.249935677261,16
47.102193202296,7.472887278590,16
47.102188522520,7.486060374489,16
47.102182333138,7.499233467773,16
47.102174634151,7.512406557714,16
47.102165425558,7.525579643585,16
47.102154707360,7.538752724661,16
47.102142479557,7.551925800214,16
47.102128742149,7.565098869517,16
47.099948117245,8.157868737219,16
47.099864937991,8.171040733527,16
47.099780249131,8.184212689432,16
47.099694050667,8.197384604208,16
47.099606342597,8.210556477127,16
47.099517124922,8.223728307464,16
47.111177252615,7.499243638919,16
47.111169552361,7.512418939979,16
47.111160342254,7.525594236969,16
47.111149622293,7.538769529164,16
47.111137392478,7.551944815835,16
47.111123652810,7.565120096258,16
47.111108403288,7.578295369704,16
47.111091643912,7.591470635448,16
47.109183188877,8.118466606876,16
47.109104525501,8.131640931151,16
47.109024352271,8.144815217202,16
47.108942669188,8.157989464305,16
47.108859476251,8.171163671731,16
47.108774773460,8.184337838755,16
47.108688560816,8.197511964649,16
47.108600838318,8.210686048687,16
47.120164452374,7.512431326307,16
47.120155240751,7.525608835142,16
47.120144519027,7.538786339180,16
47.120132287201,7.551963837697,16
47.120118545273,7.565141329963,16
47.120103293243,7.578318815254,16
47.120086531110,7.591496292842,16
47.120068258876,7.604673762001,16
47.120048476540,7.617851222003,16
47.118404730513,8.079050907618,16
47.118330584505,8.092227554045,16
47.118254928395,8.105404164429,16
47.118177762182,8.118580738044,16
47.118099085868,8.131757274162,16
47.118018899452,8.144933772059,16
47.117937202934,8.158110231005,16
47.117853996314,8.171286650276,16
47.117769279591,8.184463029144,16
47.117683052767,8.197639366883,16
47.129139397331,7.538803154712,16
47.129127163493,7.551982865798,16
47.129113419305,7.565162570634,16
47.129098164767,7.578342268495,16
47.129081399878,7.591521958653,16
47.129063124639,7.604701640381,16
47.129043339049,7.617881312954,16
47.129022043110,7.631060975644,16
47.128999236820,7.644240627724,16
47.128974920179,7.657420268469,16
47.127612735214,8.039621652536,16
47.127543108063,8.052800615300,16
47.127471970563,8.065979544202,16
47.127399322712,8.079158438515,16
47.127325164510,8.092337297512,16
47.127249495959,8.105516120465,16
47.127172317057,8.118694906650,16
47.127093627804,8.131873655339,16
47.127013428201,8.145052365805,16
47.126931718248,8.158231037321,16
47.126848497945,8.171409669162,16
47.126763767291,8.184588260600,16
47.138108274673,7.565183818270,16
47.138093017626,7.578365729426,16
47.138076249981,7.591547632880,16
47.138057971737,7.604729527904,16
47.138038182895,7.617911413772,16
47.138016883453,7.631093289757,16
47.137994073413,7.644275155133,16
47.137969752775,7.657457009173,16
47.137943921538,7.670638851151,16
47.136742089239,8.013360128007,16
47.136675471837,8.026541369612,16
47.136607343837,8.039722578808,16
47.136537705239,8.052903754868,16
47.136466556042,8.066084897065,16
47.136393896246,8.079266004674,16
47.136319725851,8.092447076966,16
47.136244044858,8.105628113215,16
47.136166853266,8.118809112695,16
47.136088151076,8.131990074679,16
47.136007938286,8.145170998440,16
47.135926214899,8.158351883252,16
47.147071081186,7.591573315523,16
47.147052799937,7.604757424569,16
47.147033007842,7.617941524458,16
47.147011704899,7.631125614464,16
47.146988891109,7.644309693861,16
47.146964566473,7.657493761922,16
47.146938730989,7.670677817920,16
47.146911384658,7.683861861129,16
47.146882527481,7.697045890822,16
47.146786890865,7.736597891539,16
47.146751990300,7.749781859901,16
47.146715578887,7.762965811114,16
47.146677656627,7.776149744451,16
47.146638223521,7.789333659186,16
47.146597279567,7.802517554591,16
47.146418395282,7.855252928384,16
47.146369897093,7.868436716243,16
47.146319888058,7.881620480412,16
47.146047180174,7.947538920484,16
47.145988106057,7.960722527257,16
47.145927521092,7.973906105254,16
47.145865425280,7.987089653748,16
47.145801818621,8.000273172013,16
47.145736701116,8.013456659322,16
47.145670072763,8.026640114949,16
47.145601933563,8.039823538166,16
47.145532283517,8.053006928247,16
47.145461122623,8.066190284465,16
47.145388450882,8.079373606094,16
47.145314268295,8.092556892407,16
47.145238574860,8.105740142678,16
47.145161370578,8.118923356179,16
47.156027813658,7.617971645011,16
47.156006507214,7.631157949764,16
47.155983689674,7.644344243907,16
47.155959361039,7.657530526715,16
47.155933521309,7.670716797460,16
47.155906170484,7.683903055415,16
47.155877308563,7.697089299855,16
47.155846935546,7.710275530052,16
47.155815051435,7.723461745280,16
47.155781656228,7.736647944811,16
47.155746749926,7.749834127920,16
47.155710332528,7.763020293880,16
47.155672404035,7.776206441963,16
47.155632964447,7.789392571444,16
47.155592013764,7.802578681596,16
47.155549551985,7.815764771691,16
47.155505579111,7.828950841004,16
47.155460095141,7.842136888808,16
47.155413100076,7.855322914376,16
47.155364593916,7.868508916980,16
47.155314576661,7.881694895896,16
47.155263048310,7.894880850396,16
47.155210008863,7.908066779753,16
47.155155458322,7.921252683240,16
47.155099396685,7.934438560132,16
47.155041823953,7.947624409701,16
47.154982740125,7.960810231220,16
47.154922145202,7.973996023964,16
47.154860039184,7.987181787205,16
47.154796422071,8.000367520216,16
47.154731293862,8.013553222272,16
47.154664654558,8.026738892645,16
47.154596504158,8.039924530609,16
47.154526842663,8.053110135436,16
47.154455670073,8.066295706401,16
47.154382986388,8.079481242777,16
47.164954136241,7.657567303552,16
47.164928292265,7.670755789769,16
47.164900936944,7.683944263197,16
47.164872070280,7.697132723108,16
47.164841692273,7.710321168777,16
47.164809802921,7.723509599477,16
47.164776402226,7.736698014481,16
47.164741490188,7.749886413062,16
47.164705066805,7.763074794494,16
47.164667132079,7.776263158049,16
47.164627686009,7.789451503002,16
47.164586728596,7.802639828626,16
47.164544259839,7.815828134194,16
47.164500279738,7.829016418979,16
47.164454788294,7.842204682255,16
47.164407785506,7.855392923294,16
47.164359271374,7.868581141371,16
47.164309245899,7.881769335759,16
47.164257709080,7.894957505731,16
47.164204660917,7.908145650560,16
47.164150101411,7.921333769519,16
47.164094030561,7.934521861883,16
47.164036448367,7.947709926924,16
47.163977354830,7.960897963916,16
47.163916749949,7.974085972132,16
47.163854633724,7.987273950845,16
47.163791006156,8.000461899328,16
47.163725867244,8.013649816856,16
47.163659216988,8.026837702701,16
47.163591055388,8.040025556137,16
47.173923043623,7.670794794848,16
47.173895683807,7.683985484473,16
47.173866812400,7.697176160583,16
47.173836429401,7.710366822449,16
47.173804534810,7.723557469347,16
47.173771128627,7.736748100548,16
47.173736210851,7.749938715327,16
47.173699781484,7.763129312956,16
47.173661840525,7.776319892710,16
47.173622387974,7.789510453860,16
47.173581423831,7.802700995682,16
47.173538948095,7.815891517447,16
47.173494960768,7.829082018430,16
47.173449461849,7.842272497903,16
47.173402451338,7.855462955140,16
47.173353929235,7.868653389415,16
47.173303895539,7.881843800001,16
47.173252350252,7.895034186170,16
47.173199293373,7.908224547197,16
47.173144724902,7.921414882354,16
47.173088644839,7.934605190915,16
47.173031053183,7.947795472154,16
47.172971949936,7.960985725344,16
47.172911335097,7.974175949757,16
47.172849208666,7.987366144668,16
47.172785570643,8.000556309349,16
47.172653759820,8.026936545117,16
47.182861534689,7.697219612278,16
47.182831146698,7.710412491068,16
47.182576099234,7.802762182763,16
47.182533616521,7.815954921451,16
47.182489621967,7.829147639357,16
47.182444115573,7.842340335754,16
47.182246971594,7.895110891713,16
47.182193905998,7.908303469663,16
47.182139328562,7.921496021744,16
47.182083239285,7.934688547229,16
47.182025638169,7.947881045391,16
47.181843763777,7.987458368674,16
