45.814275026552,6.360602838613,17
45.814397826829,6.373465540067,17
45.814519152913,6.386328301690,17
45.814639004804,6.399191122754,17
45.814757382502,6.412054002533,17
45.814874286007,6.424916940299,17
45.814989715319,6.437779935327,17
45.815103670438,6.450642986890,17
45.819440598824,7.389749382931,17
45.819445463661,7.402614601559,17
45.819448854305,7.415479822222,17
45.819450770756,7.428345044192,17
45.823144987277,6.347561468946,17
45.823269282681,6.360426217161,17
45.823392103645,6.373291026270,17
45.823513450166,6.386155895547,17
45.823633322247,6.399020824266,17
45.823751719886,6.411885811699,17
45.823868643083,6.424750857120,17
45.823984091840,6.437615959803,17
45.828435725113,7.389741373844,17
45.828440590770,7.402608700126,17
45.828443981985,7.415476028443,17
45.828445898759,7.428343358069,17
45.828446341091,7.441210688275,17
45.828445308982,7.454078018336,17
45.828442802432,7.466945347526,17
45.832013446519,6.334515883340,17
45.832139237547,6.347382678313,17
45.832263553886,6.360249534908,17
45.832386395535,6.373116452397,17
45.832507762495,6.385983430054,17
45.832627654765,6.398850467153,17
45.837430866478,7.389733361999,17
45.837435732954,7.402602796662,17
45.837439124740,7.415472233359,17
45.837441041837,7.428341671365,17
45.837441484244,7.441211109951,17
45.837440451961,7.454080548392,17
45.837437944988,7.466949985962,17
45.837433963326,7.479819421932,17
45.837421575933,7.505558286171,17
45.841007690448,6.334334922074,17
45.841133502659,6.347203826153,17
45.841257839933,6.360072791853,17
45.841380702268,6.372941818448,17
45.841502089666,6.385810905211,17
45.846434282338,7.415468436969,17
45.846436199757,7.428339984080,17
45.846436642238,7.441211531772,17
45.846435609782,7.454083079319,17
45.846433102387,7.466954625994,17
45.846429120055,7.479826171071,17
45.846423662784,7.492697713822,17
45.846416730575,7.505569253521,17
45.849874640406,6.321282946992,17
45.850001948986,6.334153898555,17
45.850127782381,6.347024912465,17
45.850252140589,6.359895987996,17
45.850375023610,6.372767124423,17
45.855430782212,7.454085611117,17
45.855428274395,7.466959267623,17
45.855424291392,7.479832922530,17
45.855418833202,7.492706575113,17
45.855411899827,7.505580224643,17
45.855403491265,7.518453870394,17
45.855393607516,7.531327511641,17
45.858740086442,6.308226751620,17
45.858868891889,6.321099750664,17
45.858996221900,6.333972812783,17
45.859122076477,6.346845937250,17
45.859246455620,6.359719123338,17
45.864419477105,7.479839676312,17
45.864414017996,7.492715439451,17
45.864407083453,7.505591199538,17
45.864398673476,7.518466955846,17
45.864388788064,7.531342707649,17
45.867604027579,6.295166334506,17
45.867734330388,6.308041381031,17
45.867863157514,6.320916491358,17
45.867990508957,6.333791664759,17
45.868116384716,6.346666900508,17
45.868240784793,6.359542197879,17
45.873414676960,7.479846432416,17
45.873409216933,7.492724306837,17
45.873402281222,7.505602178206,17
45.873393869829,7.518480045797,17
45.873383982753,7.531357908882,17
45.873372619994,7.544235766736,17
45.876598263505,6.294978788205,17
45.876728588242,6.307855946738,17
45.876857437047,6.320733169073,17
45.876984809922,6.333610454482,17
45.877110706864,6.346487802239,17
45.882397492900,7.505613160647,17
45.882389080092,7.518493140246,17
45.882379191352,7.531373115339,17
45.882367826680,7.544253085200,17
45.885592513107,6.294791177475,17
45.885722859772,6.307670448742,17
45.885851730257,6.320549783810,17
45.885979124562,6.333429181953,17
45.891392718254,7.505624146861,17
45.891384304030,7.518506239193,17
45.891374413626,7.531388327020,17
45.891363047042,7.544270409614,17
45.894454931131,6.281722182118,17
45.894586776152,6.294603502316,17
45.894717144744,6.307484887042,17
45.894846036909,6.320366335569,17
45.900379541410,7.518519342639,17
45.900369649342,7.531403543925,17
45.900358280847,7.544287739978,17
45.903315841335,6.268648959218,17
45.903449185208,6.281532328345,17
45.903581052405,6.294415762728,17
45.903711442925,6.307299261638,17
45.903840356769,6.320182824349,17
45.909374791999,7.518532450583,17
45.909364898267,7.531418766053,17
45.909353527860,7.544305076292,17
45.912175242742,6.255571507323,17
45.912310085964,6.268456925380,17
45.912443452261,6.281342409417,17
45.912575341634,6.294227958710,17
45.912705754082,6.307113572530,17
45.912834689605,6.319999250152,17
45.918370055563,7.518545563026,17
45.918360160168,7.531433993406,17
45.918348787848,7.544322418555,17
45.918335938604,7.557210837744,17
45.918321612434,7.570099250248,17
45.918305809340,7.582987655341,17
45.921169477439,6.255377291969,17
45.921304343334,6.268264825661,17
45.921437732056,6.281152425335,17
45.921569643605,6.294040090262,17
45.921700077981,6.306927819718,17
45.927344060579,7.544339766767,17
45.927331209174,7.557230301592,17
45.927316880596,7.570120829732,17
45.927301074845,7.583011350460,17
45.930163724645,6.255183010009,17
45.930298613213,6.268072660062,17
45.930432024359,6.280962376097,17
45.930563958085,6.293852157386,17
45.936339345819,7.544357120929,17
45.936326492253,7.557249772116,17
45.936312161266,7.570142416617,17
45.936296352858,7.583035053706,17
45.936279067028,7.595927682656,17
45.939021595217,6.242096961011,17
45.939157984127,6.254988661443,17
45.939292895368,6.267880428583,17
45.939426328939,6.280772261704,17
45.945321787608,7.557269249314,17
45.945307454212,7.570164010902,17
45.945291643147,7.583058765078,17
45.945274354412,7.595953511115,17
45.945255588007,7.608848248287,17
45.948015843820,6.241900428026,17
45.948152255651,6.254794246271,17
45.948287189565,6.267688131223,17
45.948420645560,6.280582082157,17
45.954317095005,7.557288733187,17
45.954302759200,7.570185612588,17
45.954286945478,7.583082484576,17
45.954269653837,7.595979348426,17
45.954250884278,7.608876203410,17
45.954230636802,7.621773048802,17
45.957010104232,6.241703827710,17
45.957146538984,6.254599764492,17
45.957281495571,6.267495767983,17
45.963282259617,7.583106212200,17
45.963264965071,7.596005194588,17
45.963246192359,7.608904168110,17
45.965866440131,6.228609171452,17
45.966004376219,6.241507160063,17
45.966140833893,6.254405216108,17
45.966275813152,6.267303338862,17
45.972277585333,7.583129947951,17
45.972260287881,7.596031049602,17
45.972241512015,7.608932142388,17
45.972221257734,7.621833225581,17
45.972199525039,7.634734298456,17
45.972176313928,7.647635360286,17
45.974721262370,6.215510276045,17
45.974860700291,6.228410316483,17
45.974998659549,6.241310425083,17
45.975135140144,6.254210601118,17
45.975270142076,6.267110843861,17
45.981255622033,7.596056913468,17
45.981236843013,7.608960126242,17
45.981216585330,7.621863329425,17
45.981194848984,7.634766522289,17
45.981171633975,7.647669704108,17
45.983715510221,6.215309232305,17
45.983854971560,6.228211393458,17
45.983992953987,6.241113622773,17
45.984129457504,6.254015919522,17
45.990232185121,7.608988119674,17
45.990211924035,7.621893443572,17
45.990190184039,7.634798757150,17
45.990166965131,7.647704059683,17
45.990142267311,7.660609350445,17
45.992568805032,6.202203906077,17
45.992709768948,6.215108119782,17
45.992849253705,6.228012402376,17
45.992987259302,6.240916753130,17
45.993123785739,6.253821171320,17
45.999207273616,7.621923568021,17
45.999185529969,7.634831003040,17
45.999162307162,7.647738427013,17
45.999137605196,7.660645839215,17
46.001563050735,6.202000602606,17
46.001704038317,6.214906938477,17
46.001843546491,6.227813343236,17
46.001981575258,6.240719816156,17
46.002118124616,6.253626356511,17
46.008202633839,7.621953702774,17
46.008180886541,7.634863259958,17
46.008157659835,7.647772806097,17
46.008132953722,7.660682340464,17
46.010557306846,6.201797229627,17
46.010698318095,6.214705688389,17
46.010837849687,6.227614216039,17
46.010975901623,6.240522811851,17
46.017198004470,7.621983847829,17
46.017176253522,7.634895527905,17
46.017153022918,7.647807196935,17
46.017128312657,7.660718854193,17
46.017074453167,7.686542130487,17
46.019409058314,6.188683274375,17
46.019551573134,6.201593787140,17
46.019692608048,6.214504369519,17
46.019832163058,6.227415020786,17
46.019970238164,6.240325740214,17
46.026171630679,7.634927806880,17
46.026148396176,7.647841599527,17
46.026123681768,7.660755380402,17
46.026097487455,7.673669148778,17
46.026069813238,7.686582903929,17
46.028403310629,6.188477638038,17
46.028545849363,6.201390275144,17
46.028686907944,6.214302981866,17
46.028826486372,6.227215757475,17
46.035188776027,7.622044168848,17
46.035143779376,7.647876013872,17
46.035119060821,7.660791919090,17
46.035092862113,7.673707811808,17
46.035036024238,7.699539556843,17
46.037253529603,6.175357239633,17
46.037397572653,6.188271931466,17
46.037540135301,6.201186693640,17
46.037681217549,6.214101525430,17
46.037820819394,6.227016426107,17
46.044139172285,7.647910439972,17
46.044114449583,7.660828470257,17
46.044088246479,7.673746488044,17
46.044060562974,7.686664492605,17
46.044031399068,7.699582483214,17
46.046247776940,6.175149337034,17
46.046391844153,6.188066154661,17
46.046534430715,6.200983042629,17
46.046675536629,6.213900000211,17
46.053083640321,7.673785177485,17
46.053055952172,7.686705307839,17
46.053026783374,7.699625424242,17
46.055096461245,6.162022490398,17
46.055242033519,6.174941363476,17
46.055386124894,6.187860307621,17
46.055528735372,6.200779322108,17
46.055669864951,6.213698406210,17
46.062051350613,7.686746137004,17
46.062022176922,7.699668379926,17
46.064090702422,6.161812318636,17
46.064236299106,6.174733318958,17
46.064380414645,6.187654390348,17
46.064523049037,6.200575532080,17
46.071074455498,7.673862595981,17
46.071046758062,7.686786980100,17
46.071017579479,7.699711350266,17
46.073084952374,6.161602075189,17
46.073230573470,6.174525203481,17
46.073374713171,6.187448402842,17
46.073517371477,6.200371672543,17
46.080012990812,7.699754335262,17
46.079982325942,7.712680818720,17
46.079950179678,7.725607286772,17
46.082079210868,6.161391760057,17
46.082224856375,6.174317017045,17
46.082369020239,6.187242345101,17
46.088977740676,7.712725947068,17
46.088945589023,7.725654543816,17
46.090926325862,6.148254058626,17
46.091073477671,6.161181373240,17
46.091219147590,6.174108759650,17
46.091363335616,6.187036217127,17
46.091506041752,6.199963744945,17
46.097973163719,7.712771090798,17
46.099920576081,6.148041469977,17
46.100067752550,6.160970914739,17
46.100213446879,6.173900431295,17
46.100357659069,6.186830018919,17
46.106968594838,7.712816249909,17
46.108914834143,6.147828808919,17
46.109062035271,6.160760384552,17
46.109207754012,6.173692031980,17
46.109351990364,6.186623750477,17
46.115964033799,7.712861424403,17
46.117909099813,6.147616075449,17
46.118056325601,6.160549782681,17
46.118202068753,6.173483561707,17
46.118346329268,6.186417411801,17
46.124959480369,7.712906614278,17
46.124927307161,7.725843733064,17
46.124893651316,7.738780835718,17
46.126903372859,6.147403269569,17
46.127050623307,6.160339109124,17
46.127196390869,6.173275020474,17
46.127340675547,6.186211002892,17
46.133954934315,7.712951819535,17
46.133922755717,7.725891070645,17
46.133889094235,7.738830305622,17
46.133853949869,7.751769523741,17
46.133817322617,7.764708724275,17
46.135897653047,6.147190391279,17
46.136044928154,6.160128363883,17
46.136190720128,6.173066408282,17
46.136335028969,6.186004523749,17
46.142950395402,7.712997040174,17
46.142918211416,7.725938424333,17
46.142884544297,7.738879792359,17
46.142849394045,7.751821143527,17
46.142812760660,7.764762477110,17
46.144743156997,6.134037406721,17
46.144891940144,6.146977440579,17
46.145039239911,6.159917546957,17
46.145185056296,6.172857725130,17
46.145329389299,6.185797974372,17
46.151880001267,7.738929295929,17
46.151844845130,7.751872780871,17
46.151808205611,7.764816248229,17
46.153737425861,6.133822249110,17
46.153886233917,6.146764417468,17
46.154033558343,6.159706658346,17
46.154179399139,6.172648971019,17
46.160875464914,7.738978816331,17
46.160840302890,7.751924435774,17
46.160803657238,7.764870037631,17
46.160765527955,7.777815621177,17
46.162731701168,6.133607018363,17
46.162880534132,6.146551321946,17
46.163027883217,6.159495698050,17
46.163173748424,6.172440145949,17
46.169870935002,7.739028353567,17
46.169835767093,7.751976108235,17
46.169799115307,7.764923845318,17
46.169760979642,7.777871564089,17
46.171575640687,6.120445348194,17
46.171725982684,6.133391714480,17
46.171874840555,6.146338154014,17
46.172022214300,6.159284666070,17
46.172168103919,6.172231249920,17
46.178866411299,7.739077907635,17
46.178831237505,7.752027798255,17
46.178794579585,7.764977671289,17
46.178756437538,7.777927526011,17
46.180569903022,6.120227834498,17
46.180720270176,6.133176337461,17
46.180869152955,6.146124913672,17
46.181016551359,6.159073562404,17
46.187826713892,7.752079505833,17
46.187790049838,7.765031515544,17
46.187751901409,7.777983506943,17
46.187712268605,7.790935479303,17
46.189564171099,6.120010246940,17
46.189714563409,6.132960887305,17
46.189863471096,6.145911600919,17
46.190010894160,6.158862387053,17
46.196822196022,7.752131230969,17
46.196785525834,7.765085378083,17
46.196747371023,7.778039506884,17
46.196707731588,7.790993616647,17
46.198406542348,6.106839881002,17
46.198558444686,6.119792585521,17
46.198708862152,6.132745364014,17
46.198857794746,6.145698215755,17
46.205781007338,7.765139258905,17
46.205742846145,7.778095525835,17
46.205703200080,7.791051773725,17
46.205662069144,7.804008001850,17
46.207400795806,6.106620006868,17
46.207552723548,6.119574850240,17
46.207703166170,6.132529767587,17
46.207852123672,6.145484758182,17
46.214776494118,7.765193158012,17
46.214738326543,7.778151563795,17
46.214698673848,7.791109950539,17
46.216395054305,6.106400058147,17
46.216547007452,6.119357041098,17
46.216697475230,6.132314098024,17
46.216846457641,6.145271228197,17
46.223771985941,7.765247075403,17
46.223733811983,7.778207620765,17
46.223694152657,7.791168147088,17
46.223653007964,7.804128653645,17
46.225235853447,6.093220986285,17
46.225389317614,6.106180034839,17
46.225541296165,6.119139158094,17
46.225691789099,6.132098355325,17
46.232767482572,7.765301011078,17
46.232729302232,7.778263696744,17
46.232689636276,7.791226363372,17
46.232648484703,7.804189010234,17
46.234230095678,6.092998747359,17
46.234383585498,6.105959936943,17
46.234535589453,6.118921201229,17
46.234686107544,6.131882539489,17
46.241762983779,7.765354965037,17
46.241724797057,7.778319791733,17
46.241685124470,7.791284599391,17
46.241643966019,7.804249387283,17
46.243224342251,6.092776433121,17
46.243377857724,6.105739764461,17
46.243529887084,6.118703170502,17
46.243680430331,6.131666650518,17
46.250720296223,7.778375905731,17
46.250680617006,7.791342855145,17
46.250639451676,7.804309784793,17
46.250596800233,7.817276693949,17
46.252218592934,6.092554043570,17
46.252372134059,6.105519517391,17
46.252524188824,6.118485065914,17
46.252674757227,6.131450688411,17
46.259715799499,7.778432038739,17
46.259676113651,7.791401130634,17
46.259634941443,7.804370202763,17
46.259592282872,7.817339254400,17
46.261212847492,6.092331578707,17
46.261366414270,6.105299195735,17
46.261518494439,6.118266887464,17
46.261669087998,6.131234653168,17
46.268711306650,7.778488190757,17
46.268671614172,7.791459425858,17
46.268630435084,7.804430641194,17
46.268587769387,7.817401836038,17
46.270207105692,6.092109038530,17
46.270360698123,6.105078799491,17
46.270512803697,6.118048635152,17
46.270663422412,6.131018544789,17
46.277667118335,7.791517740818,17
46.277625932369,7.804491100086,17
46.277583259544,7.817464438862,17
46.277539099861,7.830437756420,17
46.279046262110,6.078914592851,17
46.279201367301,6.091886423041,17
46.279354985385,6.104858328660,17
46.279507116363,6.117830308979,17
46.279657760235,6.130802363273,17
46.286662625907,7.791576075512,17
46.286621433062,7.804551579439,17
46.286578753110,7.817527062873,17
46.286534586052,7.830502525088,17
46.288040500994,6.078689756666,17
46.288195632085,6.091663732240,17
46.288349275822,6.104637783242,17
46.288501432205,6.117611908945,17
46.295658136655,7.791634429942,17
46.295616936930,7.804612079252,17
46.295574249851,7.817589708069,17
46.295530075418,7.830567315668,17
46.297034742819,6.078464844443,17
46.297189899812,6.091440966126,17
46.297343569202,6.104417163236,17
46.297495750989,6.117393435048,17
46.297646445173,6.130369780835,17
46.304693369344,7.778712988923,17
46.304653650344,7.791692804107,17
46.304612443741,7.804672599525,17
46.304569749535,7.817652374452,17
46.304525567726,7.830632128160,17
46.306184170248,6.091218124699,17
46.306337865291,6.104196468644,17
46.306490072482,6.117174887291,17
46.306640791822,6.130153379912,17
46.313688892373,7.778769235988,17
46.313649166743,7.791751198007,17
46.313607953261,7.804733140260,17
46.313565251927,7.817715062021,17
46.315178443159,6.090995207959,17
46.315332163855,6.103975699465,17
46.315484396451,6.116956265671,17
46.315635140947,6.129936905853,17
46.322644685617,7.791809611642,17
46.322603465256,7.804793701455,17
46.322560756796,7.817777770776,17
46.322516560235,7.830761818879,17
46.324172718313,6.090772215907,17
46.324326464661,6.103754855698,17
46.324478722661,6.116737570190,17
46.324629492314,6.129720358657,17
46.324778773618,6.142703220372,17
46.331679945625,7.778881787148,17
46.331640206733,7.791868045012,17
46.331598979493,7.804854283111,17
46.331556263906,7.817840500718,17
46.331512059970,7.830826697106,17
46.333166995475,6.090549148542,17
46.333320767476,6.103533937344,17
46.333473050881,6.116518800848,17
46.333623845690,6.129503738326,17
46.340675475380,7.778938091242,17
46.340635729858,7.791926498117,17
46.340594495740,7.804914885227,17
46.340551773025,7.817903251846,17
46.342161274413,6.090326005865,17
46.342315072067,6.103312944404,17
46.342467380876,6.116299957644,17
46.342618200841,6.129287044859,17
46.349671006912,7.778994414345,17
46.349631254759,7.791984970958,17
46.349590013762,7.804975507804,17
46.349547283920,7.817966024159,17
46.351155554893,6.090102787875,17
46.351309378200,6.103091876876,17
46.351461712414,6.116081040579,17
46.351612557535,6.129070278256,17
46.358704809675,7.766058030345,17
46.358666539985,7.779050756458,17
46.358626781202,7.792043463533,17
46.358585533326,7.805036150842,17
46.360149836682,6.089879494572,17
46.360303685642,6.102870734761,17
46.360456045260,6.115862049651,17
46.360606915537,6.128853438517,17
46.367700350440,7.766112240280,17
46.367662074367,7.779107117581,17
46.367622308954,7.792101975844,17
46.369144119547,6.089656125956,17
46.369297994159,6.102649518059,17
46.369450379182,6.115642984863,17
46.369601274615,6.128636525641,17
46.376767988420,7.740172355860,17
46.376732685145,7.753169420972,17
46.376695892280,7.766166468499,17
46.376657609825,7.779163497713,17
46.376617837781,7.792160507889,17
46.378138403254,6.089432682028,17
46.378292303519,6.102428226770,17
46.378444713946,6.115423846213,17
46.378595634536,6.128419539630,17
46.385763543121,7.740222297085,17
46.385728233961,7.753221514836,17
46.385691434962,7.766220715001,17
46.385653146126,7.779219896855,17
46.387132687569,6.089209162787,17
46.387286613487,6.102206860893,17
46.387439049319,6.115204633701,17
46.387589995065,6.128202480483,17
46.394759098432,7.740272255142,17
46.394723783386,7.753273626258,17
46.394686978253,7.766274979788,17
46.394648683035,7.779276315006,17
46.396126972261,6.088985568234,17
46.396280923832,6.101985420430,17
46.396433385068,6.114985347328,17
46.396584355970,6.127985348200,17
46.396733836537,6.140985422320,17
46.403754654118,7.740322230033,17
46.403719333186,7.753325755239,17
46.403682521920,7.766329262859,17
46.403644220319,7.779332752167,17
46.405275234318,6.101763905379,17
46.405427720959,6.114765987093,17
46.405578717017,6.127768142781,17
46.405728222492,6.140770371717,17
46.412784046180,7.727366524877,17
46.412750209946,7.740372221757,17
46.412714883129,7.753377901778,17
46.412678065729,7.766383564214,17
46.412639757746,7.779389208338,17
46.414269544713,6.101542315742,17
46.414422056758,6.114546552996,17
46.414573077973,6.127550864225,17
46.414722608355,6.140555248703,17
46.421779607555,7.727414377892,17
46.421745765683,7.740422230313,17
46.421710432981,7.753430065875,17
46.421673609447,7.766437883853,17
46.423263854784,6.101320651517,17
46.423416392234,6.114327045038,17
46.423567438604,6.127333512534,17
46.423716993895,6.140340053278,17
46.423865058105,6.153346666544,17
46.430838390383,7.701442181969,17
46.430807525033,7.714452222194,17
46.430775168605,7.727462247014,17
46.430741321096,7.740472255702,17
46.430705982508,7.753482247531,17
46.430669152840,7.766492221775,17
46.432410727151,6.114107463219,17
46.432561798678,6.127116087707,17
46.432711378876,6.140124785443,17
46.432859467746,6.153133555701,17
46.439803090914,7.714497950432,17
46.439770729097,7.727510132244,17
46.439736875951,7.740522297924,17
46.441405061278,6.113887807538,17
46.441556157960,6.126898589744,17
46.441705763066,6.139909445198,17
46.441853876596,6.152920373174,17
46.448798656004,7.714543694051,17
46.448766288798,7.727558033581,17
46.448732430015,7.740572356979,17
46.450399394380,6.113668077995,17
46.450550516218,6.126681018645,17
46.450700146232,6.139694032542,17
46.450848284422,6.152707118961,17
46.457794220070,7.714589453052,17
46.457761847474,7.727605951026,17
46.457727983055,7.740622432867,17
46.457692626810,7.753638897850,17
46.459393726224,6.113448274591,17
46.459544873219,6.126463374409,17
46.459694528140,6.139478547476,17
46.459842690989,6.152493793064,17
46.466757404893,7.727653884577,17
46.466723534836,7.740672525588,17
46.466688172706,7.753691149740,17
46.468388056577,6.113228397325,17
46.468539228728,6.126245657038,17
46.468688908557,6.139262989999,17
46.468837096066,6.152280395482,17
46.475785344194,7.714681017199,17
46.475752960821,7.727701834236,17
46.475719085127,7.740722635142,17
46.477382385205,6.113008446198,17
46.477533582513,6.126027866531,17
46.477683287250,6.139047360112,17
46.477831499418,6.152066926215,17
46.484780903786,7.714726822346,17
46.484748515024,7.727749800003,17
46.484714633693,7.740772761528,17
46.486376711876,6.112788421209,17
46.486527934339,6.125810002888,17
46.486677663985,6.138831657815,17
46.486825900812,6.151853385263,17
46.486972644822,6.164875184506,17
46.493807362753,7.701747488465,17
46.493776461420,7.714772642874,17
46.493744067270,7.727797781877,17
46.493710180301,7.740822904748,17
46.493674800514,7.753848010760,17
46.495371036356,6.112568322358,17
46.495522283975,6.125592066109,17
46.495672038529,6.138615883107,17
46.495820300015,6.151639772626,17
46.495967068436,6.164663733941,17
46.502802923337,7.701791162304,17
46.502772016863,7.714818478784,17
46.502739617324,7.727845779858,17
46.502705724718,7.740873064800,17
46.502670339046,7.753900332884,17
46.504516631187,6.125374056193,17
46.504666410648,6.138400035988,17
46.504814696794,6.151426088305,17
46.504961489626,6.164452212416,17
46.505106789143,6.177478407595,17
46.505250595345,6.190504673115,17
46.511767569882,7.714864330075,17
46.511735164954,7.727893793946,17
46.511701266711,7.740923241685,17
46.513510975740,6.125155973142,17
46.513660780109,6.138184116460,17
46.513809090915,6.151212332298,17
46.513955908158,6.164240619931,17
46.514101231838,6.177268978633,17
46.514245061955,6.190297407675,17
46.514387398509,6.203325906333,17
46.520763120243,7.714910196749,17
46.520730709926,7.727941824142,17
46.520696806046,7.740973435403,17
46.522803482145,6.150998504607,17
46.522950323799,6.164028956488,17
46.523095671642,6.177059479437,17
46.523239525673,6.190090072728,17
46.523381885893,6.203120735633,17
46.529789589608,7.701922271758,17
46.529758667713,7.714956078804,17
46.529726252007,7.727989870445,17
46.529692342490,7.741023645954,17
46.531944736316,6.163817222085,17
46.532090108321,6.176849910008,17
46.532233986267,6.189882668272,17
46.532376370153,6.202915496150,17
46.532517259980,6.215948392917,17
46.538754212059,7.715001976241,17
46.538721790964,7.728037932856,17
46.538687875809,7.741073873338,17
46.540939145475,6.163605416723,17
46.541084541643,6.176640270345,17
46.541228443503,6.189675194308,17
46.541370851056,6.202710187885,17
46.541511764300,6.215745250351,17
46.547780685222,7.702009751341,17
46.547749753046,7.715047889060,17
46.547717326563,7.728086011374,17
46.550078971373,6.176430560448,17
46.550222897148,6.189467650835,17
46.550365328367,6.202504810837,17
46.550506265029,6.215542039727,17
46.550645707135,6.228579336779,17
46.556833618722,7.675972861521,17
46.556805670519,7.689013194295,17
46.556776227759,7.702053513117,17
46.556745290443,7.715093817260,17
46.556712858570,7.728134105999,17
46.559217346969,6.189260037854,17
46.559359801854,6.202299365007,17
46.559500761934,6.215338761047,17
46.559640227209,6.228378225249,17
46.565855625013,7.662969790503,17
46.565829166971,7.676012303653,17
46.565801214123,7.689054803577,17
46.565771766471,7.702097289549,17
46.565740824015,7.715139760843,17
46.565708386753,7.728182216731,17
46.568211792732,6.189052355366,17
46.568354271283,6.202093850394,17
46.568495254781,6.215135414310,17
46.568634743225,6.228177046387,17
46.574851173599,7.663007077964,17
46.574824711161,7.676051758990,17
46.574796753670,7.689096426790,17
46.574767301126,7.702141080638,17
46.574736353529,7.715185719807,17
46.577206234203,6.188844603368,17
46.577348736421,6.201888266998,17
46.577489743336,6.214931999515,17
46.577629254951,6.227975800193,17
46.577767271264,6.241019668307,17
46.583846717895,7.663044377905,17
46.583820251061,7.676091227532,17
46.583792288926,7.689138063933,17
46.583762831490,7.702184886382,17
46.586343197034,6.201682614819,17
46.586484227368,6.214728516663,17
46.586623762151,6.227774486668,17
46.586761801386,6.240820524108,17
46.592867233345,7.650032658874,17
46.592842257665,7.663081690326,17
46.592815786436,7.676130709279,17
46.592787819658,7.689179715007,17
46.595337652890,6.201476893858,17
46.595478706641,6.214524965754,17
46.595618264594,6.227573105812,17
46.595756326750,6.240621313304,17
46.595892893107,6.253669587505,17
46.601862772505,7.650067813722,17
46.601837792678,7.663119015226,17
46.601811317054,7.676170204232,17
46.601783345631,7.689221380012,17
46.604473180923,6.214321346788,17
46.604612762046,6.227371657624,17
46.604750847123,6.240422035894,17
46.604887436153,6.253472480872,17
46.605022529137,6.266522991832,17
46.610881794601,7.637049596269,17
46.610858306674,7.650102980324,17
46.610833322700,7.663156352606,17
46.610806842680,7.676209712389,17
46.613467649981,6.214117659765,17
46.613607254274,6.227170142104,17
46.613745362271,6.240222691878,17
46.613881973974,6.253275308359,17
46.614017089383,6.266327990822,17
46.614150708497,6.279380738540,17
46.619899322976,7.624027036519,17
46.619877327445,7.637082603122,17
46.619853835619,7.650138158679,17
46.619828847498,7.663193702465,17
46.619802363082,7.676249233752,17
46.622601741043,6.226968559253,17
46.622739871962,6.240023281256,17
46.622876506338,6.253078069966,17
46.623011644171,6.266132924658,17
46.623145285461,6.279187844605,17
46.628915356652,7.611000133020,17
46.628894854013,7.624057882171,17
46.628872854831,7.637115621003,17
46.628849359105,7.650173348789,17
46.628824366837,7.663231064804,17
46.631734375962,6.239823804027,17
46.631871033011,6.252880765693,17
46.632006193268,6.265937793339,17
46.632139856734,6.278994886240,17
46.632272023409,6.292052043670,17
46.637929894649,7.597968884323,17
46.637910885399,7.611028816020,17
46.637890379358,7.624088738125,17
46.637868376525,7.637148649912,17
46.637844876901,7.650208550653,17
46.637819880486,7.663268439622,17
46.640865553759,6.252683395539,17
46.641000736441,6.265742596865,17
46.641134422083,6.278801863446,17
46.641266610685,6.291861194556,17
46.641397302248,6.304920589466,17
46.646942935990,7.584933288978,17
46.646925420625,7.597995403220,17
46.646906408222,7.611057508598,17
46.646885898778,7.624119604383,17
46.646863892295,7.637181689850,17
46.646840388772,7.650243764271,17
46.649860068349,6.252485959504,17
46.649995273455,6.265547335236,17
46.650128981274,6.278608776223,17
46.650261191804,6.291670281738,17
46.650391905047,6.304731851055,17
46.655938458714,7.584957642321,17
46.655920940444,7.598021930969,17
46.655901924887,7.611086210752,17
46.655881412041,7.624150480943,17
46.655859401907,7.637214740816,17
46.659123534074,6.278415624571,17
46.659255766532,6.291479305217,17
46.659386501454,6.304543049664,17
46.659515738839,6.317606857187,17
46.664949998686,7.571915531873,17
46.664933975047,7.584982003791,17
46.664916453872,7.598048467570,17
46.664897435161,7.611114922484,17
46.664876918913,7.624181367807,17
46.668118080249,6.278222408489,17
46.668250334635,6.291288264992,17
46.668381091237,6.304354185296,17
46.668510350053,6.317420168675,17
46.668638111085,6.330486214402,17
46.673960039563,7.558869070425,17
46.673945511052,7.571937725612,17
46.673929484756,7.585006373387,17
46.673911960675,7.598075013023,17
46.673892938810,7.611143643794,17
46.677112619567,6.278029127978,17
46.677244895881,6.291097161063,17
46.677375674162,6.304165257950,17
46.677504954410,6.317233417911,17
46.677632736624,6.330301640220,17
46.682968580367,7.545818256528,17
46.682955547480,7.558889094982,17
46.682941016560,7.571959926751,17
46.682924987607,7.585030751109,17
46.682907460621,7.598101567327,17
46.682888435602,7.611172374681,17
46.686370249995,6.303976267625,17
46.686499551675,6.317046604894,17
46.686627355072,6.330117004511,17
46.686753660189,6.343187465750,17
46.691964083353,7.545836110452,17
46.691951048306,7.558909126215,17
46.691936514977,7.571982135292,17
46.691920483367,7.585055136957,17
46.691902953475,7.598128130484,17
46.695364818505,6.303787214322,17
46.695494141615,6.316859729625,17
46.695621966196,6.329932307275,17
46.695748292247,6.343004946547,17
46.700971117694,7.532778770572,17
46.700959579015,7.545853970326,17
46.700946541807,7.558929164122,17
46.700932006070,7.572004351233,17
46.700915971802,7.585079530932,17
46.704359379457,6.303598098041,17
46.704488723998,6.316672792102,17
46.704616569761,6.329747548512,17
46.704742916747,6.342822366543,17
46.704867764954,6.355897245469,17
46.709976649523,7.519717073891,17
46.709966607710,7.532794457637,17
46.709955067120,7.545871836150,17
46.709942027751,7.558949208705,17
46.709927489604,7.572026574575,17
46.713483298590,6.316485792327,17
46.713611165536,6.329562728222,17
46.713737533456,6.342639725737,17
46.713862402349,6.355716784147,17
46.713985772217,6.368793902726,17
46.714107643057,6.381871080745,17
46.718980677862,7.506651018960,17
46.718972133412,7.519730586695,17
46.718962089935,7.532810149925,17
46.718950547433,7.545889707924,17
46.718937505903,7.558969259963,17
46.718922965348,7.572048805317,17
46.722477865157,6.316298730300,17
46.722605753286,6.329377846404,17
46.722732142140,6.342457024130,17
46.722857031720,6.355536262750,17
46.722980422025,6.368615561539,17
46.723102313056,6.381694919768,17
46.723222704811,6.394774336712,17
46.727976155142,7.506662356052,17
46.727967609276,7.519744103998,17
46.727957564136,7.532825847438,17
46.727946019721,7.545907585647,17
46.731600332778,6.329192903060,17
46.731726742567,6.342274261721,17
46.731851652833,6.355355681277,17
46.731975063576,6.368437161001,17
46.732096974796,6.381518700166,17
46.732217386493,6.394600298046,17
46.736984220157,7.480505828546,17
46.736978671922,7.493589764258,17
46.736971624164,7.506673696918,17
46.736963076883,7.519757625799,17
46.736953030079,7.532841550175,17
46.736941483752,7.545925469319,17
46.740846265455,6.355175039728,17
46.740969696636,6.368258701113,17
46.741091628045,6.381342421940,17
46.741212059683,6.394426201481,17
46.741330991550,6.407510039010,17
46.745983732157,7.467426690163,17
46.745979682775,7.480512809862,17
46.745974133621,7.493598927235,17
46.745967084695,7.506685041556,17
46.745958535999,7.519771152099,17
46.745948487531,7.532857258136,17
46.749964320971,6.368080181875,17
46.750086272570,6.381166085088,17
46.750206724149,6.394252047016,17
46.750325675709,6.407338066932,17
46.754982336762,7.428166578473,17
46.754982786768,7.441254883174,17
46.754981736754,7.454343187730,17
46.754979186721,7.467431491414,17
46.754975136667,7.480519793499,17
46.754969586595,7.493608093259,17
46.754962536502,7.506696389967,17
46.754953986390,7.519784682897,17
46.758958936348,6.367901603286,17
46.759080908137,6.380989689611,17
46.759201379657,6.394077834652,17
46.759320350910,6.407166037680,17
46.759437821894,6.420254297970,17
46.759553792610,6.433342614794,17
46.763972381924,7.401983858826,17
46.763977782889,7.428164831983,17
46.763978232969,7.441255319797,17
46.763977182782,7.454345807465,17
46.763974632326,7.467436294261,17
46.763970581602,7.480526779459,17
46.763965030611,7.493617262331,17
46.768075534513,6.380813235510,17
46.768196025974,6.393903564388,17
46.768315016919,6.406993951254,17
46.768432507348,6.420084395382,17
46.768548497261,6.433174896044,17
46.768662986657,6.446265452514,17
46.768775975537,6.459356064066,17
46.772967817966,7.401977744080,17
46.772971269153,7.415070413842,17
46.772973219825,7.428163084913,17
46.772973669980,7.441255756564,17
46.772972619618,7.454348428070,17
46.772970068740,7.467441098705,17
46.772966017346,7.480533767740,17
46.772960465436,7.493626434450,17
46.777070151464,6.380636722784,17
46.777190662867,6.393729236225,17
46.777309673505,6.406821807655,17
46.777427183378,6.419914436346,17
46.777543192487,6.433007121572,17
46.777657700831,6.446099862605,17
46.777770708411,6.459192658720,17
46.777882215225,6.472285509190,17
46.781943884719,7.362687079440,17
46.781951838772,7.375781925482,17
46.781958292060,7.388876775012,17
46.781963244583,7.401971627303,17
46.781966696342,7.415066481628,17
46.781968647336,7.428161337262,17
46.781969097566,7.441256193477,17
46.781968047030,7.454351049546,17
46.786185290102,6.393554850163,17
46.786304320433,6.406649606882,17
46.786421849750,6.419744420862,17
46.786537878055,6.432839291376,17
46.786652405347,6.445934217699,17
46.786765431626,6.459029199103,17
46.786876956892,6.472124234862,17
46.786986981145,6.485219324248,17
46.790918884698,7.336480355473,17
46.790929842093,7.349577377648,17
46.790939298475,7.362674404764,17
46.790947253844,7.375771436095,17
46.790953708200,7.388868470913,17
46.790958661543,7.401965508493,17
46.790962113873,7.415062548108,17
46.790964065190,7.428159589031,17
46.790964515494,7.441256630535,17
46.795416506231,6.419574348929,17
46.795532553733,6.432671405458,17
46.795647099972,6.445768517796,17
46.795760144951,6.458865685214,17
46.795871688668,6.471962906987,17
46.795981731123,6.485060182389,17
46.799901824717,7.323364102039,17
46.799914285186,7.336463304560,17
46.799925244394,7.349562512749,17
46.799934702340,7.362661725880,17
46.799942659025,7.375760943225,17
46.799949114449,7.388860164058,17
46.799954068611,7.401959387653,17
46.799957521513,7.415058613282,17
46.804754848151,6.458702117054,17
46.804866410319,6.471801525567,17
46.804976470978,6.484900987709,17
46.805085030126,6.498000502751,17
46.805192087766,6.511100069968,17
46.805297643895,6.524199688634,17
46.808883248979,7.310243475859,17
46.808897213019,7.323344858726,17
46.808909675549,7.336446247987,17
46.808920636570,7.349547642916,17
46.808930096081,7.362649042787,17
46.808938054082,7.375750446872,17
46.808944510574,7.388851854446,17
46.808949465556,7.401953264780,17
46.813861121612,6.471640090601,17
46.813971200474,6.484741740208,17
46.814079777577,6.497843442716,17
46.814186852923,6.510945197399,17
46.814292426510,6.524047003530,17
46.817786266497,7.244704308387,17
46.817807741636,7.257807835846,17
46.817827715018,7.270911373333,17
46.817846186641,7.284014920122,17
46.817863156507,7.297118475485,17
46.817878624614,7.310222038696,17
46.817892590963,7.323325609028,17
46.817905055555,7.336429185755,17
46.817916018388,7.349532768150,17
46.822965919379,6.484582439887,17
46.823074514437,6.497686330587,17
46.823181607489,6.510790273461,17
46.823287198534,6.523894267783,17
46.823391287573,6.536998312826,17
46.823493874605,6.550102407865,17
46.826734152868,7.218460524848,17
46.826758635571,7.231566218262,17
46.826781616268,7.244671923157,17
46.826803094959,7.257777638807,17
46.826823071643,7.270883364486,17
46.826841546321,7.283989099465,17
46.826858518993,7.297094843019,17
46.826873989658,7.310200594422,17
46.826887958317,7.323306352945,17
46.826900424969,7.336412117863,17
46.826911389615,7.349517888450,17
46.832069240472,6.497529166362,17
46.832176351230,6.510635298153,17
46.832281959733,6.523741481392,17
46.832386065981,6.536847715352,17
46.832488669975,6.549953999307,17
46.832589771714,6.563060332530,17
46.835616514417,7.165992351068,17
46.835647010186,7.179100180207,17
46.835676003701,7.192208023734,17
46.835703494962,7.205315880923,17
46.835729483968,7.218423751046,17
46.835753970719,7.231531633377,17
46.835776955215,7.244639527189,17
46.835798437457,7.257747431756,17
46.835818417444,7.270855346351,17
46.835836895176,7.283963270247,17
46.835853870654,7.297071202718,17
46.835869343877,7.310179143037,17
46.835883314845,7.323287090478,17
46.835895783559,7.336395044312,17
46.841380833332,6.536697067960,17
46.841483454287,6.549805541557,17
46.841584572739,6.562914064422,17
46.841684188688,6.576022635829,17
46.841782302134,6.589131255050,17
46.841878913077,6.602239921360,17
46.841974021517,6.615348634030,17
46.844546306653,7.139726815016,17
46.844579812470,7.152836802841,17
46.844611815784,7.165946806508,17
46.844642316595,7.179056825289,17
46.844671314902,7.192166858459,17
46.844698810707,7.205276905289,17
46.844724804009,7.218386965054,17
46.844749294808,7.231497037028,17
46.844772283104,7.244607120482,17
46.844793768897,7.257717214692,17
46.844813752187,7.270827318929,17
46.844832232974,7.283937432468,17
46.844849211258,7.297047554581,17
46.844864687039,7.310157684542,17
46.844878660316,7.323267821625,17
46.850579362473,6.562767747847,17
46.850678994886,6.575878509622,17
46.850777124549,6.588989319211,17
46.850873751459,6.602100175888,17
46.850968875619,6.615211078927,17
46.851062497027,6.628322027600,17
46.853351487858,7.074116246715,17
46.853392512969,7.087228334802,17
46.853432035329,7.100340442363,17
46.853470054938,7.113452568672,17
46.853506571795,7.126564713003,17
46.853541585901,7.139676874628,17
46.853575097256,7.152789052821,17
46.853607105859,7.165901246856,17
46.853637611712,7.179013456005,17
46.853666614812,7.192125679542,17
46.853694115162,7.205237916741,17
46.853720112760,7.218350166874,17
46.853744607606,7.231462429215,17
46.853767599702,7.244574703038,17
46.859673789560,6.575734335673,17
46.859771935439,6.588847336356,17
46.859868578317,6.601960384126,17
46.859963718196,6.615073478258,17
46.860057355075,6.628186618025,17
46.860149488955,6.641299802700,17
46.860240119835,6.654413031556,17
46.862119019718,7.008484255971,17
46.862167566607,7.021598426878,17
46.862214610497,7.034712620892,17
46.862260151387,7.047826837288,17
46.862304189277,7.060941075339,17
46.862346724168,7.074055334318,17
46.862387756058,7.087169613498,17
46.862427284950,7.100283912152,17
46.862465310841,7.113398229555,17
46.862501833733,7.126512564979,17
46.862536853625,7.139626917698,17
46.862570370518,7.152741286984,17
46.862602384411,7.165855672112,17
46.862632895304,7.178970072355,17
46.862661903198,7.192084486985,17
46.862689408092,7.205198915277,17
46.868863393417,6.601820546074,17
46.868958549016,6.614935832025,17
46.869052201366,6.628051163611,17
46.869144350469,6.641166540105,17
46.869234996323,6.654281960780,17
46.869324138929,6.667397424909,17
46.869411778288,6.680512931767,17
46.869497914398,6.693628480626,17
46.869582547261,6.706744070759,17
46.869665676875,6.719859701441,17
46.870848883376,6.942830922733,17
46.870904954526,6.955947159019,17
46.870959522429,6.969063422046,17
46.871012587083,6.982179711087,17
46.871064148489,6.995296025417,17
46.871114206648,7.008412364308,17
46.871162761558,7.021528727034,17
46.871209813221,7.034645112867,17
46.871255361635,7.047761521082,17
46.871299406801,7.060877950952,17
46.871341948720,7.073994401749,17
46.871382987390,7.087110872748,17
46.871422522813,7.100227363222,17
46.871460554987,7.113343872444,17
46.871497083913,7.126460399687,17
46.871532109592,7.139576944224,17
46.871565632022,7.152693505330,17
46.871597651205,7.165810082277,17
46.878229860820,6.654150846615,17
46.878319018153,6.667268503289,17
46.878406671989,6.680386202691,17
46.878492822329,6.693503944095,17
46.878577469172,6.706621726773,17
46.878660612519,6.719739549999,17
46.878742252370,6.732857413047,17
46.878822388725,6.745975315189,17
46.878901021583,6.759093255699,17
46.879200518053,6.811565386887,17
46.879271633429,6.824683508337,17
46.879341245310,6.837801663795,17
46.879409353693,6.850919852535,17
46.879475958581,6.864038073829,17
46.879604657867,6.890274611175,17
46.879666752266,6.903392925773,17
46.879727343168,6.916511270019,17
46.879786430574,6.929629643187,17
46.879844014483,6.942748044549,17
46.879900094897,6.955866473379,17
46.879954671814,6.968984928951,17
46.880007745234,6.982103410537,17
46.880059315158,6.995221917411,17
46.880109381586,7.008340448846,17
46.880157944518,7.021459004117,17
46.880205003953,7.034577582495,17
46.880250559892,7.047696183254,17
46.880294612335,7.060814805669,17
46.880337161281,7.073933449011,17
46.880378206731,7.087052112554,17
46.880417748684,7.100170795573,17
46.880455787141,7.113289497339,17
46.880492322102,7.126408217126,17
46.880527353567,7.139526954208,17
46.887401553465,6.680259431679,17
46.887487718035,6.693379366353,17
46.887572378859,6.706499342301,17
46.887655535940,6.719619358797,17
46.887737189275,6.732739415115,17
46.887817338866,6.745859510527,17
46.887895984712,6.758979644308,17
46.887973126813,6.772099815729,17
46.888048765170,6.785220024066,17
46.888122899782,6.798340268590,17
46.888195530649,6.811460548576,17
46.888266657772,6.824580863296,17
46.888336281150,6.837701212024,17
46.888404400784,6.850821594034,17
46.888471016672,6.863942008598,17
46.888536128816,6.877062454990,17
46.888599737216,6.890182932484,17
46.888661841870,6.903303440352,17
46.888722442781,6.916423977869,17
46.888781539946,6.929544544306,17
46.888839133367,6.942665138939,17
46.888895223043,6.955785761039,17
46.888949808974,6.968906409881,17
46.889002891161,6.982027084737,17
46.889054469603,6.995147784881,17
46.889104544300,7.008268509587,17
46.889153115253,7.021389258127,17
46.889200182461,7.034510029775,17
46.889245745925,7.047630823805,17
46.889289805643,7.060751639489,17
46.889332361617,7.073872476102,17
46.889412962331,7.100114209204,17
46.889451007072,7.113235104240,17
46.896567276089,6.706376917343,17
46.896650446902,6.719499127835,17
46.896732113722,6.732621378148,17
46.896812276549,6.745743667556,17
46.896890935383,6.758865995332,17
46.896968090223,6.771988360749,17
46.897043741071,6.785110763081,17
46.897117887926,6.798233201601,17
46.897190530788,6.811355675583,17
46.897261669657,6.824478184299,17
46.897331304533,6.837600727023,17
46.897399435416,6.850723303028,17
46.897466062306,6.863845911588,17
46.897531185203,6.876968551976,17
46.897594804107,6.890091223465,17
46.897656919017,6.903213925329,17
46.897717529935,6.916336656841,17
46.897776636860,6.929459417274,17
46.897834239792,6.942582205902,17
46.897890338731,6.955705021998,17
46.897944933677,6.968827864836,17
46.897998024630,6.981950733688,17
46.898049611590,6.995073627828,17
46.898099694557,7.008196546529,17
46.905727025477,6.732503302146,17
46.905807201541,6.745627786276,17
46.905885873362,6.758752308773,17
46.905963040943,6.771876868911,17
46.906038704282,6.785001465964,17
46.906112863379,6.798126099206,17
46.906185518236,6.811250767908,17
46.906256668851,6.824375471345,17
46.906326315225,6.837500208791,17
46.906394457357,6.850624979517,17
46.906461095248,6.863749782798,17
46.906526228898,6.876874617908,17
46.906589858306,6.889999484118,17
46.906651983473,6.903124380703,17
46.906712604399,6.916249306936,17
46.906771721083,6.929374262091,17
46.906885441728,6.955624256257,17
46.914880798418,6.758638584630,17
46.914957978737,6.771765340215,17
46.915033654568,6.784892132715,17
46.915389466374,6.850526623502,17
46.915521259669,6.876780652785,17
