46.20351155,8.63580196,18
46.20337359,8.64875619,18
46.20309323,8.67466444,18
46.21291107,8.59713012,18
46.21277755,8.61008669,18
46.21264255,8.62304319,18
46.21250606,8.63599962,18
46.21236808,8.64895599,18
46.21222862,8.66191228,18
46.21208767,8.67486851,18
46.21194524,8.68782467,18
46.21180132,8.70078076,18
46.21165592,8.71373678,18
46.21150903,8.72669273,18
46.21136065,8.73964861,18
46.21121080,8.75260441,18
46.22216829,8.57140382,18
46.22203771,8.58436266,18
46.22190565,8.59732143,18
46.22177211,8.61028013,18
46.22163708,8.62323877,18
46.22150057,8.63619734,18
46.22136257,8.64915585,18
46.22122308,8.66211429,18
46.22108211,8.67507266,18
46.22093966,8.68803096,18
46.22079571,8.70098919,18
46.22065029,8.71394735,18
46.22050337,8.72690543,18
46.22035498,8.73986345,18
46.22020509,8.75282139,18
46.22005372,8.76577926,18
46.21990087,8.77873705,18
46.21974653,8.79169477,18
46.21959070,8.80465242,18
46.23203548,8.48086235,18
46.23191528,8.49382376,18
46.23179360,8.50678510,18
46.23167043,8.51974639,18
46.23154578,8.53270761,18
46.23141965,8.54566877,18
46.23129202,8.55862987,18
46.23116291,8.57159091,18
46.23103232,8.58455189,18
46.23090024,8.59751280,18
46.23076667,8.61047364,18
46.23063162,8.62343442,18
46.23049509,8.63639514,18
46.23035706,8.64935578,18
46.23021755,8.66231636,18
46.23007656,8.67527687,18
46.22993408,8.68823731,18
46.22979011,8.70119768,18
46.22964466,8.71415798,18
46.22949772,8.72711821,18
46.22934930,8.74007836,18
46.22919939,8.75303845,18
46.22904800,8.76599846,18
46.22889512,8.77895839,18
46.22874075,8.79191825,18
46.22858490,8.80487804,18
46.22842756,8.81783774,18
46.24138198,8.44214353,18
46.24126623,8.45510725,18
46.24114898,8.46807091,18
46.24103025,8.48103451,18
46.24091004,8.49399806,18
46.24078834,8.50696154,18
46.24066515,8.51992497,18
46.24054048,8.53288834,18
46.24041432,8.54585164,18
46.24028668,8.55881488,18
46.24015755,8.57177806,18
46.24002693,8.58474118,18
46.23989483,8.59770423,18
46.23976124,8.61066722,18
46.23962617,8.62363014,18
46.23921203,8.66251850,18
46.23892851,8.68844373,18
46.23878452,8.70140625,18
46.23849208,8.72733106,18
46.23834363,8.74029335,18
46.23819370,8.75325558,18
46.23804228,8.76621773,18
46.23788937,8.77917980,18
46.23773498,8.79214181,18
46.23757910,8.80510373,18
46.23742174,8.81806558,18
46.23726289,8.83102735,18
46.23677743,8.86991219,18
46.23661263,8.88287365,18
46.23644635,8.89583502,18
46.23610934,8.92175752,18
46.25037682,8.44230932,18
46.25026105,8.45527518,18
46.25014379,8.46824099,18
46.25002504,8.48120673,18
46.24990480,8.49417242,18
46.24978308,8.50713805,18
46.24965988,8.52010362,18
46.24953518,8.53306913,18
46.24940900,8.54603457,18
46.24928134,8.55899996,18
46.24915219,8.57196528,18
46.24902155,8.58493054,18
46.24718801,8.75347278,18
46.24703656,8.76643707,18
46.24688363,8.77940129,18
46.24672921,8.79236543,18
46.24657331,8.80532950,18
46.24641592,8.81829349,18
46.24625704,8.83125741,18
46.24609668,8.84422124,18
46.24593483,8.85718500,18
46.24577150,8.87014867,18
46.24560668,8.88311227,18
46.24544037,8.89607579,18
46.24527258,8.90903922,18
46.24510330,8.92200257,18
46.24493253,8.93496584,18
46.24476028,8.94792903,18
46.25948598,8.42950712,18
46.25937167,8.44247517,18
46.25925588,8.45544318,18
46.25913859,8.46841112,18
46.25901983,8.48137901,18
46.25889957,8.49434684,18
46.25877783,8.50731461,18
46.25865460,8.52028233,18
46.25852989,8.53324998,18
46.25840369,8.54621756,18
46.25827600,8.55918509,18
46.25814683,8.57215256,18
46.25556752,8.80555535,18
46.25541010,8.81852148,18
46.25525120,8.83148754,18
46.25509081,8.84445352,18
46.25492894,8.85741942,18
46.25476557,8.87038524,18
46.25460073,8.88335098,18
46.25443439,8.89631663,18
46.25426657,8.90928221,18
46.25409726,8.92224771,18
46.25392647,8.93521312,18
46.25375419,8.94817845,18
46.25358042,8.96114369,18
46.25340517,8.97410885,18
46.25322843,8.98707392,18
46.26903019,8.36481905,18
46.26892329,8.37778952,18
46.26881491,8.39075994,18
46.26870504,8.40373031,18
46.26859369,8.41670062,18
46.26848085,8.42967088,18
46.26836652,8.44264108,18
46.26825071,8.45561123,18
46.26813340,8.46858132,18
46.26801462,8.48155135,18
46.26456173,8.80578127,18
46.26440429,8.81874955,18
46.26424536,8.83171775,18
46.26408495,8.84468587,18
46.26392304,8.85765392,18
46.26375966,8.87062188,18
46.26359478,8.88358976,18
46.26342842,8.89655756,18
46.26326057,8.90952528,18
46.26309123,8.92249292,18
46.26292041,8.93546048,18
46.26274810,8.94842795,18
46.26257430,8.96139533,18
46.26239902,8.97436264,18
46.26222225,8.98732985,18
46.26204399,9.00029698,18
46.26186425,9.01326402,18
46.27813058,8.35199947,18
46.27802515,8.36497214,18
46.27791824,8.37794476,18
46.27780984,8.39091733,18
46.27769995,8.40388984,18
46.27758858,8.41686229,18
46.27747572,8.42983470,18
46.27736137,8.44280704,18
46.27323953,8.83194804,18
46.27307909,8.84491831,18
46.27242245,8.89679857,18
46.27208520,8.92273822,18
46.27191435,8.93570792,18
46.27174201,8.94867754,18
46.27156819,8.96164707,18
46.27139288,8.97461651,18
46.27121608,8.98758587,18
46.27103779,9.00055514,18
46.27085802,9.01352433,18
46.27067676,9.02649343,18
46.28733199,8.32620070,18
46.28722952,8.33917561,18
46.28712556,8.35215048,18
46.28702012,8.36512529,18
46.28691319,8.37810005,18
46.28680477,8.39107476,18
46.28669487,8.40404942,18
46.28658348,8.41702402,18
46.28647060,8.42999857,18
46.28635623,8.44297306,18
46.28090830,8.93595545,18
46.28073593,8.94892721,18
46.28056208,8.96189888,18
46.28038674,8.97487047,18
46.28020991,8.98784198,18
46.28003159,9.00081340,18
46.27985179,9.01378473,18
46.27967050,9.02675597,18
46.27948772,9.03972712,18
46.27930346,9.05269818,18
46.27911770,9.06566916,18
46.29652752,8.30039319,18
46.29642801,8.31337035,18
46.29632701,8.32634746,18
46.29622452,8.33932452,18
46.29612055,8.35230153,18
46.29601509,8.36527849,18
46.29590814,8.37825540,18
46.29579971,8.39123226,18
46.29568978,8.40420906,18
46.29557837,8.41718581,18
46.29546548,8.43016250,18
46.28938060,8.97512452,18
46.28920374,8.98809817,18
46.28902540,9.00107173,18
46.28884556,9.01404521,18
46.28866424,9.02701860,18
46.28848143,9.03999190,18
46.28829714,9.05296510,18
46.28811135,9.06593822,18
46.28792408,9.07891125,18
46.28773533,9.09188419,18
46.30562062,8.28755635,18
46.30552258,8.30053571,18
46.30542305,8.31351502,18
46.30532204,8.32649427,18
46.30521953,8.33947348,18
46.30511554,8.35245264,18
46.30501006,8.36543175,18
46.30457327,8.41734765,18
46.29783934,9.01430578,18
46.29765799,9.02728132,18
46.29747515,9.04025676,18
46.29729082,9.05323212,18
46.29710501,9.06620738,18
46.29691771,9.07918256,18
46.29672892,9.09215764,18
46.29653864,9.10513263,18
46.31480734,8.26173363,18
46.31471226,8.27471523,18
46.31461570,8.28769678,18
46.31451764,8.30067828,18
46.31441810,8.31365973,18
46.31431706,8.32664114,18
46.31421454,8.33962249,18
46.30683312,9.01456644,18
46.30665174,9.02754412,18
46.30646887,9.04052172,18
46.30628451,9.05349922,18
46.30609867,9.06647663,18
46.30591133,9.07945395,18
46.30572251,9.09243118,18
46.30553220,9.10540832,18
46.30534041,9.11838536,18
46.30514712,9.13136231,18
46.32398818,8.23590218,18
46.32389606,8.24888601,18
46.32380246,8.26186980,18
46.32370736,8.27485355,18
46.32361078,8.28783725,18
46.32351270,8.30082090,18
46.32341314,8.31380450,18
46.32331209,8.32678805,18
46.32320956,8.33977155,18
46.31509232,9.06674597,18
46.31490496,9.07972544,18
46.31471611,9.09270482,18
46.31452577,9.10568410,18
46.31433394,9.11866329,18
46.31414062,9.13164239,18
46.33316313,8.21006200,18
46.33307398,8.22304807,18
46.33298333,8.23603410,18
46.33289119,8.24902008,18
46.33279757,8.26200602,18
46.33270246,8.27499192,18
46.33260586,8.28797776,18
46.33250777,8.30096356,18
46.32389859,9.07999702,18
46.32370971,9.09297855,18
46.32351933,9.10595998,18
46.32332747,9.11894132,18
46.32313412,9.13192256,18
46.32293929,9.14490371,18
46.32274296,9.15788477,18
46.34233219,8.18421309,18
46.34224599,8.19720140,18
46.34215831,8.21018967,18
46.34206914,8.22317789,18
46.34197848,8.23616607,18
46.34188633,8.24915420,18
46.34179269,8.26214229,18
46.34169756,8.27513033,18
46.34160094,8.28811833,18
46.33251290,9.10623595,18
46.33232101,9.11921944,18
46.33212763,9.13220283,18
46.33193276,9.14518613,18
46.33173640,9.15816934,18
46.35157709,8.14536489,18
46.35149535,8.15835547,18
46.35141212,8.17134601,18
46.35132740,8.18433651,18
46.35124119,8.19732696,18
46.35115349,8.21031738,18
46.35106430,8.22330775,18
46.35097363,8.23629808,18
46.35088146,8.24928836,18
46.35078781,8.26227860,18
46.35069266,8.27526879,18
46.34150647,9.10651201,18
46.34131455,9.11949765,18
46.34112113,9.13248320,18
46.34092623,9.14546865,18
46.34072984,9.15845400,18
46.34053196,9.17143926,18
46.36073139,8.11949631,18
46.36065261,8.13248912,18
46.36057235,8.14548189,18
46.36049059,8.15847462,18
46.36040734,8.17146731,18
46.36032261,8.18445996,18
46.36023638,8.19745257,18
46.36014867,8.21044513,18
46.36005947,8.22343766,18
46.35011464,9.13276365,18
46.34991971,9.14575126,18
46.34972328,9.15873876,18
46.34952537,9.17172617,18
46.34932597,9.18471348,18
46.36987979,8.09361901,18
46.36980397,8.10661404,18
46.36972667,8.11960904,18
46.36964788,8.13260400,18
46.36956760,8.14559893,18
46.36948583,8.15859381,18
46.36940257,8.17158865,18
46.36931782,8.18458345,18
46.36923158,8.19757821,18
46.36914385,8.21057293,18
46.35891318,9.14603396,18
46.35871673,9.15902362,18
46.35851878,9.17201318,18
46.35831934,9.18500264,18
46.37887509,8.09372748,18
46.37879927,8.10672467,18
46.37872195,8.11972182,18
46.37864315,8.13271893,18
46.37856285,8.14571601,18
46.37848107,8.15871304,18
46.37839779,8.17171004,18
46.36790666,9.14631676,18
46.36771017,9.15930857,18
46.36751219,9.17230028,18
46.36731272,9.18529190,18
46.36711176,9.19828341,18
46.38794475,8.08083661,18
46.38787040,8.09383599,18
46.38779456,8.10683533,18
46.38771723,8.11983463,18
46.38763841,8.13283390,18
46.38755811,8.14583313,18
46.37670362,9.15959362,18
46.37650560,9.17258748,18
46.37630610,9.18558125,18
46.37610511,9.19857492,18
46.37590262,9.21156849,18
46.37569865,9.22456197,18
46.37549319,9.23755534,18
46.39694006,8.08094300,18
46.39686570,8.09394453,18
46.39678985,8.10694603,18
46.39671251,8.11994748,18
46.38569706,9.15987876,18
46.38549902,9.17287478,18
46.38529948,9.18587070,18
46.38509845,9.19886653,18
46.38489594,9.21186225,18
46.38469193,9.22485788,18
46.38448643,9.23785341,18
46.38427945,9.25084883,18
46.38407097,9.26384416,18
46.40600827,8.06804570,18
46.40593538,8.08104942,18
46.40586101,8.09405311,18
46.40578515,8.10705676,18
46.40570780,8.12006037,18
46.39449243,9.17316217,18
46.39429286,9.18616025,18
46.39409180,9.19915823,18
46.39388925,9.21215611,18
46.39368521,9.22515389,18
46.39347968,9.23815157,18
46.39327266,9.25114915,18
46.39306415,9.26414663,18
46.41500360,8.06815001,18
46.41493070,8.08115589,18
46.41485632,8.09416173,18
46.41478044,8.10716753,18
46.40288256,9.21245007,18
46.40267849,9.22545000,18
46.40247292,9.23844984,18
46.40226587,9.25144958,18
46.40205732,9.26444921,18
46.40184728,9.27744874,18
46.42407035,8.05524628,18
46.42399893,8.06825435,18
46.42392602,8.08126239,18
46.42385163,8.09427038,18
46.42377574,8.10727834,18
46.41146617,9.23874821,18
46.41125908,9.25175010,18
46.41105050,9.26475189,18
46.41084042,9.27775358,18
46.43313562,8.04233824,18
46.43306569,8.05534850,18
46.43299426,8.06835873,18
46.43292134,8.08136892,18
46.43284693,8.09437907,18
46.42025229,9.25205072,18
46.42004367,9.26505467,18
46.41983356,9.27805852,18
46.41962196,9.29106226,18
46.44213098,8.04243834,18
46.44206103,8.05545076,18
46.44198959,8.06846314,18
46.44191666,8.08147549,18
46.44184224,8.09448780,18
46.42924549,9.25235145,18
46.42903684,9.26535755,18
46.42882670,9.27836356,18
46.42861507,9.29136946,18
46.45112633,8.04253847,18
46.45105637,8.05555305,18
46.45098492,8.06856759,18
46.45091198,8.08158209,18
46.43823870,9.25265228,18
46.43803002,9.26566054,18
46.43781984,9.27866870,18
46.43760817,9.29167676,18
46.43739501,9.30468471,18
46.46025715,8.01660507,18
46.46019016,8.02962187,18
46.46012168,8.04263864,18
46.46005171,8.05565537,18
46.45998025,8.06867207,18
46.44702319,9.26596362,18
46.44681298,9.27897394,18
46.44660127,9.29198416,18
46.44638808,9.30499427,18
46.46918553,8.02971991,18
46.46911703,8.04273884,18
46.46904705,8.05575773,18
46.46897558,8.06877659,18
46.45601636,9.26626681,18
46.45580611,9.27927929,18
46.45559437,9.29229167,18
46.45538114,9.30530394,18
46.47837744,7.99075453,18
46.47831341,8.00377571,18
46.47824790,8.01679686,18
46.47818089,8.02981798,18
46.47811238,8.04283907,18
46.47804239,8.05586012,18
46.46479925,9.27958474,18
46.46458747,9.29259928,18
46.46437420,9.30561371,18
46.46415944,9.31862804,18
46.48743537,7.97782278,18
46.48737283,7.99084615,18
46.48730879,8.00386950,18
46.48724327,8.01689281,18
46.48717624,8.02991609,18
46.48710773,8.04293934,18
46.47379238,9.27989029,18
46.47358057,9.29290699,18
46.47336727,9.30592359,18
46.47315247,9.31894007,18
46.49643077,7.97791227,18
46.49636822,7.99093780,18
46.49630417,8.00396331,18
46.49623863,8.01698879,18
46.49610308,8.04303964,18
46.49603306,8.05606501,18
46.48278551,9.28019595,18
46.48257366,9.29321481,18
46.48236032,9.30623356,18
46.48214549,9.31925221,18
46.48192917,9.33227076,18
46.50542617,7.97800179,18
46.50536361,7.99102949,18
46.50529955,8.00405716,18
46.50523400,8.01708479,18
46.50516696,8.03011240,18
46.49177864,9.28050171,18
46.49156676,9.29352273,18
46.49135338,9.30654365,18
46.49113852,9.31956446,18
46.49092216,9.33258517,18
46.49070430,9.34560577,18
46.51442156,7.97809134,18
46.51435899,7.99112120,18
46.51429492,8.00415104,18
46.50055985,9.29383075,18
46.50034644,9.30685383,18
46.50013153,9.31987681,18
46.49991514,9.33289968,18
46.49969725,9.34592245,18
46.52353764,7.95211678,18
46.52347805,7.96514887,18
46.52341696,7.97818092,18
46.52335437,7.99121295,18
46.52329029,8.00424494,18
46.50933949,9.30716412,18
46.50912455,9.32018926,18
46.50890812,9.33321430,18
46.50869019,9.34623923,18
46.53247345,7.96523631,18
46.53241235,7.97827054,18
46.53234975,7.99130473,18
46.53228566,8.00433889,18
46.51811756,9.32050182,18
46.51790110,9.33352902,18
46.51768313,9.34655612,18
46.51746368,9.35958311,18
46.54158658,7.93925093,18
46.54146884,7.96532379,18
46.54140773,7.97836018,18
46.54134513,7.99139653,18
46.52711057,9.32081449,18
46.52689407,9.33384385,18
46.52667607,9.34687311,18
46.52645658,9.35990227,18
46.55052386,7.95237272,18
46.55046424,7.96541130,18
46.55040311,7.97844985,18
46.55034050,7.99148837,18
46.53588704,9.33415879,18
46.53566901,9.34719021,18
46.53544948,9.36022153,18
46.53522845,9.37325274,18
46.55963405,7.92637650,18
46.55957740,7.93941731,18
46.55951926,7.95245808,18
46.55945962,7.96549883,18
46.55939849,7.97853955,18
46.54488001,9.33447383,18
46.54466194,9.34750742,18
46.54444237,9.36054091,18
46.54422131,9.37357429,18
46.56879047,7.88732849,18
46.56868463,7.91341457,18
46.56862947,7.92645756,18
46.56857281,7.93950054,18
46.56851466,7.95254348,18
46.56845501,7.96558640,18
46.56839387,7.97862928,18
46.55365486,9.34782473,18
46.55343526,9.36086039,18
46.55321416,9.37389593,18
46.55299157,9.38693137,18
46.57778590,7.88740307,18
46.57773372,7.90044829,18
46.57768005,7.91349349,18
46.57762488,7.92653865,18
46.57756821,7.93958379,18
46.57751005,7.95262891,18
46.57745039,7.96567399,18
46.56264778,9.34814215,18
46.56242815,9.36117997,18
46.56220701,9.37421769,18
46.56198439,9.38725530,18
46.58678134,7.88747768,18
46.58672915,7.90052507,18
46.58667546,7.91357243,18
46.57164070,9.34845968,18
46.57142103,9.36149967,18
46.57119986,9.37453955,18
46.57097719,9.38757933,18
46.57075303,9.40061900,18
46.59577676,7.88755232,18
46.59572456,7.90060188,18
46.59567087,7.91365141,18
46.58041391,9.36181947,18
46.58019270,9.37486152,18
46.57997000,9.38790347,18
46.57974580,9.40094531,18
46.60482290,7.87457522,18
46.60477219,7.88762698,18
46.60471998,7.90067871,18
46.60466628,7.91373041,18
46.60461108,7.92678209,18
46.58940678,9.36213938,18
46.58918553,9.37518360,18
46.58896279,9.38822772,18
46.58873856,9.40127173,18
46.61381832,7.87464774,18
46.61376760,7.88770166,18
46.61371539,7.90075556,18
46.61366168,7.91380944,18
46.59817836,9.37550579,18
46.59795559,9.38855208,18
46.59773132,9.40159825,18
46.59750555,9.41464432,18
46.62281374,7.87472028,18
46.62276302,7.88777637,18
46.62271079,7.90083244,18
46.62265707,7.91388849,18
46.60717119,9.37582808,18
46.60694838,9.38887654,18
46.60672407,9.40192489,18
46.60649826,9.41497313,18
46.63190614,7.84867623,18
46.63185840,7.86173454,18
46.63180916,7.87479284,18
46.63175842,7.88785111,18
46.63170619,7.90090935,18
46.63165246,7.91396757,18
46.61616401,9.37615049,18
46.61594116,9.38920112,18
46.61571681,9.40225164,18
46.61549097,9.41530205,18
46.61526363,9.42835235,18
46.64090157,7.84874447,18
46.64085382,7.86180496,18
46.64080457,7.87486542,18
46.64075382,7.88792587,18
46.64070158,7.90098628,18
46.62493394,9.38952580,18
46.62470955,9.40257849,18
46.62448367,9.41563108,18
46.62425629,9.42868356,18
46.64989699,7.84881273,18
46.64984923,7.86187539,18
46.64979997,7.87493803,18
46.64974922,7.88800065,18
46.63392671,9.38985059,18
46.63370228,9.40290546,18
46.63347637,9.41596022,18
46.63324895,9.42901487,18
46.65898344,7.82275127,18
46.65893867,7.83581615,18
46.65889240,7.84888102,18
46.65884463,7.86194585,18
46.65879537,7.87501067,18
46.65874461,7.88807546,18
46.64269501,9.40323253,18
46.64246906,9.41628947,18
46.64224160,9.42934629,18
46.64201265,9.44240301,18
46.66802214,7.80974815,18
46.66797886,7.82281523,18
46.66793408,7.83588229,18
46.66788781,7.84894932,18
46.66784003,7.86201634,18
46.65168773,9.40355972,18
46.65146174,9.41661883,18
46.65123425,9.42967783,18
46.65100526,9.44273672,18
46.67701757,7.80980995,18
46.67697428,7.82287921,18
46.67692949,7.83594844,18
46.67688321,7.84901766,18
46.66068045,9.40388701,18
46.66045442,9.41694830,18
46.66022689,9.43000947,18
46.65999786,9.44307054,18
46.65976734,9.45613149,18
46.68609508,7.78372885,18
46.68605478,7.79680032,18
46.68601298,7.80987177,18
46.68596969,7.82294321,18
46.68592489,7.83601462,18
46.68587860,7.84908601,18
46.66944708,9.41727787,18
46.66921952,9.43034123,18
46.66899045,9.44340447,18
46.66875989,9.45646760,18
46.69505020,7.79685999,18
46.69500839,7.80993362,18
46.69496509,7.82300723,18
46.67843975,9.41760756,18
46.67821214,9.43067309,18
46.67798304,9.44373851,18
46.67775244,9.45680382,18
46.70404560,7.79691967,18
46.70400379,7.80999548,18
46.70396048,7.82307127,18
46.68720476,9.43100507,18
46.68697562,9.44407267,18
46.68674498,9.45714016,18
46.68651284,9.47020753,18
46.71308132,7.78390137,18
46.71304100,7.79697938,18
46.71299919,7.81005737,18
46.71295587,7.82313534,18
46.71291105,7.83621328,18
46.69619737,9.43133716,18
46.69596819,9.44440694,18
46.69573751,9.45747660,18
46.69550534,9.47054616,18
46.72207672,7.78395892,18
46.72203640,7.79703910,18
46.72199457,7.81011927,18
46.72195125,7.82319942,18
46.70496076,9.44474131,18
46.70473004,9.45781316,18
46.70449783,9.47088489,18
46.70426411,9.48395651,18
46.73111095,7.77093409,18
46.73107211,7.78401648,18
46.73103178,7.79709885,18
46.73098995,7.81018120,18
46.73094662,7.82326353,18
46.71395331,9.44507580,18
46.71372256,9.45814983,18
46.71349030,9.47122374,18
46.71325655,9.48429754,18
46.74014368,7.75790491,18
46.74010634,7.77098950,18
46.74006750,7.78407406,18
46.74002716,7.79715862,18
46.73998532,7.81024315,18
46.72294586,9.44541040,18
46.72271507,9.45848661,18
46.72248277,9.47156270,18
46.72224898,9.48463869,18
46.72201369,9.49771456,18
46.74913906,7.75795815,18
46.74910172,7.77104492,18
46.74906287,7.78413167,18
46.74902252,7.79721840,18
46.73170757,9.45882350,18
46.73147524,9.47190178,18
46.73124141,9.48497994,18
46.73100608,9.49805800,18
46.75809709,7.77110036,18
46.75805823,7.78418929,18
46.75801788,7.79727821,18
46.74070006,9.45916051,18
46.74046769,9.47224097,18
46.74023382,9.48532132,18
46.73999845,9.49840155,18
46.76712981,7.75806468,18
46.76709245,7.77115582,18
46.76705359,7.78424693,18
46.76701323,7.79733803,18
46.74946013,9.47258027,18
46.74922623,9.48566280,18
46.74899082,9.49874522,18
46.74875391,9.51182752,18
46.77616103,7.74502463,18
46.77612517,7.75811797,18
46.77608780,7.77121129,18
46.77604894,7.78430459,18
46.77600857,7.79739788,18
46.75845257,9.47291968,18
46.75821862,9.48600440,18
46.75798318,9.49908900,18
46.75774623,9.51217348,18
46.78515639,7.74507576,18
46.78512052,7.75817128,18
46.78508315,7.77126679,18
46.78504427,7.78436227,18
46.78500390,7.79745774,18
46.76744499,9.47325921,18
46.76721101,9.48634611,18
46.76697552,9.49943289,18
46.76673854,9.51251957,18
46.79415174,7.74512690,18
46.79411586,7.75822461,18
46.79407848,7.77132230,18
46.79403960,7.78441997,18
46.77643741,9.47359885,18
46.77620339,9.48668793,18
46.77596786,9.49977690,18
46.77573084,9.51286576,18
46.80314707,7.74517806,18
46.80311119,7.75827796,18
46.80307381,7.77137783,18
46.80303492,7.78447769,18
46.78566238,9.46084721,18
46.78542981,9.47393860,18
46.78519575,9.48702987,18
46.78496019,9.50012103,18
46.78472312,9.51321207,18
46.81214240,7.74522924,18
46.81210651,7.75833132,18
46.81206912,7.77143338,18
46.81203023,7.78453543,18
46.79442221,9.47427846,18
46.79418811,9.48737192,18
46.79395251,9.50046527,18
46.79371540,9.51355850,18
46.82113771,7.74528043,18
46.82110182,7.75838470,18
46.82106442,7.77148895,18
46.82102552,7.78459319,18
46.80341459,9.47461844,18
46.80318046,9.48771409,18
46.80294481,9.50080962,18
46.80270767,9.51390504,18
46.83009712,7.75843810,18
46.83005971,7.77154454,18
46.83002081,7.78465096,18
46.82998040,7.79775736,18
46.81240697,9.47495853,18
46.81217279,9.48805637,18
46.81193711,9.50115409,18
46.81169993,9.51425169,18
46.81146124,9.52734919,18
46.83912831,7.74538287,18
46.83909240,7.75849152,18
46.83905500,7.77160015,18
46.83901609,7.78470876,18
46.82116511,9.48839876,18
46.82092940,9.50149867,18
46.82069217,9.51459846,18
46.82045345,9.52769814,18
46.84812359,7.74543411,18
46.84808768,7.75854495,18
46.84805027,7.77165577,18
46.84801135,7.78476657,18
46.83015743,9.48874126,18
46.82992167,9.50184336,18
46.82968441,9.51494535,18
46.82944565,9.52804722,18
46.85715328,7.73237233,18
46.85711886,7.74548538,18
46.85708295,7.75859840,18
46.85704553,7.77171141,18
46.85700660,7.78482440,18
46.83914973,9.48908388,18
46.83891393,9.50218817,18
46.83867663,9.51529235,18
46.83843783,9.52839641,18
46.86614855,7.73242142,18
46.86611412,7.74553665,18
46.86607820,7.75865187,18
46.86604077,7.77176707,18
46.84814202,9.48942661,18
46.84790618,9.50253310,18
46.84766885,9.51563946,18
46.84743000,9.52874572,18
46.84718966,9.54185185,18
46.87514380,7.73247052,18
46.87510937,7.74558795,18
46.87507344,7.75870536,18
46.87503601,7.77182275,18
46.85713430,9.48976946,18
46.85689842,9.50287813,18
46.85666105,9.51598669,18
46.85642216,9.52909514,18
46.88417197,7.71940000,18
46.88413904,7.73251964,18
46.88410461,7.74563926,18
46.88406867,7.75875887,18
46.86612657,9.49011242,18
46.86589065,9.50322329,18
46.86565323,9.51633404,18
46.86541431,9.52944468,18
46.89316720,7.71944695,18
46.89313427,7.73256878,18
46.89309983,7.74569059,18
46.89306389,7.75881239,18
46.87511882,9.49045549,18
46.87488287,9.50356855,18
46.87464541,9.51668150,18
46.87440645,9.52979433,18
46.90216243,7.71949390,18
46.90212949,7.73261793,18
46.90209504,7.74574194,18
46.90205909,7.75886593,18
46.88411106,9.49079868,18
46.88387507,9.50391393,18
46.88363757,9.51702907,18
46.88339857,9.53014410,18
46.91112469,7.73266710,18
46.91109024,7.74579330,18
46.91105429,7.75891949,18
46.91101683,7.77204566,18
46.89333782,9.47802442,18
46.89310329,9.49114198,18
46.89286726,9.50425943,18
46.89262972,9.51737676,18
46.92011988,7.73271628,18
46.92008543,7.74584468,18
46.92004947,7.75897306,18
46.92001200,7.77210143,18
46.90233007,9.47836563,18
46.90209551,9.49148539,18
46.90185944,9.50460504,18
46.90162186,9.51772457,18
46.92911506,7.73276548,18
46.92908060,7.74589608,18
46.92904463,7.75902666,18
46.92900716,7.77215722,18
46.91132231,9.47870696,18
46.91108771,9.49182892,18
46.91085160,9.50495076,18
46.91061399,9.51807249,18
46.93811022,7.73281470,18
46.93807576,7.74594749,18
46.93803978,7.75908027,18
46.93800231,7.77221303,18
46.92054768,9.46592414,18
46.92031454,9.47904841,18
46.92007990,9.49217256,18
46.91984375,9.50529660,18
46.91960610,9.51842052,18
46.94707090,7.74599892,18
46.94703492,7.75913390,18
46.94699744,7.77226885,18
46.94695845,7.78540379,18
46.92930675,9.47938996,18
46.92907207,9.49251631,18
46.92883589,9.50564255,18
46.92859819,9.51876867,18
46.95606603,7.74605037,18
46.95603005,7.75918754,18
46.95599256,7.77232470,18
46.95595356,7.78546184,18
46.93853217,9.46660297,18
46.93829895,9.47973163,18
46.93806423,9.49286018,18
46.93782801,9.50598862,18
46.96506115,7.74610184,18
46.96502516,7.75924121,18
46.96498766,7.77238056,18
46.96494866,7.78551990,18
46.96490815,7.79865922,18
46.94752439,9.46694255,18
46.94729114,9.48007341,18
46.94705638,9.49320416,18
46.94682012,9.50633480,18
46.97402025,7.75929489,18
46.97398275,7.77243645,18
46.97394374,7.78557798,18
46.97390323,7.79871950,18
46.95651660,9.46728224,18
46.95628331,9.48041531,18
46.95604851,9.49354825,18
46.95581221,9.50668109,18
46.98301533,7.75934859,18
46.98297783,7.77249235,18
46.98293881,7.78563608,18
46.98289829,7.79877980,18
46.96550880,9.46762205,18
46.96527547,9.48075731,18
46.96504063,9.49389246,18
46.96480429,9.50702750,18
46.99197289,7.77254827,18
46.99193387,7.78569420,18
46.99189334,7.79884012,18
46.99185131,7.81198602,18
46.97450098,9.46796197,18
46.97426761,9.48109943,18
46.97403274,9.49423678,18
46.97379635,9.50737402,18
47.00096793,7.77260420,18
47.00092891,7.78575234,18
47.00088837,7.79890047,18
47.00084633,7.81204857,18
46.98349314,9.46830200,18
46.98325974,9.48144166,18
46.98302482,9.49458122,18
46.98278840,9.50772066,18
47.00996296,7.77266016,18
47.00992393,7.78581050,18
47.00988339,7.79896083,18
47.00984134,7.81211113,18
47.00979779,7.82526142,18
46.99248529,9.46864214,18
46.99225185,9.48178401,18
46.99201690,9.49492577,18
46.99178044,9.50806741,18
47.01891894,7.78586868,18
47.01887839,7.79902121,18
47.01883634,7.81217372,18
47.01879277,7.82532620,18
47.00147743,9.46898239,18
47.00124394,9.48212647,18
47.00100895,9.49527043,18
47.00077245,9.50841427,18
47.02791393,7.78592688,18
47.02787338,7.79908161,18
47.02783131,7.81223632,18
47.02778775,7.82539102,18
47.01046955,9.46932276,18
47.01023602,9.48246904,18
47.01000099,9.49561520,18
47.00976446,9.50876125,18
47.03686835,7.79914203,18
47.03682628,7.81229895,18
47.03678270,7.82545585,18
47.03673762,7.83861272,18
47.01946165,9.46966324,18
47.01922809,9.48281172,18
47.01899302,9.49596009,18
47.01875644,9.50910835,18
47.04586330,7.79920247,18
47.04582122,7.81236160,18
47.04577764,7.82552070,18
47.04573255,7.83867978,18
47.02868583,9.45685303,18
47.02845374,9.47000383,18
47.02822014,9.48315452,18
47.02798503,9.49630509,18
47.02774841,9.50945556,18
47.05481615,7.81242427,18
47.05477256,7.82558558,18
47.05472746,7.83874686,18
47.05468086,7.85190813,18
47.03767793,9.45719152,18
47.03744581,9.47034453,18
47.03721217,9.48349743,18
47.03697702,9.49665021,18
47.03674037,9.50980288,18
47.06381107,7.81248695,18
47.06376747,7.82565047,18
47.06372236,7.83881397,18
47.06367575,7.85197744,18
47.04690069,9.44437480,18
47.04667003,9.45753013,18
47.04643786,9.47068534,18
47.04620418,9.48384045,18
47.04596900,9.49699544,18
47.07280596,7.81254966,18
47.07276236,7.82571539,18
47.07271724,7.83888109,18
47.07267062,7.85204677,18
47.05589280,9.44471131,18
47.05566210,9.45786885,18
47.05542989,9.47102627,18
47.05519618,9.48418358,18
47.08180084,7.81261239,18
47.08175723,7.82578033,18
47.08171211,7.83894824,18
47.08166548,7.85211613,18
47.06488489,9.44504793,18
47.06465416,9.45820768,18
47.06442191,9.47136731,18
47.06418816,9.48452683,18
47.09075208,7.82584529,18
47.09070695,7.83901541,18
47.09066032,7.85218551,18
47.09061217,7.86535559,18
47.07410623,9.43222260,18
47.07387697,9.44538467,18
47.07364620,9.45854662,18
47.07341391,9.47170846,18
47.09979054,7.81273791,18
47.09974692,7.82591027,18
47.09970178,7.83908260,18
47.09965514,7.85225491,18
47.09960698,7.86542720,18
47.08332612,9.41939285,18
47.08309833,9.43255723,18
47.08286903,9.44572151,18
47.08263822,9.45888567,18
47.08240590,9.47204972,18
47.10874174,7.82597527,18
47.10869659,7.83914981,18
47.10864994,7.85232434,18
47.10860178,7.86549883,18
47.10855211,7.87867331,18
47.09231824,9.41972538,18
47.09209041,9.43289197,18
47.09186107,9.44605846,18
47.09163022,9.45922483,18
47.09139786,9.47239110,18
47.11773654,7.82604030,18
47.11769139,7.83921705,18
47.11764473,7.85239378,18
47.11759656,7.86557049,18
47.11754687,7.87874718,18
47.11749568,7.89192384,18
47.10153670,9.40688910,18
47.10131034,9.42005802,18
47.10108247,9.43322683,18
47.10085309,9.44639552,18
47.10062221,9.45956411,18
47.12663949,7.85246325,18
47.12659131,7.86564218,18
47.12654163,7.87882108,18
47.12649043,7.89199995,18
47.11052881,9.40721964,18
47.11030242,9.42039077,18
47.11007451,9.43356179,18
47.10984510,9.44673270,18
47.13563424,7.85253275,18
47.13558605,7.86571388,18
47.13553636,7.87889499,18
47.13548515,7.89207608,18
47.11952091,9.40755028,18
47.11929448,9.42072363,18
47.11906654,9.43389686,18
47.11883709,9.44706998,18
47.14458078,7.86578561,18
47.14453107,7.87896894,18
47.14447985,7.89215224,18
47.14442713,7.90533552,18
47.12851299,9.40788104,18
47.12828652,9.42105659,18
47.12805854,9.43423204,18
47.12782905,9.44740737,18
47.15357548,7.86585736,18
47.15352576,7.87904291,18
47.15347454,7.89222842,18
47.15342180,7.90541391,18
47.13773005,9.39503402,18
47.13750505,9.40821190,18
47.13727855,9.42138967,18
47.13705053,9.43456733,18
47.13682100,9.44774488,18
47.16257016,7.86592914,18
47.16252044,7.87911690,18
47.16246921,7.89230463,18
47.16241646,7.90549234,18
47.16236221,7.91868002,18
47.14694565,9.38218257,18
47.14672213,9.39536277,18
47.14649710,9.40854287,18
47.14627055,9.42172285,18
47.14604250,9.43490273,18
47.14581293,9.44808250,18
47.17151509,7.87919091,18
47.17146385,7.89238086,18
47.17141110,7.90557078,18
47.17135684,7.91876068,18
47.15615979,9.36932669,18
47.15593774,9.38250922,18
47.15571419,9.39569164,18
47.15548912,9.40887395,18
47.15526254,9.42205615,18
47.15503445,9.43523824,18
47.18050973,7.87926495,18
47.18045848,7.89245712,18
47.18040572,7.90564926,18
47.18035145,7.91884137,18
47.16515190,9.36965123,18
47.16492982,9.38283597,18
47.16470623,9.39602061,18
47.16448112,9.40920513,18
47.16425450,9.42238955,18
47.18945309,7.89253340,18
47.18940032,7.90572776,18
47.18934603,7.91892209,18
47.18929024,7.93211639,18
47.17436460,9.35678881,18
47.17414399,9.36997587,18
47.17392188,9.38316283,18
47.17369825,9.39634968,18
47.17347310,9.40953643,18
47.19844767,7.89260971,18
47.19839490,7.90580628,18
47.19834060,7.91900283,18
47.19828480,7.93219936,18
47.18335671,9.35711134,18
47.18313607,9.37030062,18
47.18291391,9.38348980,18
47.18269024,9.39667887,18
47.20738945,7.90588483,18
47.20733515,7.91908360,18
47.20727934,7.93228234,18
47.20722202,7.94548106,18
47.19234880,9.35743397,18
47.19212812,9.37062548,18
47.19190593,9.38381687,18
47.19168222,9.39700816,18
47.21638399,7.90596341,18
47.21632968,7.91916440,18
47.21627386,7.93236536,18
47.21621652,7.94556630,18
47.20156007,9.34456289,18
47.20134087,9.35775672,18
47.20112015,9.37095044,18
47.20089792,9.38414405,18
47.22537851,7.90604201,18
47.22532419,7.91924522,18
47.22526836,7.93244840,18
47.22521101,7.94565156,18
47.22515216,7.95885469,18
47.21055215,9.34488351,18
47.21033291,9.35807956,18
47.21011216,9.37127551,18
47.20988990,9.38447134,18
47.23431867,7.91932607,18
47.23426283,7.93253147,18
47.23420548,7.94573685,18
47.23414661,7.95894220,18
47.21976197,9.33200587,18
47.21954421,9.34520425,18
47.21932494,9.35840252,18
47.21910415,9.37160068,18
47.24331314,7.91940695,18
47.24325729,7.93261457,18
47.24319993,7.94582217,18
47.24314105,7.95902974,18
47.22875405,9.33232449,18
47.22853625,9.34552508,18
47.22831694,9.35872557,18
47.22809612,9.37192596,18
47.25225172,7.93269770,18
47.25219435,7.94590752,18
47.25213546,7.95911731,18
47.25207506,7.97232707,18
47.23796242,9.31944028,18
47.23774610,9.33264320,18
47.23752827,9.34584602,18
47.23730892,9.35904874,18
47.23708806,9.37225135,18
47.26124613,7.93278085,18
47.26118875,7.94599289,18
47.26112986,7.95920491,18
47.24695449,9.31975688,18
47.24673813,9.33296203,18
47.24652027,9.34616707,18
47.24630088,9.35937201,18
47.27024052,7.93286403,18
47.27018313,7.94607829,18
47.27012423,7.95929253,18
47.27006381,7.97250675,18
47.25594653,9.32007358,18
47.25573014,9.33328095,18
47.25551224,9.34648822,18
47.27917749,7.94616373,18
47.27911858,7.95938019,18
47.27905815,7.97259663,18
47.26515347,9.30718069,18
47.26493856,9.32039039,18
47.26472213,9.33359998,18
47.26450419,9.34680947,18
47.28822924,7.93303047,18
47.28817183,7.94624918,18
47.28811290,7.95946787,18
47.28805246,7.97268654,18
47.28799051,7.98590517,18
47.27414550,9.30749537,18
47.27393056,9.32070730,18
47.27371410,9.33391912,18
47.27349612,9.34713083,18
47.29722356,7.93311373,18
47.29716614,7.94633467,18
47.29710720,7.95955559,18
47.29704675,7.97277648,18
47.29698479,7.98599733,18
47.29692131,7.99921816,18
47.28356293,9.28138155,18
47.28335098,9.29459591,18
47.28313752,9.30781016,18
47.28292254,9.32102431,18
47.28270604,9.33423836,18
47.28248803,9.34745230,18
47.30616043,7.94642019,18
47.30610148,7.95964333,18
47.30604102,7.97286644,18
47.30597905,7.98608953,18
47.30591556,7.99931258,18
47.30585056,8.01253561,18
47.29297442,9.25525852,18
47.29276546,9.26847530,18
47.29255499,9.28169199,18
47.29234301,9.29490857,18
47.29212951,9.30812505,18
47.29191449,9.32134143,18
47.29169796,9.33455770,18
47.31509574,7.95973110,18
47.31503527,7.97295644,18
47.31497329,7.98618175,18
47.31490979,7.99940704,18
47.31484477,8.01263229,18
47.31477824,8.02585751,18
47.30237996,9.22912628,18
47.30217400,9.24234549,18
47.30196653,9.25556460,18
47.30175754,9.26878361,18
47.30154703,9.28200252,18
47.30133501,9.29522133,18
47.30112147,9.30844004,18
47.30090642,9.32165864,18
47.30068985,9.33487715,18
47.32402949,7.97304647,18
47.32396750,7.98627401,18
47.32390399,7.99950152,18
47.32383896,8.01272900,18
47.32377242,8.02595645,18
47.32370436,8.03918387,18
47.31157658,9.21620646,18
47.31137211,9.22942800,18
47.31116611,9.24264944,18
47.31095861,9.25587078,18
47.31074958,9.26909202,18
47.31053904,9.28231316,18
47.31032699,9.29553420,18
47.33296169,7.98636629,18
47.33289817,7.99959603,18
47.33283313,8.01282574,18
47.33276658,8.02605542,18
47.33269851,8.03928507,18
47.33262892,8.05251468,18
47.33255782,8.06574426,18
47.32077174,9.20328219,18
47.32056874,9.21650606,18
47.32036423,9.22972982,18
47.32015821,9.24295349,18
47.31995066,9.25617706,18
47.31974161,9.26940053,18
47.31953103,9.28262390,18
47.34189232,7.99969058,18
47.34182727,8.01292252,18
47.34176071,8.02615443,18
47.34169263,8.03938630,18
47.34162303,8.05261815,18
47.34155192,8.06584996,18
47.34147929,8.07908173,18
47.33036389,9.16390079,18
47.33016541,9.17712717,18
47.32996542,9.19035346,18
47.32976391,9.20357965,18
47.32956088,9.21680575,18
47.32935633,9.23003174,18
47.32915027,9.24325764,18
47.32894270,9.25648344,18
47.35082139,8.01301933,18
47.35075482,8.02625346,18
47.35068673,8.03948757,18
47.35061712,8.05272164,18
47.35054600,8.06595568,18
47.35047336,8.07918969,18
47.35039920,8.09242366,18
47.33974860,9.13773415,18
47.33955313,9.15096295,18
47.33935613,9.16419166,18
47.33915762,9.17742027,18
47.33895759,9.19064879,18
47.33875605,9.20387721,18
47.33855299,9.21710553,18
47.33834841,9.23033376,18
47.33814232,9.24356189,18
47.35968080,8.03958887,18
47.35961118,8.05282518,18
47.35954005,8.06606145,18
47.35946739,8.07929768,18
47.35939323,8.09253388,18
47.35931754,8.10577005,18
47.34893488,9.12478952,18
47.34874089,9.13802065,18
47.34854538,9.15125168,18
47.34834835,9.16448262,18
47.34814981,9.17771346,18
47.34794975,9.19094421,18
47.34774817,9.20417486,18
47.34754508,9.21740542,18
47.36860522,8.05292874,18
47.36853407,8.06616724,18
47.36846141,8.07940571,18
47.36838723,8.09264415,18
47.36831153,8.10588254,18
47.35831067,9.09860688,18
47.35811968,9.11184043,18
47.35792717,9.12507388,18
47.35773314,9.13830724,18
47.35753760,9.15154050,18
47.35734054,9.16477367,18
47.35714197,9.17800675,18
47.35694187,9.19123973,18
47.35674026,9.20447261,18
47.35653714,9.21770540,18
47.37752807,8.06627308,18
47.37745540,8.07951378,18
47.37738120,8.09275444,18
47.37730549,8.10599507,18
47.37722826,8.11923567,18
47.37714952,8.13247622,18
47.37706926,8.14571674,18
47.36749250,9.08565100,18
47.36730300,9.09888687,18
47.36711197,9.11212265,18
47.36691943,9.12535833,18
47.36672538,9.13859392,18
47.36652980,9.15182942,18
47.36633271,9.16506482,18
47.38644936,8.07962188,18
47.38637515,8.09286478,18
47.38629943,8.10610764,18
47.38622219,8.11935047,18
47.38614343,8.13259326,18
47.38606316,8.14583601,18
47.38598136,8.15907872,18
47.38589805,8.17232139,18
47.37685935,9.05945237,18
47.37667285,9.07269066,18
47.37648483,9.08592885,18
47.37629530,9.09916695,18
47.37610424,9.11240496,18
47.37591167,9.12564287,18
47.37571758,9.13888070,18
47.37552198,9.15211843,18
47.39536908,8.09297515,18
47.39529335,8.10622024,18
47.39521609,8.11946530,18
47.39513732,8.13271033,18
47.39505703,8.14595531,18
47.39497522,8.15920026,18
47.39489190,8.17244517,18
47.39480706,8.18569004,18
47.38603674,9.04648524,18
47.38585172,9.05972584,18
47.38566519,9.07296635,18
47.38547714,9.08620678,18
47.38528757,9.09944711,18
47.38509649,9.11268736,18
47.38490389,9.12592751,18
47.40428723,8.10633288,18
47.40420997,8.11958018,18
47.40413118,8.13282744,18
47.40405088,8.14607466,18
47.40396906,8.15932184,18
47.40388572,8.17256898,18
47.40380087,8.18581608,18
47.40371449,8.19906315,18
47.40362660,8.21231017,18
47.39539464,9.02027061,18
47.39521264,9.03351363,18
47.39502911,9.04675656,18
47.39484407,9.05999939,18
47.39465750,9.07324214,18
47.39446942,9.08648480,18
47.39427982,9.09972737,18
47.39408871,9.11296985,18
47.41304470,8.14619404,18
47.41296287,8.15944346,18
47.41287952,8.17269284,18
47.41279465,8.18594218,18
47.41270826,8.19919147,18
47.41262035,8.21244073,18
47.41253093,8.22568994,18
47.40474657,8.99404679,18
47.40456757,9.00729221,18
47.40438705,9.02053755,18
47.40420501,9.03378280,18
47.40402146,9.04702796,18
47.40383638,9.06027304,18
47.40364979,9.07351802,18
47.40346168,9.08676292,18
47.40327205,9.10000772,18
47.42195666,8.15956512,18
47.42187329,8.17281673,18
47.42178841,8.18606831,18
47.42170200,8.19931984,18
47.42161408,8.21257133,18
47.42152464,8.22582278,18
47.42143369,8.23907419,18
47.42134121,8.25232555,18
47.41409252,8.96781377,18
47.41391652,8.98106160,18
47.41373901,8.99430934,18
47.41355998,9.00755700,18
47.41337943,9.02080457,18
47.41319736,9.03405206,18
47.41301378,9.04729946,18
47.41282867,9.06054677,18
47.41264205,9.07379399,18
47.43095041,8.15968682,18
47.43078214,8.18619448,18
47.43069572,8.19944825,18
47.43060778,8.21270198,18
47.43051833,8.22595566,18
47.43042736,8.23920931,18
47.43033487,8.25246290,18
47.43024086,8.26571646,18
47.42377389,8.91507083,18
47.42360394,8.92832123,18
47.42343248,8.94157155,18
47.42325949,8.95482178,18
47.42308499,8.96807193,18
47.42290897,8.98132199,18
47.42273143,8.99457198,18
47.42255237,9.00782187,18
47.42237179,9.02107168,18
47.42218969,9.03432140,18
47.42200607,9.04757104,18
47.43960146,8.21283267,18
47.43951199,8.22608859,18
47.43942100,8.23934447,18
47.43932850,8.25260031,18
47.43923447,8.26585610,18
47.43913893,8.27911185,18
47.43293491,8.90206741,18
47.43276645,8.91532013,18
47.43259647,8.92857276,18
47.43242498,8.94182531,18
47.43225197,8.95507779,18
47.43207743,8.96833017,18
47.43190138,8.98158248,18
47.43172381,8.99483470,18
47.43154472,9.00808683,18
47.43136412,9.02133888,18
47.43118199,9.03459084,18
47.44850562,8.22622156,18
47.44841462,8.23947968,18
47.44832210,8.25273775,18
47.44822806,8.26599578,18
47.44813250,8.27925377,18
47.44803542,8.29251171,18
47.44793682,8.30576960,18
47.44783670,8.31902745,18
47.44773507,8.33228524,18
47.44763191,8.34554299,18
47.44242380,8.86254920,18
47.44225987,8.87580440,18
47.44209443,8.88905951,18
47.44192746,8.90231455,18
47.44175898,8.91556950,18
47.44158898,8.92882437,18
47.44141746,8.94207917,18
47.44124441,8.95533387,18
47.44106985,8.96858850,18
47.44089377,8.98184304,18
47.44071617,8.99509750,18
47.44053706,9.00835187,18
47.45731568,8.25287524,18
47.45722162,8.26613551,18
47.45712605,8.27939574,18
47.45702895,8.29265592,18
47.45693033,8.30591605,18
47.45683020,8.31917613,18
47.45672855,8.33243617,18
47.45662537,8.34569616,18
47.45652068,8.35895609,18
47.45189915,8.82301694,18
47.45173976,8.83627460,18
47.45157885,8.84953219,18
47.45141641,8.86278970,18
47.45125246,8.87604713,18
47.45108699,8.88930449,18
47.45092000,8.90256176,18
47.45075148,8.91581895,18
47.45058145,8.92907607,18
47.45040990,8.94233310,18
47.45023683,8.95559005,18
47.45006224,8.96884691,18
47.46621516,8.26627529,18
47.46611956,8.27953776,18
47.46602245,8.29280017,18
47.46592382,8.30606255,18
47.46582367,8.31932487,18
47.46572200,8.33258715,18
47.46561881,8.34584937,18
47.46551410,8.35911155,18
47.46540787,8.37237368,18
47.46530012,8.38563575,18
47.46496775,8.42542167,18
47.46166613,8.75695015,18
47.46151430,8.77021043,18
47.46136096,8.78347063,18
47.46120610,8.79673076,18
47.46104972,8.80999082,18
47.46089182,8.82325080,18
47.46073240,8.83651070,18
47.46057146,8.84977053,18
47.46040900,8.86303028,18
47.46024502,8.87628995,18
47.46007952,8.88954954,18
47.45991250,8.90280906,18
47.45974396,8.91606849,18
47.45957390,8.92932784,18
47.47511305,8.27967982,18
47.47501593,8.29294448,18
47.47491728,8.30620909,18
47.47481711,8.31947365,18
47.47471543,8.33273817,18
47.47461222,8.34600264,18
47.47450749,8.35926706,18
47.47440125,8.37253142,18
47.47429348,8.38579574,18
47.47418419,8.39906000,18
47.47407338,8.41232422,18
47.47396106,8.42558838,18
47.47384721,8.43885248,18
47.47373184,8.45211653,18
47.47361496,8.46538052,18
47.47349655,8.47864446,18
47.47337662,8.49190834,18
47.47110531,8.71738490,18
47.47095802,8.73064763,18
47.47080922,8.74391029,18
47.47065889,8.75717288,18
47.47050704,8.77043540,18
47.47035368,8.78369784,18
47.47019879,8.79696021,18
47.47004238,8.81022251,18
47.46988446,8.82348473,18
47.46972501,8.83674687,18
47.46956404,8.85000894,18
47.46940156,8.86327093,18
47.46923755,8.87653284,18
47.46907202,8.88979468,18
47.46890498,8.90305643,18
47.48360560,8.34615595,18
47.48350086,8.35942261,18
47.48339459,8.37268922,18
47.48328681,8.38595578,18
47.48317750,8.39922229,18
47.48306668,8.41248874,18
47.48295433,8.42575514,18
47.48284047,8.43902149,18
47.48272508,8.45228778,18
47.48260818,8.46555401,18
47.48248975,8.47882019,18
47.48236980,8.49208631,18
47.48224834,8.50535238,18
47.48212535,8.51861838,18
47.48200084,8.53188433,18
47.48187481,8.54515022,18
47.48174727,8.55841605,18
47.48161820,8.57168181,18
47.48148761,8.58494751,18
47.48053093,8.67780564,18
47.48038818,8.69107082,18
47.48024391,8.70433593,18
47.48009812,8.71760098,18
47.47995081,8.73086595,18
47.47980198,8.74413085,18
47.47965162,8.75739568,18
47.47949975,8.77066044,18
47.47934636,8.78392512,18
47.47919145,8.79718974,18
47.47903502,8.81045427,18
47.47887707,8.82371873,18
47.47871759,8.83698312,18
47.47855660,8.85024743,18
47.47839409,8.86351166,18
47.49259895,8.34630932,18
47.49249419,8.35957822,18
47.49238791,8.37284707,18
47.49228011,8.38611587,18
47.49217079,8.39938462,18
47.49205994,8.41265331,18
47.49194758,8.42592196,18
47.49183370,8.43919054,18
47.49171829,8.45245908,18
47.49160137,8.46572756,18
47.49148292,8.47899598,18
47.49136295,8.49226434,18
47.49124147,8.50553265,18
47.49111846,8.51880090,18
47.49099393,8.53206909,18
47.49086789,8.54533722,18
47.49074032,8.55860529,18
47.49061123,8.57187329,18
47.49048062,8.58514124,18
47.49034849,8.59840912,18
47.49021484,8.61167694,18
47.49007967,8.62494470,18
47.48980476,8.65148001,18
47.48966503,8.66474757,18
47.48952378,8.67801506,18
47.48938101,8.69128248,18
47.48923671,8.70454984,18
47.48909090,8.71781712,18
47.48894356,8.73108434,18
47.48879471,8.74435148,18
47.48864433,8.75761855,18
47.48849244,8.77088555,18
47.48833902,8.78415248,18
47.48818408,8.79741933,18
47.48802762,8.81068611,18
47.48786965,8.82395282,18
47.50116404,8.39954700,18
47.50094080,8.42608883,18
47.50082690,8.43935966,18
47.50071147,8.45263044,18
47.50059453,8.46590116,18
47.50047606,8.47917182,18
47.50035608,8.49244243,18
47.50023457,8.50571298,18
47.50011154,8.51898347,18
47.49998700,8.53225390,18
47.49986093,8.54552427,18
47.49973334,8.55879459,18
47.49960423,8.57206484,18
47.49947360,8.58533503,18
47.49934145,8.59860515,18
47.49920777,8.61187521,18
47.49907258,8.62514521,18
47.49893587,8.63841514,18
47.49879763,8.65168501,18
47.49865788,8.66495481,18
47.49851660,8.67822455,18
47.49837381,8.69149421,18
47.49822949,8.70476381,18
47.49808365,8.71803334,18
47.49793629,8.73130279,18
47.49778741,8.74457218,18
47.49763701,8.75784150,18
47.50934917,8.49262057,18
47.50922765,8.50589337,18
47.50910460,8.51916610,18
47.50898003,8.53243878,18
47.50885394,8.54571139,18
47.50872633,8.55898395,18
47.50859720,8.57225644,18
47.50846655,8.58552887,18
47.50833438,8.59880124,18
47.50820068,8.61207355,18
47.50806547,8.62534579,18
47.50792873,8.63861797,18
47.50779047,8.65189008,18
47.50765070,8.66516212,18
47.50750940,8.67843410,18
47.50736658,8.69170601,18
47.50722224,8.70497785,18
47.51745947,8.58572279,18
47.51732728,8.59899740,18
47.51719356,8.61227195,18
47.51705832,8.62554644,18
47.51692157,8.63882086,18
47.51678329,8.65209521,18
47.51664349,8.66536950,18
47.51650216,8.67864372,18
47.52591437,8.63902381,18
