46.022220900191,7.782121612639,17
46.031254853574,7.769263203208,17
46.031216224174,7.782178112425,17
46.031176114719,7.795093002312,17
46.031134525211,7.808007872144,17
46.031091455650,7.820922721193,17
46.031046906034,7.833837548733,17
46.031000876365,7.846752354037,17
46.040577488612,7.627229155665,17
46.040555136052,7.640146354322,17
46.040531303190,7.653063541644,17
46.040505990026,7.665980716902,17
46.040323024699,7.743483474445,17
46.040287349420,7.756400544919,17
46.040250193840,7.769317597516,17
46.040211557958,7.782234631511,17
46.040171441774,7.795151646176,17
46.040129845288,7.808068640785,17
46.040086768499,7.820985614612,17
46.040042211409,7.833902566930,17
46.039996174017,7.846819497011,17
46.039948656323,7.859736404130,17
46.039899658327,7.872653287559,17
46.039849180028,7.885570146572,17
46.039797221428,7.898486980443,17
46.039743782526,7.911403788444,17
46.039688863322,7.924320569850,17
46.039632463816,7.937237323933,17
46.039574584007,7.950154049966,17
46.039515223897,7.963070747223,17
46.049572893354,7.627260188012,17
46.049550537044,7.640179512172,17
46.049526700183,7.653098824997,17
46.049501382773,7.666018125759,17
46.049474584812,7.678937413732,17
46.049352587464,7.730614423195,17
46.049318386751,7.743533636321,17
46.049282705488,7.756452832298,17
46.049245543675,7.769372010398,17
46.049206901311,7.782291169896,17
46.049166778397,7.795210310065,17
46.049125174933,7.808129430178,17
46.049082090918,7.821048529508,17
46.049037526353,7.833967607328,17
46.048991481238,7.846886662913,17
46.048943955572,7.859805695535,17
46.048894949356,7.872724704467,17
46.048844462590,7.885643688984,17
46.048792495273,7.898562648358,17
46.048739047406,7.911481581862,17
46.048684118989,7.924400488771,17
46.048627710021,7.937319368357,17
46.048569820503,7.950238219894,17
46.048510450435,7.963157042654,17
46.048449599816,7.976075835912,17
46.048387268647,7.988994598941,17
46.048323456927,8.001913331013,17
46.058589186692,7.614369769953,17
46.058568307431,7.627291230952,17
46.058545947371,7.640212681341,17
46.058522106512,7.653134120395,17
46.058496784855,7.666055547385,17
46.058469982399,7.678976961587,17
46.058441699145,7.691898362272,17
46.058380690240,7.717741120188,17
46.058347964589,7.730662475966,17
46.058313758140,7.743583815320,17
46.058278070892,7.756505137526,17
46.058240902845,7.769426441855,17
46.058202254000,7.782347727582,17
46.058162124356,7.795268993979,17
46.058120513914,7.808190240321,17
46.058077422673,7.821111465879,17
46.058032850633,7.834032669929,17
46.057986797794,7.846953851742,17
46.057939264157,7.859875010593,17
46.057890249721,7.872796145754,17
46.057839754487,7.885717256500,17
46.057787778453,7.898638342102,17
46.057734321622,7.911559401836,17
46.057679383991,7.924480434973,17
46.057622965562,7.937401440788,17
46.057565066334,7.950322418553,17
46.057505686307,7.963243367542,17
46.057444825482,7.976164287029,17
46.057382483858,7.989085176287,17
46.057318661436,8.002006034588,17
46.057253358215,8.014926861207,17
46.057186574195,8.027847655416,17
46.067666811481,7.549780623060,17
46.067653333953,7.562704253160,17
46.067638375379,7.575627876284,17
46.067621935757,7.588551491705,17
46.067604015088,7.601475098697,17
46.067584613372,7.614398696532,17
46.067563730610,7.627322284485,17
46.067541366800,7.640245861829,17
46.067517521943,7.653169427837,17
46.067492196040,7.666092981782,17
46.067465389089,7.679016522937,17
46.067437101091,7.691940050577,17
46.067407332047,7.704863563974,17
46.067376081955,7.717787062402,17
46.067343350816,7.730710545134,17
46.067309138630,7.743634011443,17
46.067273445398,7.756557460602,17
46.067236271118,7.769480891886,17
46.066982123453,7.847021063499,17
46.066934581844,7.859944349304,17
46.066885559188,7.872867611420,17
46.066674658096,7.924560408456,17
46.066618230205,7.937483541225,17
46.066560321267,7.950406645945,17
46.066500931283,7.963329721888,17
46.066440060251,7.976252768329,17
46.066377708172,7.989175784541,17
46.066313875046,8.002098769797,17
46.066248560874,8.015021723370,17
46.066181765654,8.027944644534,17
46.066113489387,8.040867532561,17
46.066043732074,8.053790386726,17
46.076674259305,7.536873157078,17
46.076662260813,7.549798921107,17
46.076648781025,7.562724678887,17
46.076633819942,7.575650429691,17
46.076617377564,7.588576172792,17
46.076599453891,7.601501907463,17
46.076580048922,7.614427632979,17
46.076559162658,7.627353348612,17
46.076432511907,7.691981753103,17
46.076402737870,7.704907394180,17
46.076371482539,7.717833020288,17
46.076338745912,7.730758630699,17
46.076304527990,7.743684224688,17
46.075435303888,7.976341279813,17
46.075372941355,7.989266423704,17
46.075309097526,8.002191536640,17
46.075243772402,8.015116617893,17
46.075176965982,8.028041666737,17
46.075108678267,8.040966682444,17
46.075038909257,8.053891664289,17
46.074967658952,8.066816611545,17
46.074894927351,8.079741523484,17
46.074820714454,8.092666399381,17
46.085669719284,7.536889332960,17
46.085657718780,7.549817225394,17
46.085644236733,7.562745111579,17
46.085629273142,7.575672990788,17
46.085612828007,7.588600862295,17
46.085594901329,7.601528725372,17
46.085575493107,7.614456579293,17
46.085554603341,7.627384423331,17
46.085398152330,7.704951239332,17
46.085366891759,7.717878993845,17
46.084925243592,7.860083097686,17
46.084304328641,8.002284335117,17
46.084238992565,8.015211544776,17
46.084172174946,8.028138722025,17
46.084103875783,8.041065866138,17
46.084034095076,8.053992976388,17
46.083962832826,8.066920052049,17
46.083890089032,8.079847092394,17
46.083815863694,8.092774096697,17
46.083740156813,8.105701064230,17
46.083662968388,8.118627994267,17
46.094684747320,7.511045455383,17
46.094675708389,7.523975487267,17
46.094665187665,7.536905514355,17
46.094653185150,7.549835535921,17
46.094639700843,7.562765551237,17
46.094624734744,7.575695559577,17
46.094608286853,7.588625560214,17
46.094590357169,7.601555552422,17
46.094570945694,7.614485535474,17
46.094362309381,7.717924983075,17
46.093920587185,7.860152507357,17
46.093167392312,8.028235810398,17
46.093099081701,8.041165083642,17
46.093029289297,8.054094323024,17
46.092958015102,8.067023527816,17
46.092885259115,8.079952697292,17
46.092811021336,8.092881830725,17
46.092735301765,8.105810927389,17
46.092658100401,8.118739986557,17
46.092579417246,8.131669007503,17
46.092499252299,8.144597989499,17
46.103693861919,7.485193047618,17
46.103687785554,7.498125216770,17
46.103680227148,7.511057382580,17
46.103671186702,7.523989544321,17
46.103660664215,7.536921701265,17
46.103648659689,7.549853852687,17
46.103635173122,7.562785997860,17
46.102094295787,8.041264334958,17
46.101953205547,8.067127038845,17
46.101880437367,8.080058338177,17
46.101806187146,8.092989601467,17
46.101730454885,8.105920827988,17
46.101653240584,8.118852017012,17
46.101574544242,8.131783167814,17
46.101494365860,8.144714279667,17
46.112693947062,7.472266415362,17
46.112689351967,7.485200717713,17
46.112683274584,7.498135017448,17
46.112675714912,7.511069313840,17
46.112666672951,7.524003606163,17
46.112656148701,7.536937893689,17
46.112644142163,7.549872175693,17
46.110801360893,8.093097408922,17
46.110725615942,8.106030766025,17
46.110648388702,8.118964085631,17
46.110569679174,8.131897367015,17
46.110489487357,8.144830609450,17
46.121692558910,7.459335521215,17
46.121689445583,7.472271956762,17
46.121684849718,7.485208390421,17
46.121678771316,7.498144821463,17
46.121671210377,7.511081249163,17
46.121662166902,7.524017672793,17
46.121651640889,7.536954091628,17
46.119564821808,8.132011605106,17
46.119484616556,8.144946978849,17
46.119402928767,8.157882312915,17
46.119319758442,8.170817606579,17
46.130688510257,7.420523225656,17
46.130689844763,7.433461794545,17
46.130689696485,7.446400363724,17
46.130688065421,7.459338932468,17
46.130684951572,7.472277500049,17
46.130680354937,7.485216065740,17
46.130674275517,7.498154628816,17
46.130666713312,7.511093188549,17
46.128398051752,8.158000853962,17
46.128314867495,8.170938279659,17
46.128230200453,8.183875664227,17
46.139676905516,7.394638840277,17
46.139681206314,7.407579539163,17
46.139684024078,7.420520239793,17
46.139685358808,7.433460941441,17
46.139685210504,7.446401643379,17
46.139683579167,7.459342344882,17
46.139680464797,7.472283045222,17
46.139675867392,7.485223743672,17
46.139669786954,7.498164439506,17
46.137393181973,8.158119435350,17
46.137309983784,8.171058993806,17
46.137225302562,8.183998511132,17
46.137139138306,8.196937986603,17
46.148650620902,7.355803107048,17
46.148659372265,7.368745929827,17
46.148666640347,7.381688756530,17
46.148672425147,7.394631586430,17
46.148676726665,7.407574418801,17
46.148679544901,7.420517252915,17
46.148680879854,7.433460088047,17
46.148680731526,7.446402923470,17
46.148679099916,7.459345758457,17
46.148675985024,7.472288592281,17
46.148671386850,7.485231424216,17
46.146220411673,8.184121399830,17
46.146134232989,8.197063008785,17
46.157635907292,7.342844495767,17
46.157646143651,7.355789448105,17
46.157654896480,7.368734405094,17
46.157662165779,7.381679366006,17
46.157667951547,7.394624330116,17
46.157672253785,7.407569296697,17
46.157675072493,7.420514265021,17
46.157676407670,7.433459234363,17
46.157676259317,7.446404203996,17
46.155215527553,8.184244330320,17
46.155129334441,8.197188073484,17
46.155041657798,8.210131774066,17
46.154952497625,8.223075431339,17
46.166619713012,7.329881615349,17
46.166631434863,7.342828697245,17
46.166641672936,7.355775784518,17
46.166650427230,7.368722876442,17
46.166657697746,7.381669972290,17
46.166663484483,7.394617071336,17
46.166667787441,7.407564172852,17
46.166670606620,7.420511276112,17
46.164210649969,8.184367302601,17
46.164124442428,8.197313180701,17
46.164036751109,8.210259016219,17
46.163947576011,8.223204808427,17
46.163856917135,8.236150556599,17
46.163764774479,8.249096260008,17
46.163671148045,8.262041917928,17
46.175615244924,7.329863675796,17
46.175626968737,7.342812893353,17
46.175637208523,7.355762116288,17
46.175645964283,7.368711343873,17
46.175653236015,7.381660575382,17
46.173205778687,8.184490316675,17
46.173119556718,8.197438330436,17
46.173031850722,8.210386301614,17
46.172942660699,8.223334229483,17
46.172851986650,8.236282113316,17
46.172759828573,8.249229952387,17
46.172666186469,8.262177745968,17
46.184597572854,7.316894382310,17
46.184610782905,7.329845730149,17
46.184622508680,7.342797084093,17
46.184632750179,7.355748443414,17
46.184641507404,7.368699807386,17
46.182200913473,8.184613372540,17
46.182114677076,8.197563522688,17
46.182026956404,8.210513630253,17
46.181937751457,8.223463694508,17
46.181847062234,8.236413714728,17
46.181754888736,8.249363690185,17
46.181661230962,8.262313620153,17
46.181566088913,8.275263503904,17
46.193578417676,7.303920815335,17
46.193593114460,7.316874293456,17
46.193606326721,7.329827778408,17
46.193618054458,7.342781269463,17
46.193628297671,7.355734765896,17
46.190842143654,8.236545360834,17
46.190749954734,8.249497473403,17
46.190656281291,8.262449540483,17
46.190561123323,8.275401561347,17
46.202573962426,7.303898581823,17
46.202588661669,7.316854197782,17
46.202601876139,7.329809820571,17
46.202613605838,7.342765449465,17
46.202623850765,7.355721083735,17
46.199837230675,8.236677051634,17
46.199745026334,8.249631302041,17
46.199651337221,8.262585506958,17
46.199556163336,8.275539665660,17
46.199459504679,8.288493777419,17
46.211553325823,7.290918593801,17
46.211569512545,7.303876340766,17
46.211584214246,7.316834095288,17
46.211597430927,7.329791856640,17
46.211609162588,7.342749624097,17
46.208740103304,8.249765176099,17
46.208646398521,8.262721519579,17
46.208551208717,8.275677816844,17
46.208454533893,8.288634067166,17
46.208356374049,8.301590269819,17
46.208155599300,8.327502529209,17
46.207948884470,8.353414589202,17
46.220548878371,7.290894205909,17
46.220565067799,7.303854092162,17
46.220579771959,7.316813985973,17
46.220592990850,7.329773886614,17
46.217735185408,8.249899095576,17
46.217641464956,8.262857578346,17
46.217546259234,8.275816014899,17
46.217449568244,8.288774404510,17
46.217351391985,8.301732746451,17
46.217251730457,8.314691039996,17
46.217150583661,8.327649284419,17
46.217047951596,8.340607478993,17
46.229526758168,7.277907791762,17
46.229544435820,7.290869809746,17
46.229560627956,7.303831836013,17
46.229575334574,7.316793869838,17
46.229588555675,7.329755910494,17
46.226636536293,8.262993683257,17
46.226541314653,8.275954259825,17
46.226444607496,8.288914789450,17
46.226346414823,8.301875271406,17
46.226246736632,8.314835704965,17
46.226145572924,8.327796089402,17
46.226042923700,8.340756423990,17
46.225938788958,8.353716708002,17
46.225833168699,8.366676940711,17
46.225726062924,8.379637121391,17
46.225617471631,8.392597249314,17
46.225282784651,8.431477309283,17
46.238503150959,7.264917096874,17
46.238522317331,7.277881246587,17
46.238539997939,7.290845405311,17
46.238556192781,7.303809572318,17
46.238570901858,7.316773746883,17
46.235536374741,8.276092551622,17
46.235439651418,8.289055221987,17
46.235341442329,8.302017844682,17
46.235140566856,8.327942944159,17
46.235037900472,8.340905419486,17
46.234933748322,8.353867844238,17
46.234828110407,8.366830217687,17
46.234720986726,8.379792539107,17
46.234612377280,8.392754807770,17
46.234502282069,8.405717022951,17
46.234390701093,8.418679183923,17
46.234277634351,8.431641289958,17
46.234163081843,8.444603340331,17
46.247498711354,7.264888401237,17
46.247517880930,7.277854692416,17
46.247535564493,7.290820992605,17
46.247551762042,7.303787301078,17
46.247566473577,7.316753617108,17
46.244135565224,8.328089848688,17
46.244032881679,8.341054465481,17
46.243928712121,8.354019031698,17
46.243823056550,8.366983546613,17
46.243715914964,8.379948009498,17
46.243607287365,8.392912419627,17
46.243497173753,8.405876776273,17
46.243385574126,8.418841078710,17
46.243272488486,8.431805326211,17
46.243157916833,8.444769518050,17
46.243041859165,8.457733653499,17
46.242924315484,8.470697731832,17
46.256473616910,7.251891272246,17
46.256494275952,7.264859695878,17
46.256513448732,7.277828129247,17
46.256531135250,7.290796571627,17
46.256547335505,7.303765022291,17
46.252818006895,8.367136927488,17
46.252710847405,8.380103532564,17
46.252492069638,8.406036583722,17
46.252380451362,8.419003028350,17
46.252267346824,8.431969418042,17
46.252152756024,8.444935752071,17
46.252036678962,8.457902029711,17
46.251919115637,8.470868250235,17
46.251800066051,8.483834412917,17
46.265469182025,7.251860414248,17
46.265489844519,7.264830980796,17
46.265509020502,7.277801557082,17
46.265526709975,7.290772142379,17
46.261375332567,8.419165032842,17
46.261262209131,8.432133565450,17
46.261147599184,8.445102042396,17
46.261031502727,8.458070462953,17
46.260913919759,8.471038826393,17
46.260794850282,8.484007131991,17
46.274464750875,7.251829545801,17
46.274485416821,7.264802255992,17
46.274504596008,7.277774975920,17
46.274522288436,7.290747704859,17
46.270142446080,8.445268389024,17
46.270026330228,8.458238953223,17
46.269908727617,8.471209460305,17
46.269789638248,8.484179909545,17
46.283438166824,7.238823822812,17
46.283460323228,7.251798666907,17
46.283480992625,7.264773521465,17
46.283500175015,7.277748385761,17
46.279021161231,8.458407500521,17
46.278903538977,8.471380151972,17
46.278784429716,8.484352745579,17
46.278663833449,8.497325280618,17
46.292433738745,7.238790788377,17
46.292455898849,7.251767777564,17
46.292476571698,7.264744777216,17
46.292495757292,7.277721786605,17
46.288015995503,8.458576104848,17
46.287898353606,8.471550901392,17
46.287779224454,8.484525640093,17
46.287658608046,8.497500320225,17
46.301405662393,7.225778618952,17
46.301429313702,7.238757742768,17
46.301451477506,7.251736877774,17
46.301472153807,7.264716023244,17
46.301491342605,7.277695178452,17
46.297010832810,8.458744766204,17
46.296893171270,8.471721708567,17
46.296774022227,8.484698593086,17
46.296653385679,8.497675419037,17
46.296531261628,8.510652185691,17
46.310401236204,7.225743415625,17
46.310424891461,7.238724685985,17
46.310447058966,7.251705967536,17
46.310467738718,7.264687259550,17
46.306005672920,8.458913484589,17
46.305887991737,8.471892573496,17
46.305768822802,8.484871604560,17
46.305648166114,8.497850577054,17
46.305526021675,8.510829490253,17
46.305402389484,8.523808343429,17
46.319371665378,7.212724794686,17
46.319396812583,7.225708200399,17
46.319420471789,7.238691618029,17
46.319442642994,7.251675046849,17
46.319463326198,7.264658486134,17
46.314882814772,8.472063496179,17
46.314763625946,8.485044674513,17
46.314642949119,8.498025794277,17
46.314520784291,8.511006854746,17
46.314397131463,8.523987855192,17
46.314271990635,8.536968794889,17
46.328340600245,7.199701878501,17
46.328367239896,7.212687419565,17
46.328392391299,7.225672973273,17
46.328416054452,7.238658538899,17
46.328438229357,7.251644115715,17
46.323637734458,8.498201070706,17
46.323515549243,8.511184279170,17
46.323391875779,8.524167427611,17
46.323266714066,8.537150515303,17
46.337336172420,7.199662342035,17
46.337362816516,7.212650031820,17
46.337387972116,7.225637734249,17
46.337411639218,7.238625448595,17
46.337433817823,7.251613174132,17
46.332632521900,8.498376406339,17
46.332510316296,8.511361763524,17
46.332386622196,8.524347060687,17
46.332261439598,8.537332297100,17
46.332134768503,8.550317472037,17
46.346331746464,7.199622792218,17
46.346358395006,7.212612631450,17
46.346383554802,7.225602483325,17
46.346407225853,7.238592347118,17
46.341505085219,8.511539307810,17
46.341381370482,8.524526754419,17
46.341256166999,8.537514140278,17
46.341129474771,8.550501464662,17
46.355299180164,7.186591253018,17
46.355327322144,7.199583229051,17
46.355353975131,7.212575218455,17
46.355379139124,7.225567220503,17
46.350499855777,8.511716912026,17
46.350376120404,8.524706508807,17
46.350250896036,8.537696044839,17
46.350124182675,8.550685519395,17
46.364265116636,7.173555412770,17
46.364294752552,7.186549525604,17
46.364322899226,7.199543652534,17
46.364349556658,7.212537792836,17
46.364374724847,7.225531945781,17
46.359370871727,8.524886323852,17
46.359245626475,8.537878010782,17
46.359118891981,8.550869636235,17
46.358990668245,8.563861199486,17
46.373260685252,7.173511519656,17
46.373290326109,7.186507784113,17
46.373318477477,7.199504062667,17
46.373345139354,7.212500354592,17
46.368365624220,8.525066199553,17
46.368240358083,8.538060038106,17
46.368113602456,8.551053815183,17
46.367985357338,8.564047530057,17
46.382256254803,7.173467611741,17
46.382285900602,7.186466028547,17
46.382314056663,7.199464459449,17
46.382340722985,7.212462903723,17
46.377235090627,8.538242126813,17
46.377108313866,8.551238056238,17
46.376980047367,8.564233923461,17
46.376850291129,8.577229727754,17
46.391220684328,7.160423133969,17
46.391251825056,7.173423689025,17
46.391281475797,7.186424258905,17
46.391309636552,7.199424842882,17
46.391336307319,7.212425440229,17
46.386229823873,8.538424276901,17
46.386103025979,8.551422359401,17
46.385974738098,8.564420379698,17
46.385844960230,8.577418337066,17
46.400216249860,7.160377042652,17
46.400247395778,7.173379751507,17
46.400277051461,7.186382475187,17
46.400305216909,7.199385212964,17
46.395224557587,8.538606488372,17
46.395097738560,8.551606724672,17
46.394969429298,8.564606898768,17
46.394839629801,8.577607009936,17
46.394708340068,8.590607057448,17
46.409211815627,7.160330935807,17
46.409242966736,7.173335799188,17
46.409272627361,7.186340677393,17
46.409300797502,7.199345569696,17
46.404092451377,8.551791152050,17
46.403964120734,8.564793480672,17
46.403834299606,8.577795746365,17
46.403702987995,8.590797948402,17
46.418174734366,7.147277810354,17
46.418207381397,7.160284813436,17
46.418238537696,7.173291832068,17
46.418268203263,7.186298865524,17
46.413087164197,8.551975641535,17
46.412958812171,8.564980125409,17
46.412828969414,8.577984546353,17
46.412697635925,8.590988903641,17
46.427170294466,7.147229516480,17
46.427202946936,7.160238675537,17
46.427234108425,7.173247850146,17
46.427263778933,7.186257039579,17
46.421953503378,8.565166832978,17
46.421823638991,8.578173409899,17
46.421692283624,8.591179923163,17
46.421559437276,8.604186372045,17
46.436131704966,7.134169906870,17
46.436165854102,7.147181206352,17
46.436198512010,7.160192522112,17
46.436229678689,7.173203853423,17
46.436259354139,7.186215199558,17
46.430948194120,8.565353603381,17
46.430818308103,8.578362337004,17
46.430686930858,8.591371006970,17
46.430554062384,8.604379612555,17
46.445127258217,7.134119423062,17
46.445161413040,7.147132879972,17
46.445194076386,7.160146353160,17
46.445225248255,7.173159841899,17
46.439942884165,8.565540436617,17
46.439812976518,8.578551327667,17
46.439681577394,8.591562155062,17
46.439548686793,8.604572918073,17
46.439414304716,8.617583615976,17
46.454122810537,7.134068922277,17
46.454156971047,7.147084537340,17
46.454189639831,7.160100168681,17
46.454220816891,7.173115815573,17
46.448807644001,8.578740381890,17
46.448676222999,8.591753367437,17
46.448543310272,8.604766288602,17
46.448408905820,8.617779144658,17
46.463082703521,7.121000647575,17
46.463118361692,7.134018404513,17
46.463152527889,7.147036178456,17
46.463185202112,7.160053968675,17
46.457802310320,8.578929499671,17
46.457670867440,8.591944644097,17
46.457537932587,8.604959724141,17
46.457403505759,8.617974739075,17
46.472078247344,7.120947953229,17
46.472113911450,7.133967869772,17
46.472148083334,7.146987803319,17
46.472180762995,7.160007753143,17
46.466665510483,8.592135985041,17
46.466532553503,8.605153224689,17
46.466398104301,8.618170399228,17
46.466262162877,8.631187507930,17
46.481036627024,7.107873182038,17
46.481073789535,7.120895241180,17
46.481109459576,7.133917318053,17
46.481143637147,7.146939411929,17
46.481176322247,7.159961522083,17
46.475660151895,8.592327390269,17
46.475527172789,8.605346790247,17
46.475392701212,8.618366125116,17
46.475256737164,8.631385394148,17
46.490032161168,7.107818291230,17
46.490069329862,7.120842511427,17
46.490105005839,7.133866749355,17
46.490139189096,7.146891004287,17
46.484654791443,8.592518859781,17
46.484521790210,8.605540420815,17
46.484387296258,8.618561916739,17
46.484251309587,8.631583346827,17
46.484113830198,8.644604710352,17
46.499027693213,7.107763381992,17
46.499064868092,7.120789763971,17
46.499100550003,7.133816163680,17
46.499134738947,7.146842580393,17
46.493516405533,8.605734116392,17
46.493381889206,8.618757774097,17
46.493245879913,8.631781365966,17
46.493108377652,8.644804891273,17
46.507984548651,7.094679928298,17
46.508023222928,7.107708454326,17
46.508060403990,7.120736998811,17
46.508096091836,7.133765561026,17
46.502511018525,8.605927876980,17
46.502376479824,8.618953697191,17
46.502240447907,8.631979451567,17
46.502102922774,8.645005139380,17
46.516980069369,7.094622818970,17
46.517018750078,7.107653508230,17
46.517055937324,7.120684215947,17
46.517091631105,7.133714941395,17
46.511371067876,8.619149686021,17
46.511235013336,8.632177603628,17
46.511097465333,8.645205454673,17
46.510958423865,8.658233238429,17
46.525935406437,7.081532856455,17
46.525975587290,7.094565690488,17
46.526014274431,7.107598543705,17
46.526051467859,7.120631415380,17
46.520365653131,8.619345740585,17
46.520229575968,8.632375822151,17
46.520092005093,8.645405837153,17
46.519952940506,8.658435784867,17
46.534930914646,7.081473544134,17
46.534971102179,7.094508542851,17
46.535009795752,7.107543560752,17
46.535046995364,7.120578597110,17
46.529224135569,8.632574107134,17
46.529086541822,8.645606286820,17
46.528947454115,8.658638399216,17
46.528806872448,8.671670443597,17
46.543926419591,7.081414211934,17
46.543966613804,7.094451376059,17
46.544005313809,7.107488559369,17
46.544042519605,7.120525761135,17
46.538218691905,8.632772458578,17
46.538081075287,8.645806803673,17
46.537941964460,8.658841081478,17
46.537801359425,8.671875291267,17
46.552962121932,7.094394190113,17
46.553000828368,7.107433539557,17
46.553038040347,7.120472907458,17
46.553073757870,7.133512293089,17
46.547213244744,8.632970876483,17
46.547075605254,8.646007387712,17
46.546936471308,8.659043831652,17
46.546795842904,8.672080207575,17
46.546653720043,8.685116514756,17
46.561917418754,7.081295487892,17
46.561957626328,7.094336985012,17
46.561996339196,7.107378501315,17
46.562033557359,7.120420036076,17
46.556070131490,8.646208038938,17
46.555930974424,8.659246649737,17
46.555790322652,8.672285192521,17
46.555648176175,8.685323666562,17
46.570912912506,7.081236096051,17
46.570953126759,7.094279760756,17
46.570991846059,7.107323444645,17
46.571029070406,7.120367146991,17
46.565064653762,8.646408757350,17
46.564925473575,8.659449535735,17
46.564784798435,8.672490246104,17
46.564642628342,8.685530887730,17
46.579866685924,7.068130871224,17
46.579908402060,7.081176684330,17
46.579948622993,7.094222517346,17
46.579987348725,7.107268369546,17
46.580024579255,7.120314240203,17
46.573919968529,8.659652489644,17
46.573779270021,8.672695368324,17
46.573637076311,8.685738178262,17
46.573493387399,8.698780918730,17
46.588862164118,7.068069270586,17
46.588903887182,7.081117252728,17
46.588944114796,7.094165254781,17
46.588982846960,7.107213276017,17
46.582914459052,8.659855511466,17
46.582773737176,8.672900559183,17
46.582631519849,8.685945538156,17
46.582487807072,8.698990447661,17
46.597857637648,7.068007649342,17
46.597899367640,7.081057801246,17
46.597939601935,7.094107973061,17
46.597978340530,7.107158164060,17
46.591908944911,8.660058601200,17
46.591768199666,8.673105818678,17
46.591625958723,8.686152967414,17
46.591482222081,8.699200046681,17
46.606809873411,7.054893705738,17
46.606853106279,7.067946007492,17
46.606894843201,7.080998329884,17
46.606935084175,7.094050672186,17
46.600903425871,8.660261758845,17
46.600762657258,8.673311146811,17
46.600620392699,8.686360466035,17
46.600476632192,8.699409715790,17
46.615805329735,7.054829872069,17
46.615848569780,7.067884345037,17
46.615890313630,7.080938838642,17
46.615930561285,7.093993352157,17
46.609897901701,8.660464984403,17
46.609757109720,8.673516543582,17
46.609614821543,8.686568034019,17
46.609471037172,8.699619454987,17
46.624800780695,7.054766017069,17
46.624844027917,7.067822661976,17
46.624885778695,7.080879327519,17
46.624926033030,7.093936012974,17
46.618892372166,8.660668277872,17
46.618751556817,8.673722008991,17
46.618609245024,8.686775671366,17
46.618465436787,8.699829264273,17
46.633751474966,7.041643344531,17
46.633796226056,7.054702140738,17
46.633839480455,7.067760958308,17
46.633881238162,7.080819796517,17
46.633921499177,7.093878654635,17
46.627886837033,8.660871639254,17
46.627745998316,8.673927543037,17
46.627603662906,8.686983378077,17
46.627459830805,8.700039143647,17
46.642746907071,7.041577273478,17
46.642791665587,7.054638243075,17
46.642834927163,7.067699234036,17
46.642876691798,7.080760245634,17
46.636881296069,8.661075068548,17
46.636740433984,8.674133145720,17
46.636598074958,8.687191154150,17
46.636454218992,8.700249093111,17
46.651787099053,7.054574324081,17
46.651830367806,7.067637489157,17
46.651872139370,7.080700674870,17
46.651912413745,7.093763880494,17
46.646015137305,8.648218246449,17
46.645875749041,8.661278565753,17
46.645734863587,8.674338817041,17
46.645592480945,8.687398999587,17
46.660782526222,7.054510383756,17
46.660825802151,7.067575723673,17
46.660867580643,7.080641084227,17
46.660907861699,7.093706464692,17
46.655009607099,8.648419636726,17
46.654870195715,8.661482130871,17
46.654729286893,8.674544557000,17
46.654586880634,8.687606914386,17
46.669777946859,7.054446422099,17
46.669821229965,7.067513937582,17
46.669863015386,7.080581473703,17
46.669903303121,7.093649029735,17
46.664004070362,8.648621094189,17
46.663864635857,8.661685763900,17
46.663723703667,8.674750365596,17
46.663581273792,8.687814898549,17
46.678773360732,7.054382439111,17
46.678816651015,7.067452130886,17
46.678858443364,7.080521843300,17
46.678898737780,7.093591575623,17
46.672998526860,8.648822618838,17
46.672859069236,8.661889464842,17
46.672718113678,8.674956242830,17
46.672575660186,8.688022952075,17
46.687812065067,7.067390303585,17
46.687853864344,7.080462193015,17
46.687894165440,7.093534102357,17
46.687932968354,7.106606030882,17
46.681992976360,8.649024210674,17
46.681853495616,8.662093233696,17
46.681712516690,8.675162188701,17
46.681570039582,8.688231074964,17
46.696807471887,7.067328455677,17
46.696849278094,7.080402522851,17
46.696889585870,7.093476609936,17
46.696928395215,7.106550716204,17
46.691125424063,8.636154601643,17
46.690987418630,8.649225869697,17
46.690847914766,8.662297070461,17
46.690706912471,8.675368203210,17
46.690564411747,8.688439267216,17
46.705844684379,7.080342832807,17
46.705884998835,7.093419098360,17
46.705923814612,7.106495383097,17
46.705961131711,7.119571686292,17
46.700119881740,8.636354149383,17
46.699981853435,8.649427595905,17
46.699842326451,8.662500975139,17
46.699701300788,8.675574286356,17
46.714840082966,7.080283122882,17
46.714880404102,7.093361567630,17
46.714919226311,7.106440031561,17
46.714956549594,7.119518513950,17
46.709114331718,8.636553763584,17
46.708976280542,8.649629389301,17
46.708836730438,8.662704947728,17
46.708695681407,8.675780438140,17
46.723835473622,7.080223393077,17
46.723875801438,7.093304017745,17
46.723914630079,7.106384661596,17
46.723951959545,7.119465323905,17
46.717970699718,8.649831249882,17
46.717831126494,8.662908988230,17
46.717690054095,8.675986658562,17
46.732871190610,7.093246448705,17
46.732910025683,7.106329273202,17
46.732947361332,7.119412116156,17
46.732983197558,7.132494976841,17
46.726965110729,8.650033177650,17
46.726825514386,8.663113096644,17
46.726684418619,8.676192947621,17
46.726541823428,8.689272729855,17
46.741866571384,7.093188860510,17
46.741905412889,7.106273866378,17
46.741942754721,7.119358890704,17
46.741978596882,7.132443932760,17
46.735959513343,8.650235172605,17
46.735819893880,8.663317272969,17
46.735678774745,8.676399305317,17
46.750861943527,7.093131253161,17
46.750900791463,7.106218441126,17
46.750938139479,7.119305647548,17
46.750973987575,7.132392871701,17
46.744953907326,8.650437234746,17
46.744814264743,8.663521517207,17
46.744673122239,8.676605731651,17
46.759857306805,7.093073626658,17
46.759896161173,7.106162997444,17
46.759933515373,7.119252386688,17
46.759969369404,7.132341793663,17
46.753948292444,8.650639364074,17
46.753808626741,8.663725829356,17
46.753667460869,8.676812226623,17
46.753524794829,8.689898555147,17
46.768852660985,7.093015980999,17
46.768891521786,7.106107535334,17
46.768928882169,7.119199108125,17
46.768964742135,7.132290698648,17
46.763080856870,8.637752844468,17
46.762942668464,8.650841560588,17
46.762802979641,8.663930209418,17
46.762661790402,8.677018790232,17
46.777886873067,7.106052054794,17
46.777924239634,7.119145811859,17
46.777960105535,7.132239586654,17
46.777994470771,7.145333378454,17
46.772075246431,8.637952923895,17
46.771937035153,8.651043824288,17
46.771797323211,8.664134657392,17
46.771656110603,8.677225422479,17
46.786882214784,7.105996555825,17
46.786919587534,7.119092497889,17
46.786955459371,7.132188457683,17
46.786989830294,7.145284434481,17
46.781206359662,8.625059917829,17
46.781069626427,8.638153069783,17
46.780931392278,8.651246155175,17
46.780791657216,8.664339173277,17
46.780650421240,8.677432123363,17
46.795877546703,7.105941038427,17
46.795914925637,7.119039166215,17
46.795950803409,7.132137311734,17
46.795985180018,7.145235474256,17
46.790336007180,8.612162540939,17
46.790200752484,8.625257944453,17
46.790063996626,8.638353282132,17
46.789925739605,8.651448553248,17
46.789785981423,8.664543757075,17
46.804872868591,7.105885502600,17
46.804910253708,7.118985816838,17
46.804946137415,7.132086148806,17
46.804980519712,7.145186497779,17
46.799464188006,8.599260791775,17
46.799330412345,8.612358446849,17
46.799195135274,8.625456036813,17
46.799058356793,8.638553560942,17
46.798920076901,8.651651018508,17
46.798780295599,8.664748408784,17
46.813905571515,7.118932449757,17
46.813941461157,7.132034968901,17
46.813975849141,7.145137505049,17
46.814008735466,7.158240057474,17
46.808458605034,8.599454575519,17
46.808324807247,8.612554417768,17
46.808189507801,8.625654194908,17
46.808052706696,8.638753906212,17
46.807914403933,8.651853550954,17
46.822900878825,7.118879064972,17
46.822936774402,7.131983772017,17
46.822971168072,7.145088496066,17
46.823004059835,7.158193236393,17
46.817453011563,8.599648423548,17
46.817319191650,8.612750453698,17
46.817183869829,8.625852418739,17
46.817047046101,8.638954317944,17
46.831896175403,7.118825662484,17
46.831932076915,7.131932558156,17
46.831966476272,7.145039470832,17
46.831999373474,7.158146399784,17
46.832030768521,7.171253344288,17
46.826447407362,8.599842335860,17
46.826313565322,8.612946554637,17
46.826178221126,8.626050708305,17
46.826041374775,8.639154796137,17
46.840927368464,7.131881327317,17
46.840961773508,7.144990429344,17
46.840994676148,7.158099547649,17
46.841026076385,7.171208681505,17
46.835441792196,8.600036312457,17
46.835307928030,8.613142720587,17
46.835172561459,8.626249063606,17
46.835035692485,8.639355340790,17
46.849922648815,7.131830079499,17
46.849957059546,7.144941371604,17
46.849989967625,7.158052679987,17
46.850021373051,7.171164003921,17
46.844436165833,8.600230353339,17
46.844302279539,8.613338951545,17
46.844166890594,8.626447484643,17
46.844029998997,8.639555951904,17
46.858952334153,7.144892297612,17
46.858985247670,7.158005796798,17
46.859016658287,7.171119311535,17
46.859046566004,7.184232841095,17
46.853430528038,8.600424458504,17
46.853296619618,8.613535247514,17
46.853161208298,8.626645971415,17
46.867947597095,7.144843207368,17
46.867980516051,7.157958898082,17
46.868011931858,7.171074604348,17
46.868041844516,7.184190325437,17
46.862688230225,8.574392474455,17
46.862557305976,8.587505583033,17
46.862424878579,8.600618627954,17
46.862290948033,8.613731608493,17
46.862155514338,8.626844523922,17
46.876942848140,7.144794100871,17
46.876975772534,7.157911983840,17
46.877007193531,7.171029882359,17
46.877037111132,7.184147795703,17
46.877065525335,7.197265723144,17
46.871682612376,8.574582323680,17
46.871551666498,8.587697624512,17
46.871419217222,8.600812861688,17
46.871285264549,8.613928034481,17
46.871149808480,8.627043142165,17
46.885971016886,7.157865054070,17
46.886002443073,7.170985145570,17
46.886032365615,7.184105251893,17
46.886060784512,7.197225372314,17
46.880676982396,8.574772235739,17
46.880546014888,8.587889729550,17
46.880413543734,8.601007159706,17
46.880279568935,8.614124525479,17
46.894966248873,7.157818108774,17
46.894997680251,7.170940393979,17
46.895027607735,7.184062694008,17
46.895056031325,7.197185008134,17
46.889671340052,8.574962210630,17
46.889540350913,8.588081898147,17
46.889407857881,8.601201522008,17
46.889273860956,8.614321081487,17
46.903992904831,7.170895627586,17
46.904022837257,7.184020122046,17
46.904051265541,7.197144630604,17
46.904078189682,7.210269152532,17
46.898795191736,8.562030303478,17
46.898665685110,8.575152248355,17
46.898534674341,8.588274130303,17
46.898402159431,8.601395948595,17
46.912988116580,7.170850846392,17
46.913018053947,7.183977536009,17
46.913046486925,7.197104239723,17
46.913073415512,7.210230956808,17
46.907789545344,8.562218208879,17
46.907660017336,8.575342348913,17
46.907528984938,8.588466426017,17
46.907396448150,8.601590439466,17
46.922013257574,7.183934935896,17
46.922041695244,7.197063835492,17
46.922068628276,7.210192748459,17
46.922094056670,7.223321674070,17
46.916911930638,8.549279778269,17
46.916783885888,8.562406176387,17
46.916654336498,8.575532512303,17
46.916523282470,8.588658785290,17
46.916390723804,8.601784994621,17
46.931008447902,7.183892321707,17
46.931036890266,7.197023417911,17
46.931063827744,7.210154527485,17
46.931089260334,7.223285649704,17
46.925906279017,8.549465611277,17
46.925778213133,8.562594206004,17
46.925648642363,8.575722738527,17
46.925517566705,8.588851208122,17
46.940003624699,7.183849693443,17
46.940032071757,7.196982986980,17
46.940059013680,7.210116293887,17
46.940084450467,7.223249613439,17
46.940108382118,7.236382944908,17
46.935027195747,8.536520652132,17
46.934900613865,8.549651505668,17
46.934772526848,8.562782297728,17
46.934642934696,8.575913027584,17
46.934511837409,8.589043694512,17
46.949027239483,7.196942542698,17
46.949054185851,7.210078047665,17
46.949079626835,7.223213565275,17
46.949103562435,7.236349094803,17
46.944021537715,8.536704409846,17
46.943894934949,8.549837461441,17
46.943766826799,8.562970451559,17
46.943637213265,8.576103379475,17
46.958022393212,7.196902085067,17
46.958049344025,7.210039788817,17
46.958074789206,7.223177505212,17
46.958098728754,7.236315233524,17
46.953015865686,8.536888228216,17
46.952889242034,8.550023478595,17
46.952761112751,8.563158667498,17
46.952631477836,8.576293794198,17
46.967044487967,7.210001517345,17
46.967069937345,7.223141433250,17
46.967093880842,7.236281361072,17
46.967116318459,7.249421300084,17
46.962135318081,8.523934596605,17
46.962010179425,8.537072107243,17
46.961883534889,8.550209557132,17
46.961755384473,8.563346945544,17
46.976039617446,7.209963233248,17
46.976065071020,7.223105349388,17
46.976089018466,7.236247477446,17
46.976111459783,7.249389616694,17
46.971253291156,8.510976565157,17
46.971129637992,8.524116336053,17
46.971004478700,8.537256046926,17
46.970877813279,8.550395697050,17
46.970749641730,8.563535285698,17
46.985034732226,7.209924936527,17
46.985060189997,7.223069253628,17
46.985084141392,7.236213582646,17
46.985106586409,7.249357922856,17
46.985127525049,7.262502273529,17
46.980369783932,8.498014132421,17
46.980247616758,8.511156163574,17
46.980123943206,8.524298135431,17
46.979998763277,8.537440047266,17
46.979872076972,8.550581898351,17
46.979743884289,8.563723687960,17
46.994055294043,7.223033145969,17
46.994079249386,7.236179676674,17
46.994101698104,7.249326218569,17
46.994122640196,7.262472770929,17
46.989364114743,8.498191588358,17
46.989241927429,8.511335821197,17
46.989118233489,8.524479994741,17
46.988993032923,8.537624108262,17
46.988866325733,8.550768161034,17
47.003050382925,7.222997026410,17
47.003074342216,7.236145759527,17
47.003096794634,7.249294503835,17
47.003117740178,7.262443258606,17
46.998358430389,8.498369102774,17
46.998236222935,8.511515538026,17
46.998112508607,8.524661913981,17
46.997987287405,8.537808229914,17
47.012069419649,7.236111831207,17
47.012091875767,7.249262778652,17
47.012112824762,7.262413736562,17
47.012132266636,7.275564704208,17
47.007473451110,8.485397978711,17
47.007352730638,8.498546675670,17
47.007230503043,8.511695314059,17
47.007106768327,8.524843893153,17
47.021064481450,7.236077891713,17
47.021086941268,7.249231043022,17
47.021107893716,7.262384204795,17
47.021127338793,7.275537376304,17
47.021145276500,7.288690556825,17
47.021161706837,7.301843745630,17
47.016467755619,8.485573406224,17
47.016347015255,8.498724307046,17
47.016224767521,8.511875149298,17
47.016101012417,8.525025932255,17
47.030081990905,7.249199296944,17
47.030102946805,7.262354663305,17
47.030122395085,7.275510039404,17
47.030140335748,7.288665424513,17
47.030156768791,7.301820817906,17
47.030171694216,7.314976218857,17
47.030185112022,7.328131626638,17
47.025581296900,8.472595728237,17
47.025462044263,8.485748891490,17
47.025341284008,8.498901996901,17
47.025219016134,8.512055043742,17
47.025095240641,8.525208031288,17
47.039077024444,7.249167540417,17
47.039097983796,7.262325112093,17
47.039117435280,7.275482693506,17
47.039135378897,7.288640283930,17
47.039151814648,7.301797882637,17
47.039166742531,7.314955488902,17
47.039180162547,7.328113101998,17
47.039192074697,7.341270721198,17
47.039202478979,7.354428345775,17
47.039211375394,7.367585975003,17
47.034809610048,8.446458158187,17
47.034693353502,8.459613640260,17
47.034575589089,8.472769065944,17
47.034456316810,8.485924434511,17
47.034335536663,8.499079745236,17
47.034213248649,8.512234997392,17
47.048112459143,7.275455338611,17
47.048130405716,7.288615135075,17
47.048146844173,7.301774939822,17
47.048161774515,7.314934752127,17
47.048175196741,7.328094571263,17
47.048187110852,7.341254396503,17
47.048197516848,7.354414227120,17
47.048206414729,7.367574062387,17
47.048213804494,7.380733901579,17
47.044031951486,8.420311598355,17
47.043918692025,8.433469397067,17
47.043803924448,8.446627140842,17
47.043687648755,8.459784828955,17
47.043569864948,8.472942460679,17
47.043450573025,8.486100035286,17
47.043329772987,8.499257552051,17
47.043207464833,8.512415010247,17
47.057141857134,7.301751989462,17
47.057156789934,7.314914008532,17
47.057170214371,7.328076034433,17
47.057182130444,7.341238066438,17
47.057192538153,7.354400103821,17
47.057201437499,7.367562145854,17
47.057208828481,7.380724191811,17
47.053357071022,8.380995884277,17
47.053248318001,8.394156050202,17
47.053138056617,8.407316163371,17
47.053026286870,8.420476223057,17
47.052913008758,8.433636228534,17
47.052798222283,8.446796179075,17
47.052681927444,8.459956073954,17
47.052564124242,8.473115912443,17
47.052444812676,8.486275693816,17
47.052323992746,8.499435417346,17
47.066177133238,7.341221731005,17
47.066187542661,7.354385975878,17
47.066196443471,7.367550225402,17
47.066203835670,7.380714478850,17
47.066209719257,7.393878735496,17
47.062564460081,8.354829038439,17
47.062458706380,8.367991515187,17
47.062351444067,8.381153940632,17
47.062242673142,8.394316314048,17
47.062132393605,8.407478634708,17
47.062020605455,8.420640901886,17
47.061907308694,8.433803114854,17
47.061792503321,8.446965272886,17
47.061676189336,8.460127375255,17
47.061558366739,8.473289421235,17
47.075182530137,7.354371843292,17
47.075191432413,7.367538301033,17
47.075198825828,7.380704762698,17
47.075204710384,7.393871227559,17
47.075209086079,7.407037694892,17
47.071867111326,8.315488374868,17
47.071765866798,8.328653209381,17
47.071663113409,8.341817994771,17
47.071558851160,8.354982730311,17
47.071453080051,8.368147415276,17
47.071345800081,8.381312048938,17
47.071237011251,8.394476630570,17
47.071126713561,8.407641159447,17
47.071014907010,8.420805634841,17
47.070901591599,8.433970056026,17
47.084186404090,7.367526372746,17
47.084193798722,7.380695043352,17
47.084199684246,7.393863717156,17
47.084204060661,7.407032393431,17
47.084206927967,7.420201071450,17
47.081059530932,8.289301259042,17
47.080961287958,8.302468398562,17
47.080861535875,8.315635490413,17
47.080760274684,8.328802533867,17
47.080657504383,8.341969528199,17
47.080553224975,8.355136472682,17
47.080447436457,8.368303366589,17
47.080340138831,8.381470209193,17
47.080231332096,8.394636999768,17
47.080121016252,8.407803737586,17
47.093181358269,7.367514440540,17
47.093188754118,7.380685320814,17
47.093194640610,7.393856204286,17
47.093199017745,7.407027090229,17
47.093201885524,7.420197977915,17
47.093203243945,7.433368866619,17
47.093203093009,7.446539755613,17
47.090245960775,8.263105165096,17
47.090150720348,8.276274607443,17
47.090053970565,8.289444003573,17
47.089955711424,8.302613352761,17
47.089855942926,8.315782654279,17
47.089754665071,8.328951907402,17
47.089651877860,8.342121111401,17
47.089547581291,8.355290265552,17
47.089441775365,8.368459369126,17
47.089334460083,8.381628421398,17
47.102183691783,7.380675595084,17
47.102189579243,7.393848688949,17
47.102193957099,7.407021785285,17
47.102196825349,7.420194883364,17
47.102198183994,7.433367982461,17
47.102198033033,7.446541081849,17
47.102196372467,7.459714180801,17
47.099426397641,8.236900094492,17
47.099334160755,8.250071837483,17
47.099240414264,8.263243535712,17
47.099145158168,8.276415188452,17
47.099048392466,8.289586794975,17
47.098950117159,8.302758354556,17
47.098850332246,8.315929866468,17
47.098749037728,8.329101329984,17
47.098646233605,8.342272744376,17
47.111184499912,7.393841171145,17
47.111188878488,7.407016478600,17
47.111191747210,7.420191787798,17
47.111193106078,7.433367098014,17
47.111192955093,7.446542408520,17
47.111191294254,7.459717718591,17
47.111188123561,7.472893027498,17
47.111183443015,7.486068334517,17
47.108511605966,8.223860090143,17
47.108420863761,8.237034088290,17
47.108328611702,8.250208042400,17
47.108234849789,8.263381951748,17
47.108139578023,8.276555815606,17
47.108042796403,8.289729633248,17
47.107944504929,8.302903403948,17
47.107844703602,8.316077126979,17
47.120186650873,7.420188691216,17
47.120188009965,7.433366213276,17
47.120187858955,7.446543735627,17
47.120186197842,7.459721257542,17
47.120183026628,7.472898778294,17
47.120178345312,7.486076297156,17
47.120172153894,7.499253813403,17
47.117595315841,8.210815662765,17
47.117506068813,8.223991916065,17
47.117415311683,8.237168126056,17
47.117323044450,8.250344292011,17
47.117229267116,8.263520413203,17
47.117133979680,8.276696488906,17
47.129182895420,7.433365328248,17
47.129182744385,7.446545063169,17
47.129181083000,7.459724797653,17
47.129177911264,7.472904530975,17
47.129173229178,7.486084262408,17
47.129167036742,7.499263991225,17
47.129159333955,7.512443716698,17
47.129150120818,7.525623438103,17
47.126677526287,8.197766810908,17
47.126589774933,8.210945319361,17
47.126500513228,8.224123785231,17
47.126409741173,8.237302207791,17
47.126317458768,8.250480586316,17
47.126223666012,8.263658920078,17
47.138175949493,7.459728338926,17
47.138172777236,7.472910285543,17
47.138168094380,7.486092230272,17
47.138161900925,7.499274172384,17
47.138154196872,7.512456111153,17
47.138144982220,7.525638045853,17
47.138134256970,7.538819975757,17
47.138122021120,7.552001900138,17
47.135842980912,8.171532728388,17
47.135758236327,8.184713533122,17
47.135671981143,8.197894296726,17
47.135584215361,8.211075018474,17
47.135494938979,8.224255697639,17
47.135404151999,8.237436333495,17
47.147167624309,7.472916041998,17
47.147162940684,7.486100200747,17
47.147156746211,7.499284356880,17
47.147149040891,7.512468509671,17
47.147139824725,7.525652658392,17
47.147129097711,7.538836802317,17
47.147116859850,7.552020940719,17
47.147103111143,7.565205072872,17
47.147087851588,7.578389198049,17
47.145082655449,8.132106532184,17
47.145002429474,8.145289669966,17
47.144920692651,8.158472768799,17
47.144837444981,8.171655827956,17
47.144752686465,8.184838846710,17
47.144666417101,8.198021824336,17
47.144578636890,8.211204760105,17
47.144489345833,8.224387653291,17
47.156151572366,7.499294544714,17
47.156143865779,7.512480912251,17
47.156134648098,7.525667275719,17
47.156123919321,7.538853634390,17
47.156111679449,7.552039987539,17
47.156097928481,7.565226334439,17
47.156082666418,7.578412674363,17
47.156065893260,7.591599006584,17
47.156047609007,7.604785330375,17
47.154308791607,8.092666743836,17
47.154233085730,8.105852208853,17
47.154155868759,8.119037637101,17
47.154077140692,8.132223027852,17
47.153996901530,8.145408380381,17
47.153915151272,8.158593693961,17
47.153831889919,8.171778967865,17
47.153747117471,8.184964201365,17
47.153660833928,8.198149393737,17
47.153573039289,8.211334544253,17
47.165129452107,7.525681897835,17
47.165118721567,7.538870471978,17
47.165106479683,7.552059040600,17
47.165092726456,7.565247602971,17
47.165077461885,7.578436158367,17
47.165060685970,7.591624706060,17
47.165042398712,7.604813245324,17
47.165022600110,7.618001775431,17
47.165001290164,7.631190295656,17
47.164978468875,7.644378805272,17
47.163521382445,8.053213376437,17
47.163450198159,8.066401162874,17
47.163377502528,8.079588914721,17
47.163303295554,8.092776631253,17
47.163227577237,8.105964311742,17
47.163150347575,8.119151955462,17
47.163071606570,8.132339561685,17
47.162991354222,8.145527129687,17
47.162909590529,8.158714658738,17
47.162826315493,8.171902148114,17
47.162741529113,8.185089597087,17
47.162655231390,8.198277004931,17
47.174113504215,7.538887315081,17
47.174101260319,7.552078099899,17
47.174087504832,7.565268878469,17
47.174072237753,7.578459650062,17
47.174055459082,7.591650413953,17
47.174037168819,7.604841169414,17
47.174017366963,7.618031915720,17
47.173996053516,7.631222652142,17
47.173973228477,7.644413377956,17
47.173948891846,7.657604092433,17
47.172720421027,8.013746443074,17
47.172585587021,8.040126614750,17
47.172515902630,8.053316651248,17
47.172444706647,8.066506653883,17
47.172371999071,8.079696621928,17
47.172297779904,8.092886554657,17
47.172222049145,8.106076451344,17
47.172144806794,8.119266311261,17
47.172066052851,8.132456133683,17
47.171985787315,8.145645917881,17
47.171904010188,8.158835663131,17
47.171820721469,8.172025368704,17
47.183050212363,7.591676130262,17
47.183031919095,7.604869102647,17
47.183012113986,7.618062065876,17
47.182990797038,7.631255019221,17
47.182967968249,7.644447961958,17
47.182943627619,7.657640893359,17
47.182917775149,7.670833812697,17
47.182890410839,7.684026719245,17
47.182799246867,7.723605354888,17
47.182765835196,7.736798203013,17
47.182730911684,7.749991034715,17
47.182694476332,7.763183849267,17
47.182656529140,7.776376645944,17
47.182617070107,7.789569424018,17
47.182397097339,7.855533009914,17
47.182348567264,7.868725661112,17
47.182298525349,7.881918288621,17
47.181966525212,7.961073515503,17
47.181905900414,7.974265956840,17
47.181780115299,8.000650750278,17
47.181714954980,8.013843100927,17
47.181648282822,8.027035419893,17
47.181580098823,8.040227706449,17
47.181510402983,8.053419959870,17
47.181439195303,8.066612179428,17
47.181366475783,8.079804364397,17
47.181292244423,8.092996514049,17
47.181216501222,8.106188627659,17
47.181139246181,8.119380704500,17
47.181060479300,8.132572743844,17
47.192006840945,7.618092225899,17
47.191985520494,7.631287396894,17
47.191962687956,7.644482557279,17
47.191938343328,7.657677706328,17
47.191912486612,7.670872843315,17
47.191885117807,7.684067967512,17
47.191856236913,7.697263078194,17
47.191825843931,7.710458174633,17
47.191793938860,7.723653256102,17
47.191760521701,7.736848321875,17
47.191725592453,7.750043371226,17
47.191689151116,7.763238403427,17
47.191651197690,7.776433417753,17
47.191611732176,7.789628413475,17
47.191570754573,7.802823389869,17
47.191528264882,7.816018346206,17
47.191484263101,7.829213281761,17
47.191438749233,7.842408195806,17
47.191391723275,7.855603087616,17
47.191343185229,7.868797956462,17
47.191293135094,7.881992801620,17
47.191241572870,7.895187622361,17
47.191188498558,7.908382417960,17
47.191133912157,7.921577187689,17
47.191077813668,7.934771930823,17
47.191020203090,7.947966646633,17
47.190961080423,7.961161334395,17
47.190900445667,7.974355993380,17
47.190838298823,7.987550622863,17
47.190774639890,8.000745222116,17
47.190709468869,8.013939790414,17
47.190642785758,8.027134327028,17
47.190574590560,8.040328831234,17
47.190504883272,8.053523302303,17
47.190433663896,8.066717739510,17
47.190360932431,8.079912142127,17
47.190286688877,8.093106509428,17
47.200980223654,7.631319785159,17
47.200957387365,7.644517163919,17
47.200933038739,7.657714531342,17
47.200907177776,7.670911886703,17
47.200879804477,7.684109229275,17
47.200850918840,7.697306558331,17
47.200820520866,7.710503873144,17
47.200788610556,7.723701172988,17
47.200755187908,7.736898457135,17
47.200720252923,7.750095724860,17
47.200683805602,7.763292975436,17
47.200645845943,7.776490208136,17
47.200606373947,7.789687422233,17
47.200565389614,7.802884617000,17
47.200522892945,7.816081791712,17
47.200478883938,7.829278945641,17
47.200433362594,7.842476078061,17
47.200386328914,7.855673188245,17
47.200337782896,7.868870275466,17
47.200287724541,7.882067338997,17
47.200236153850,7.895264378113,17
47.200183070821,7.908461392086,17
47.200128475455,7.921658380190,17
47.200072367752,7.934855341698,17
47.200014747713,7.948052275883,17
47.199955615336,7.961249182018,17
47.199894970622,7.974446059378,17
47.199832813572,7.987642907235,17
47.199769144184,8.000839724863,17
47.199703962459,8.014036511534,17
47.199637268398,8.027233266524,17
47.199569061999,8.040429989103,17
47.199499343263,8.053626678547,17
47.199428112190,8.066823334128,17
47.209927713619,7.657751368400,17
47.209901848410,7.670950942861,17
47.209874470615,7.684150504533,17
47.209845580235,7.697350052689,17
47.209815177270,7.710549586602,17
47.209783261720,7.723749105545,17
47.209749833584,7.736948608793,17
47.209714892863,7.750148095618,17
47.209678439556,7.763347565293,17
47.209640473664,7.776547017093,17
47.209600995187,7.789746450290,17
47.209560004125,7.802945864157,17
47.209517500477,7.816145257969,17
47.209473484243,7.829344630998,17
47.209427955425,7.842543982518,17
47.209380914021,7.855743311801,17
47.209332360032,7.868942618122,17
47.209282293457,7.882141900754,17
47.209230714297,7.895341158969,17
47.209177622552,7.908540392042,17
47.209123018222,7.921739599246,17
47.209066901306,7.934938779853,17
47.209009271805,7.948137933138,17
47.208950129718,7.961337058374,17
47.208889475046,7.974536154834,17
47.208827307789,7.987735221790,17
47.208763627947,8.000934258518,17
47.208698435519,8.014133264290,17
47.208631730505,8.027332238379,17
47.208563512907,8.040531180058,17
47.218869115990,7.684191793286,17
47.218840220867,7.697393561267,17
47.218809812910,7.710595315006,17
47.218595595663,7.789805497647,17
47.218554597870,7.803007131340,17
47.218512087244,7.816208744977,17
47.218468063785,7.829410337831,17
47.218422527491,7.842611909176,17
47.218276841609,7.882216486889,17
47.218225253981,7.895417964930,17
47.218172153519,7.908619417828,17
47.218117540224,7.921820844857,17
47.218061414095,7.935022245290,17
47.218003775132,7.948223618400,17
47.217944623336,7.961424963462,17
47.217821781242,7.987827566529,17
