45.819352058793,7.587873615514,17
45.819334221058,7.600738784903,17
45.819314909129,7.613603945136,17
45.818568820052,7.883768908067,17
45.818517075878,7.896633683022,17
45.817253839896,8.141058663581,17
45.817172611862,8.153922783082,17
45.817089909634,8.166786862181,17
45.817005733214,8.179650900150,17
45.816920082601,8.192514896263,17
45.816832957794,8.205378849793,17
45.816744358795,8.218242760014,17
45.816654285603,8.231106626199,17
45.828436816200,7.484959605542,17
45.828430770991,7.497826929674,17
45.828363536466,7.575030778834,17
45.828347170167,7.587898064307,17
45.828329329427,7.600765341350,17
45.825914784299,8.192638404820,17
45.825827644817,8.205504466005,17
45.825739030892,8.218370483880,17
45.825648942527,8.231236457720,17
45.825557379720,8.244102386797,17
45.825464342472,8.256968270385,17
45.837436529286,7.472097760583,17
45.837431957748,7.484967195710,17
45.837425911521,7.497836628222,17
45.837418390603,7.510706057391,17
45.837409394997,7.523575482491,17
45.837398924700,7.536444902794,17
45.837386979714,7.549314317576,17
45.837373560038,7.562183726107,17
45.837358665672,7.575053127663,17
45.837342296617,7.587922521516,17
45.837324452872,7.600791906940,17
45.834909501074,8.192761955894,17
45.834822346914,8.205630125459,17
45.834733718065,8.218498251715,17
45.834643614527,8.231366333935,17
45.834552036298,8.244234371392,17
45.834458983380,8.257102363360,17
45.846432423916,7.407745509284,17
45.846435226298,7.420617055697,17
45.846436406248,7.446360150849,17
45.846431686447,7.472103244257,17
45.846427114139,7.484974788491,17
45.846421066893,7.497846330108,17
45.846413544709,7.510717868383,17
45.846404547588,7.523589402588,17
45.846394075528,7.536460931998,17
45.846382128530,7.549332455884,17
45.846368706594,7.562203973522,17
45.846353809720,7.575075484183,17
45.846337437909,7.587946987142,17
45.843817063854,8.205755828157,17
45.843728420080,8.218626063519,17
45.843638301369,8.231496254844,17
45.843546707719,8.244366401407,17
45.843453639131,8.257236502480,17
45.843359095605,8.270106557337,17
45.855423317769,7.394866791188,17
45.855427595809,7.407740445689,17
45.855430398663,7.420614101933,17
45.855431726331,7.433487759195,17
45.855431578812,7.446361416748,17
45.855429956107,7.459235073865,17
45.855426858216,7.472108729819,17
45.855422285138,7.484982383883,17
45.855416236875,7.497856035332,17
45.855408713424,7.510729683438,17
45.855399714788,7.523603327474,17
45.855389240965,7.536476966715,17
45.855377291955,7.549350600433,17
45.855363867760,7.562224227901,17
45.855348968378,7.575097848394,17
45.855332593809,7.587971461184,17
45.855314744055,7.600845065545,17
45.852633002819,8.231626220447,17
45.852541393748,8.244498476841,17
45.852448309490,8.257370687746,17
45.852353750047,8.270242852434,17
45.864386633929,7.343356587039,17
45.864396814428,7.356232337854,17
45.864405519493,7.369108093319,17
45.864412749123,7.381983852708,17
45.864418503318,7.394859615295,17
45.864422782078,7.407735380353,17
45.864425585404,7.420611147154,17
45.864426913295,7.433486914973,17
45.864426765752,7.446362683082,17
45.864425142774,7.459238450755,17
45.864422044361,7.472114217266,17
45.864417470513,7.484989981888,17
45.864411421231,7.497865743893,17
45.864384420777,7.536493006946,17
45.864372469756,7.549368751221,17
45.864344141411,7.575120220296,17
45.861627718646,8.231756230745,17
45.861536094153,8.244630597695,17
45.861442994225,8.257504919157,17
45.861348418863,8.270379194402,17
45.861252368067,8.283253422705,17
45.861154841835,8.296127603338,17
45.873381828256,7.343340963550,17
45.873392010469,7.356218825647,17
45.873400716998,7.369096692395,17
45.873407947845,7.381974563066,17
45.873413703009,7.394852436935,17
45.873417982490,7.407730313275,17
45.873420786287,7.420608191359,17
45.873422114402,7.433486070460,17
45.873421966834,7.446363949851,17
45.873420343582,7.459241828807,17
45.873417244648,7.472119706600,17
45.873412670031,7.484997582504,17
45.870530808700,8.244762763970,17
45.870437693103,8.257639196713,17
45.870343101822,8.270515583241,17
45.870247034859,8.283391922826,17
45.870149492213,8.296268214742,17
45.870050473884,8.309144458261,17
45.869949979871,8.322020652658,17
45.882365376634,7.330445365964,17
45.882377036492,7.343325334691,17
45.882387220418,7.356205308796,17
45.882395928413,7.369085287552,17
45.882403160477,7.381965270232,17
45.882408916609,7.394845256108,17
45.882413196810,7.407725244456,17
45.879432405889,8.257773520415,17
45.879337798690,8.270652018951,17
45.879241715561,8.283530470544,17
45.879144156499,8.296408874467,17
45.879045121507,8.309287229995,17
45.878944610583,8.322165536400,17
45.891332844406,7.304663475119,17
45.891347458585,7.317545543646,17
45.891360596584,7.330427619003,17
45.891372258404,7.343309700464,17
45.891382444043,7.356191787302,17
45.891391153503,7.369073878791,17
45.891398386784,7.381955974204,17
45.888427132351,8.257907890262,17
45.888332509234,8.270788501531,17
45.888236409938,8.283669065857,17
45.888138834462,8.296549582515,17
45.888039782806,8.309430050776,17
45.887939254971,8.322310469914,17
45.887837250956,8.335190839203,17
45.900328073130,7.304641495146,17
45.900342689767,7.317525677131,17
45.900355829976,7.330409865947,17
45.900367493757,7.343294060867,17
45.900377681110,7.356178261165,17
45.897133525866,8.296690338884,17
45.897034457547,8.309572920604,17
45.896933912800,8.322455453201,17
45.896831891626,8.335337935949,17
45.896728394023,8.348220368121,17
45.896623419992,8.361102748991,17
45.896409042646,8.386867353915,17
45.909307219290,7.291733219014,17
45.909323315062,7.304619507626,17
45.909337934157,7.317505803796,17
45.909351076577,7.330392106797,17
45.909362742320,7.343278415902,17
45.906128230479,8.296831143575,17
45.906029145497,8.309715839480,17
45.905928583839,8.322600486262,17
45.905826545504,8.335485083194,17
45.905723030494,8.348369629551,17
45.905618038806,8.361254124605,17
45.905511570443,8.374138567630,17
45.905403625403,8.387022957898,17
45.905294203686,8.399907294684,17
45.905183305294,8.412791577261,17
45.905070930225,8.425675804901,17
45.918245314506,7.253043951081,17
45.918265843759,7.265932327572,17
45.918284896087,7.278820713800,17
45.918302471491,7.291709109039,17
45.918318569969,7.304597512561,17
45.918333191524,7.317485923641,17
45.918346336153,7.330374341552,17
45.914923267853,8.322745569095,17
45.914821212359,8.335632280938,17
45.914717679940,8.348518942205,17
45.914612670596,8.361405552169,17
45.914506184327,8.374292110104,17
45.914398221134,8.387178615282,17
45.914288781016,8.400065066978,17
45.914177863974,8.412951464465,17
45.914065470007,8.425837807016,17
45.913951599115,8.438724093904,17
45.927218559961,7.240123004265,17
45.927240569839,7.253013485928,17
45.927261102543,7.265903978054,17
45.927280158075,7.278794479918,17
45.927297736434,7.291684990792,17
45.927313837619,7.304575509950,17
45.927328461632,7.317466036666,17
45.927341608472,7.330356570212,17
45.923815891955,8.335779529181,17
45.923712342128,8.348668306083,17
45.923607315128,8.361557031683,17
45.923500810954,8.374445705253,17
45.923392829608,8.387334326067,17
45.923283371089,8.400222893399,17
45.923172435397,8.413111406522,17
45.923060022531,8.425999864708,17
45.922946132493,8.438888267232,17
45.922830765282,8.451776613366,17
45.922713920897,8.464664902384,17
45.922595599340,8.477553133560,17
45.936190333103,7.227197825469,17
45.936213824102,7.240090412302,17
45.936235837680,7.252983010326,17
45.936256373837,7.265875618814,17
45.936275432572,7.278768237038,17
45.936293013886,7.291660864274,17
45.936309117778,7.304553499794,17
45.936323744249,7.317446142871,17
45.932277973670,8.400380773946,17
45.932167019328,8.413271403430,17
45.932054587565,8.426161977978,17
45.931940678380,8.439052496862,17
45.931825291774,8.451942959358,17
45.931708427746,8.464833364738,17
45.931590086297,8.477723712275,17
45.931470267427,8.490614001242,17
45.945160632954,7.214268413244,17
45.945185605571,7.227163105246,17
45.945209100519,7.240057809166,17
45.945231117797,7.252952524276,17
45.945251657405,7.265847249851,17
45.945270719344,7.278741985162,17
45.945288303613,7.291636729485,17
45.945304410213,7.304531482091,17
45.941049164873,8.426324146825,17
45.940935236542,8.439216782796,17
45.940819830541,8.452109362379,17
45.940702946871,8.465001884845,17
45.940584585530,8.477894349469,17
45.940464746520,8.490786755523,17
45.940343429841,8.503679102282,17
45.954129458536,7.201334766139,17
45.954155913268,7.214231563309,17
45.954180890082,7.227128373124,17
45.954204388978,7.240025194856,17
45.954226409956,7.252922027779,17
45.954246953017,7.265818871165,17
45.949814381351,8.452275822428,17
45.949697478037,8.465170462707,17
45.949579096805,8.478065045143,17
45.949459237656,8.490959569010,17
45.949337900588,8.503854033580,17
45.949215085602,8.516748438128,17
45.949090792698,8.529642781927,17
45.963096808869,7.188396882703,17
45.963124746213,7.201295785041,17
45.963151205390,7.214194700750,17
45.963176186401,7.227093629103,17
45.963199689246,7.239992569373,17
45.963221713924,7.252891520833,17
45.958692021013,8.465339098323,17
45.958573619889,8.478235799297,17
45.958453740600,8.491132441701,17
45.958332383144,8.504029024810,17
45.958209547521,8.516925547896,17
45.958085233733,8.529822010233,17
45.957959441778,8.542718411093,17
45.957832171656,8.555614749751,17
45.972092103429,7.188355768993,17
45.972120045466,7.201256790594,17
45.972146509089,7.214157825566,17
45.972171494296,7.227058873182,17
45.972195001090,7.239959932715,17
45.972217029468,7.252861003440,17
45.967448255119,8.491305373598,17
45.967326877275,8.504204075970,17
45.967204021016,8.517102718320,17
45.967079686343,8.530001299920,17
45.966953873255,8.542899820044,17
45.966826581752,8.555798277965,17
45.981057983937,7.175411513713,17
45.981087409331,7.188314641206,17
45.981115356061,7.201217782796,17
45.981141824129,7.214120937757,17
45.981166813534,7.227024105362,17
45.976321382749,8.504379187062,17
45.976198505854,8.517279949400,17
45.976074150295,8.530180650989,17
45.975948316074,8.543081291102,17
45.975821003190,8.555981869013,17
45.975692211642,8.568882383994,17
45.975561941432,8.581782835319,17
45.990022386759,7.162463017752,17
45.990053296006,7.175368251136,17
45.990082726341,7.188273499344,17
45.990110677765,7.201178761649,17
45.990137150278,7.214084037324,17
45.985193001800,8.517457241137,17
45.985068625357,8.530360063441,17
45.984942770002,8.543262824268,17
45.984815435736,8.556165522893,17
45.984686622559,8.569068158589,17
45.984556330471,8.581970730628,17
45.998985310916,7.149510279661,17
45.999017704513,7.162417618934,17
45.999048618950,7.175324973758,17
45.999078054227,7.188232343405,17
45.999106010345,7.201139727151,17
45.993937234806,8.543444419542,17
45.993809879159,8.556349239607,17
45.993681044352,8.569253996743,17
45.993550730385,8.582158690222,17
45.993418937259,8.595063319319,17
46.007980633874,7.149462743150,17
46.008013032909,7.162372204589,17
46.008043952537,7.175281681578,17
46.008073392756,7.188191173392,17
46.002804333223,8.556533019154,17
46.002675476786,8.569439898455,17
46.002545140941,8.582346714100,17
46.002413325689,8.595253465363,17
46.016942083111,7.136503622334,17
46.016975967241,7.149415190387,17
46.017008371715,7.162326774717,17
46.017039296532,7.175238374597,17
46.017068741693,7.188149989302,17
46.011798797696,8.556716861533,17
46.011669919630,8.569625863726,17
46.011539561907,8.582534802263,17
46.011407724527,8.595443676417,17
46.025865201619,7.110626598101,17
46.025902051245,7.123540255036,17
46.025937420967,7.136453929702,17
46.025971310783,7.149367621371,17
46.026003720696,7.162281329318,17
46.026034650703,7.175195052815,17
46.026064100806,7.188108791136,17
46.020793272345,8.556900766746,17
46.020664372649,8.569811892556,17
46.020533993048,8.582722954709,17
46.020402133542,8.595633952480,17
46.034860537298,7.110572639806,17
46.034897393108,7.123488421083,17
46.034932768764,7.136404220091,17
46.034966664268,7.149320036103,17
46.034999079619,7.162235868392,17
46.029787756936,8.557084734792,17
46.029658835610,8.569997984944,17
46.029528434131,8.582911171440,17
46.029396552498,8.595824293553,17
46.029263190713,8.608737350557,17
46.043817540291,7.097600775194,17
46.043855882686,7.110518663082,17
46.043892744679,7.123436569427,17
46.043928126271,7.136354493502,17
46.043962027461,7.149272434582,17
46.038782251236,8.557268765672,17
46.038653308280,8.570184140891,17
46.038522884923,8.583099452455,17
46.038390981164,8.596014699636,17
46.038257597004,8.608929881707,17
46.052731749121,7.071704685164,17
46.052773059247,7.084624659750,17
46.052812888723,7.097544654247,17
46.052851237549,7.110464667928,17
46.052888105726,7.123384700067,17
46.052923493253,7.136304749936,17
46.047647790426,8.570370360397,17
46.047517345190,8.583287797754,17
46.047385419305,8.596205170728,17
46.047252012770,8.609122478593,17
46.061727093186,7.071644292024,17
46.061768410241,7.084566393130,17
46.061808246397,7.097488514146,17
46.061846601655,7.110410654346,17
46.061883476015,7.123332813003,17
46.061918869477,7.136254989391,17
46.056642281814,8.570556643461,17
46.056511814700,8.583476207337,17
46.056379866688,8.596395706831,17
46.056246437778,8.609315141215,17
46.070589587435,7.032811319960,17
46.070635354856,7.045735484218,17
46.070679641132,7.058659670566,17
46.070722446261,7.071583878279,17
46.070763770243,7.084508106629,17
46.070803613080,7.097432354889,17
46.070841974770,7.110356622334,17
46.070878855313,7.123280908236,17
46.065636782210,8.570742990084,17
46.065506293218,8.583664681205,17
46.065374323080,8.596586307943,17
46.065240871796,8.609507869572,17
46.079584927009,7.032744501698,17
46.079630702104,7.045670793926,17
46.079674995804,7.058597108245,17
46.079717808110,7.071523443928,17
46.074631291383,8.570929400266,17
46.074500780513,8.583853219357,17
46.074368788248,8.596776974065,17
46.074235314588,8.609700663664,17
46.088626057894,7.045606081578,17
46.083625809097,8.571115874007,17
46.083495276349,8.584041821793,17
46.083363261958,8.596967705197,17
46.083229765924,8.609893523491,17
46.097575631550,7.032610796828,17
46.097621421993,7.045541347173,17
46.092489780494,8.584230488513,17
46.092357743977,8.597158501338,17
46.092224225567,8.610086449054,17
46.092089225267,8.623014330933,17
46.106474953401,7.006678618414,17
46.106523715796,7.019611252545,17
46.106570996051,7.032543910219,17
46.106616794167,7.045476590711,17
46.101484292715,8.584419219518,17
46.101352234071,8.597349362489,17
46.101218693287,8.610279440352,17
46.101083670363,8.623209452378,17
46.115470309652,7.006607447278,17
46.115519080217,7.019542212281,17
46.115566368394,7.032477000828,17
46.115612174184,7.045411812192,17
46.110478812778,8.584608014806,17
46.110346732008,8.597540288651,17
46.110213168849,8.610472497385,17
46.110078123302,8.623404640284,17
46.124415412140,6.993599379579,17
46.124465673512,7.006536251909,17
46.124514452247,7.019473148510,17
46.124561748346,7.032410068654,17
46.119473340450,8.584796874379,17
46.119341237553,8.597731279821,17
46.119207652019,8.610665620154,17
46.119072583849,8.623599894651,17
46.133410774957,6.993526027652,17
46.133461044747,7.006465032306,17
46.133509831653,7.019404061230,17
46.133557135674,7.032343113698,17
46.128467875498,8.584985798237,17
46.128335750474,8.597922336002,17
46.128202142566,8.610858808658,17
46.128067051772,8.623795215478,17
46.127930478095,8.636731555735,17
46.142406144916,6.993452650767,17
46.142456423125,7.006393788469,17
46.142505218201,7.019334950442,17
46.142552530144,7.032276135959,17
46.137330270537,8.598113457192,17
46.137196640254,8.611052062897,17
46.137061526838,8.623990602766,17
46.136924930288,8.636929076073,17
46.151401521785,6.993379248922,17
46.151451808412,7.006322520399,17
46.151500611658,7.019265816147,17
46.151547931522,7.032209135438,17
46.146324797509,8.598304643393,17
46.146191144851,8.611245382872,17
46.146056008812,8.624186056516,17
46.145919389391,8.637126663597,17
46.160396905328,6.993305822118,17
46.160447200374,7.006251228095,17
46.160496011790,7.019196658343,17
46.160543339576,7.032142112135,17
46.155319331157,8.598495894603,17
46.155185656124,8.611438768582,17
46.155050497461,8.624381576726,17
46.154913855169,8.637324318307,17
46.154775729247,8.650266992599,17
46.154636119696,8.663209598874,17
46.169392295314,6.993232370355,17
46.169442598778,7.006179911558,17
46.169491418365,7.019127477032,17
46.169538754073,7.032075066049,17
46.164044992553,8.624577163397,17
46.163908327390,8.637522040204,17
46.163770178348,8.650466849721,17
46.163630545428,8.663411591222,17
46.178335895500,6.980209241477,17
46.178387691509,6.993158893633,17
46.178438003392,7.006108570787,17
46.178486831148,7.019058272212,17
46.178534174778,7.032007997181,17
46.173039493854,8.624772816529,17
46.172902805819,8.637719829287,17
46.172764633657,8.650666774756,17
46.172624977369,8.663613652208,17
46.187383093679,6.993085391952,17
46.187433413981,7.006037205783,17
46.187482249907,7.018989043884,17
46.187529601459,7.031940905530,17
46.182034001131,8.624968536122,17
46.181897290224,8.637917685557,17
46.181759094942,8.650866767702,17
46.181619415286,8.663815781831,17
46.196326688249,6.980057939076,17
46.196378501592,6.993011865312,17
46.196428830312,7.005965816545,17
46.196477674408,7.018919792049,17
46.196525033882,7.031873791096,17
46.191028514149,8.625164322176,17
46.190891780371,8.638115609013,17
46.190753561970,8.651066828560,17
46.190613858945,8.664017980092,17
46.190472671298,8.676969062881,17
46.205268786123,6.967026210709,17
46.205322093004,6.979982249349,17
46.205373915013,6.992938313713,17
46.205424252152,7.005894403074,17
46.205473104418,7.018850516705,17
46.199886276027,8.638313599655,17
46.199748034506,8.651266957331,17
46.199608308113,8.664220246990,17
46.199467096849,8.677173467907,17
46.214317503034,6.979906533937,17
46.214369333710,6.992864737154,17
46.214419679267,7.005822965368,17
46.208742512317,8.651467154013,17
46.208602762557,8.664422582526,17
46.208461527676,8.677377942297,17
46.208318807676,8.690333232598,17
46.223364757450,6.992791135636,17
46.223415111425,7.005751503430,17
46.223463980032,7.018711895494,17
46.217736995171,8.651667418608,17
46.217597222042,8.664624986700,17
46.217455963546,8.677582486049,17
46.217313219681,8.690539915929,17
46.232255004361,6.966792568683,17
46.232308337988,6.979755026059,17
46.232360185998,6.992717509160,17
46.232410548392,7.005680017258,17
46.232459425169,7.018642549626,17
46.226731482834,8.651867751114,17
46.226591686337,8.664827459511,17
46.226450404224,8.677787099164,17
46.226307636494,8.690746669349,17
46.241250419903,6.966714635187,17
46.241303762445,6.979679233593,17
46.241355619121,6.992643857724,17
46.241405989934,7.005608506852,17
46.241454874881,7.018573180251,17
46.235864309073,8.639106234090,17
46.235725975072,8.652068151532,17
46.235586155207,8.665030000959,17
46.235444849477,8.677991781643,17
46.235302057883,8.690953492858,17
46.250245839787,6.966636675280,17
46.250299191244,6.979603415443,17
46.250351056587,6.992570181329,17
46.250401435818,7.005536972213,17
46.244580628420,8.665232611045,17
46.244439299073,8.678196533485,17
46.244296483614,8.691160386455,17
46.244152182042,8.704124169230,17
46.259241263780,6.966558688964,17
46.259294624152,6.979527571607,17
46.259346498162,6.992496479975,17
46.259396885811,7.005465413340,17
46.253714972342,8.652469156105,17
46.253575105741,8.665435289769,17
46.253433752778,8.678401354690,17
46.253290913454,8.691367350141,17
46.253146587769,8.704333275397,17
46.268236691648,6.966480676237,17
46.268290060935,6.979451702087,17
46.268341943613,6.992422753662,17
46.262709476907,8.652669760260,17
46.262569586938,8.665638037130,17
46.262428210359,8.678606245258,17
46.262285347170,8.691574383916,17
46.277232123159,6.966402637100,17
46.277285501361,6.979375806883,17
46.277337392705,6.992349002390,17
46.277387797191,7.005322222894,17
46.271703985115,8.652870432326,17
46.271564071777,8.665840853129,17
46.271422671581,8.678811205189,17
46.271279784527,8.691781487779,17
46.286172683855,6.953349283563,17
46.286227558078,6.966324571553,17
46.286280945196,6.979299885994,17
46.286332845207,6.992275226158,17
46.280698496731,8.653071172304,17
46.280558560025,8.666043737765,17
46.280417136213,8.679016234483,17
46.280274225294,8.691988661731,17
46.295168112786,6.953269046222,17
46.295222996173,6.966246479596,17
46.295276392206,6.979223939420,17
46.295328300884,6.992201424968,17
46.289693011523,8.653271980195,17
46.289553051448,8.666246691039,17
46.289411604020,8.679221333140,17
46.289268669236,8.692195905772,17
46.304218437210,6.966168361228,17
46.304271842158,6.979147967161,17
46.304323759503,6.992127598818,17
46.304374189245,7.005107255472,17
46.298826025096,8.640495931028,17
46.298687529256,8.653472855997,17
46.298547545814,8.666449712950,17
46.298406074769,8.679426501161,17
46.298263116121,8.692403219902,17
46.313213880957,6.966090216450,17
46.313267294819,6.979071969218,17
46.313319220831,6.992053747709,17
46.313369658991,7.005035551198,17
46.313418609300,7.018017378958,17
46.307820568658,8.640694727908,17
46.307682049699,8.653673799712,17
46.307542042889,8.666652803499,17
46.307400548227,8.679631738544,17
46.322262749956,6.978995945590,17
46.322314684635,6.991979871642,17
46.322365131213,7.004963822691,17
46.322414089692,7.017947798010,17
46.316815114697,8.640893591974,17
46.316676572618,8.653874811338,17
46.316536542439,8.666855962686,17
46.316395024161,8.679837045291,17
46.316252017783,8.692818058426,17
46.331204775642,6.965933847664,17
46.331258207335,6.978919896277,17
46.331310150681,6.991905970615,17
46.331360605678,7.004892069949,17
46.331409572327,7.017878193555,17
46.325671097778,8.654075890876,17
46.325531044231,8.667059190510,17
46.325389502337,8.680042421400,17
46.325246472094,8.693025582822,17
46.340253666723,6.978843821280,17
46.340305618735,6.991832044629,17
46.340356082151,7.004820292975,17
46.340405056970,7.017808565591,17
46.334665624948,8.654277038327,17
46.334525548033,8.667262486971,17
46.334383982521,8.680247866873,17
46.349249127887,6.978767720598,17
46.349301088566,6.991758093683,17
46.349351560400,7.004748491766,17
46.349400543389,7.017738914120,17
46.343660153893,8.654478253689,17
46.343520053610,8.667465852070,17
46.343378464482,8.680453381709,17
46.343235386509,8.693440841879,17
46.358244590593,6.978691594231,17
46.358296559938,6.991684117779,17
46.358347040191,7.004676666324,17
46.358396031351,7.017669239140,17
46.352793318938,8.641689720104,17
46.352654684380,8.654679536964,17
46.352514560729,8.667669285807,17
46.352372947984,8.680658965908,17
46.367240054607,6.978615442180,17
46.367292032620,6.991610116916,17
46.367342521291,7.004604816649,17
46.367391520621,7.017599540652,17
46.361787873854,8.641888920102,17
46.361649216176,8.654880888150,17
46.361509069157,8.667872788181,17
46.361367432796,8.680864619470,17
46.376235519697,6.978539264444,17
46.376287506377,6.991536091093,17
46.376338003467,7.004532942740,17
46.376387010967,7.017529818657,17
46.376434528877,7.030526718118,17
46.370782429846,8.642088187287,17
46.370643749048,8.655082307248,17
46.370503578660,8.668076359193,17
46.370361918683,8.681070342396,17
46.385282980976,6.991462040312,17
46.385333486484,7.004461044597,17
46.385382502154,7.017460073153,17
46.385430027987,7.030459125253,17
46.379638282762,8.655283794259,17
46.379498089006,8.668279998843,17
46.379356405412,8.681276134684,17
46.379213231980,8.694272201056,17
46.394328970111,7.004389122221,17
46.394377993951,7.017390304142,17
46.394425527705,7.030391509606,17
46.394471571373,7.043392737888,17
46.388771544122,8.642486923217,17
46.388632817084,8.655485349181,17
46.388492599961,8.668483707130,17
46.388350892750,8.681481996336,17
46.388207695454,8.694480216072,17
46.403273931768,6.991313863871,17
46.403324454113,7.004317175611,17
46.403373486124,7.017320511622,17
46.403421027799,7.030323871177,17
46.397766101940,8.642686391961,17
46.397627351783,8.655686972016,17
46.397487111291,8.668687484054,17
46.397345380464,8.681687927350,17
46.412269407494,6.991239738212,17
46.412319938257,7.004245204768,17
46.412368978438,7.017250695594,17
46.412416528036,7.030256209965,17
46.406760659901,8.642885927892,17
46.406621886623,8.655888662762,17
46.406481622763,8.668891329616,17
46.406339868320,8.681893927728,17
46.421264883129,6.991165587594,17
46.421315422311,7.004173209691,17
46.421364470662,7.017180856059,17
46.421412028181,7.030188525970,17
46.415755217770,8.643085531009,17
46.415616421373,8.656090421420,17
46.415476134144,8.669095243816,17
46.415334356085,8.682099997469,17
46.430260358439,6.991091412017,17
46.430310906040,7.004101190381,17
46.430359962561,7.017110993015,17
46.430407528002,7.030120819193,17
46.424749775315,8.643285201312,17
46.424610955798,8.656292247991,17
46.424470645201,8.669299226653,17
46.424328843525,8.682306136573,17
46.439255833192,6.991017211481,17
46.439306389211,7.004029146837,17
46.439355453902,7.017041106464,17
46.439403027265,7.030053089634,17
46.434017543592,8.617466330320,17
46.433881683611,8.630475667842,17
46.433744332302,8.643484938802,17
46.433605489665,8.656494142473,17
46.433465155700,8.669503278128,17
46.433323330408,8.682512345040,17
46.448251307153,6.990942985985,17
46.448301871591,7.003957079059,17
46.448350944452,7.016971196404,17
46.448398525737,7.029985337293,17
46.448444615446,7.042999500998,17
46.443012145282,8.617661819560,17
46.442876262678,8.630673314801,17
46.442738888498,8.643684743479,17
46.442600022741,8.656696104868,17
46.457297352946,7.003884987048,17
46.457346433978,7.016901262836,17
46.457394023185,7.029917562168,17
46.457440120567,7.042933884318,17
46.452006745948,8.617857374536,17
46.451870840721,8.630871028220,17
46.451733443669,8.643884615342,17
46.451594554793,8.656898135174,17
46.466292833044,7.003812870804,17
46.466341922246,7.016831305761,17
46.466389519374,7.029849764262,17
46.466435624430,7.042868245580,17
46.461001345357,8.618052995248,17
46.460865417506,8.631068808101,17
46.460727997583,8.644084554391,17
46.460589085587,8.657100233392,17
46.475288311651,7.003740730326,17
46.475337409022,7.016761325177,17
46.475385014073,7.029781943573,17
46.475431126802,7.042802584786,17
46.475475747210,7.055823248089,17
46.470130401426,8.605230643111,17
46.469995943274,8.618248681695,17
46.469859992801,8.631266654442,17
46.469722550006,8.644284560627,17
46.469583614890,8.657302399523,17
46.484332894075,7.016691321086,17
46.484380507047,7.029714100101,17
46.484426627450,7.042736901934,17
46.484471255283,7.055759725858,17
46.479125019994,8.605424234673,17
46.478990539467,8.618444433877,17
46.478854566370,8.631464567244,17
46.478717100704,8.644484634049,17
46.493328377169,7.016621293486,17
46.493375998064,7.029646233847,17
46.493422126140,7.042671197026,17
46.493466761398,7.055696182295,17
46.488119636604,8.605617891245,17
46.487985133702,8.618640251794,17
46.487849137982,8.631662546507,17
46.487711649444,8.644684774658,17
46.502323858073,7.016551242378,17
46.502371486889,7.029578344811,17
46.502417622639,7.042605470061,17
46.502462265322,7.055632617401,17
46.502505414939,7.068659786106,17
46.497378822377,8.579762372984,17
46.497247283233,8.592787025096,17
46.497114251023,8.605811612826,17
46.496979725746,8.618836135447,17
46.496843707403,8.631860592231,17
46.496706195994,8.644884982453,17
46.511366973290,7.029510432992,17
46.511413116713,7.042539721039,17
46.511457766821,7.055569031176,17
46.511500923615,7.068598362678,17
46.506373478376,8.579951833981,17
46.506241917354,8.592978648891,17
46.506108863017,8.606005399417,17
46.505974315365,8.619032084835,17
46.520362457033,7.029442498391,17
46.520408608130,7.042473949960,17
46.520453265663,7.055505423620,17
46.520496429634,7.068536918643,17
46.520538100042,7.081568434304,17
46.515368131717,8.580141358538,17
46.515236548817,8.593170336969,17
46.515103472354,8.606199251019,17
46.514968902327,8.619228099958,17
46.529404096655,7.042408156824,17
46.529448761614,7.055441794732,17
46.529491932761,7.068475454003,17
46.529533610098,7.081509133912,17
46.529573793622,7.094542833732,17
46.524362782167,8.580330946653,17
46.524231177389,8.593362089332,17
46.524098078799,8.606393167629,17
46.523963486398,8.619424180817,17
46.538444254440,7.055378144512,17
46.538487432764,7.068413968757,17
46.538529117029,7.081449813640,17
46.538569307234,7.094485678433,17
46.538608003380,7.107521562410,17
46.533357429493,8.580520598327,17
46.533225802836,8.593553905980,17
46.533092682120,8.606587149250,17
46.532958067344,8.619620327411,17
46.547439743908,7.055314472962,17
46.547482929410,7.068352462906,17
46.547524620603,7.081390473487,17
46.547564817488,7.094428503979,17
46.547603520065,7.107466553655,17
46.542482227688,8.567674776551,17
46.542352073461,8.580710313559,17
46.542220424926,8.593745786911,17
46.542087282083,8.606781195880,17
46.541952644932,8.619816539740,17
46.556478422464,7.068290936448,17
46.556520120586,7.081331113454,17
46.556560324151,7.094371310371,17
46.556599033160,7.107411526472,17
46.556636247613,7.120451761030,17
46.551605570995,8.554824622556,17
46.551476889694,8.567862388917,17
46.551346713838,8.580900092350,17
46.551215043425,8.593937732127,17
46.551081878455,8.606975307521,17
46.550947218930,8.620012817805,17
46.565515616744,7.081271733541,17
46.565555826989,7.094314097608,17
46.565594542430,7.107356480859,17
46.565631763066,7.120398882567,17
46.560727458435,8.541970134890,17
46.560600250558,8.555010130605,17
46.560471547876,8.568050064117,17
46.560341350390,8.581089934700,17
46.560209658099,8.594129741626,17
46.574511108844,7.081212333748,17
46.574551325770,7.094256865690,17
46.574590047643,7.107301416817,17
46.574627274462,7.120345986401,17
46.569847889032,8.529111312105,17
46.569722155075,8.542153537172,17
46.569594926064,8.555195700762,17
46.569466202001,8.568237802150,17
46.569335982885,8.581279840608,17
46.569204268715,8.594321815411,17
46.583546820259,7.094199614618,17
46.583585548564,7.107246334346,17
46.583622781567,7.120293072531,17
46.583658519269,7.133339828446,17
46.578966861805,8.516248152751,17
46.578842602265,8.529292607168,17
46.578716847422,8.542337000835,17
46.578589597279,8.555381333027,17
46.578460851834,8.568425603016,17
46.578330611088,8.581469810075,17
46.592542310224,7.094142344391,17
46.592581044961,7.107191233446,17
46.592618284147,7.120240140957,17
46.592654027784,7.133289066200,17
46.588084375778,8.503380655376,17
46.587961591150,8.516427339142,17
46.587837310973,8.529473962886,17
46.587711535246,8.542520525881,17
46.587584263969,8.555567027399,17
46.587455497143,8.568613466715,17
46.601576536600,7.107136114116,17
46.601613781970,7.120187191680,17
46.601649531542,7.133238286975,17
46.601683785316,7.146289399274,17
46.597079120753,8.503557731646,17
46.596956315737,8.516606585465,17
46.596832014924,8.529655379261,17
46.596706218312,8.542704112308,17
46.610572023248,7.107080976358,17
46.610609274801,7.120134224700,17
46.610645030309,7.133187490773,17
46.610679289770,7.146240773849,17
46.610712053185,7.159294073203,17
46.606195190095,8.490683783230,17
46.606073860737,8.503734867122,17
46.605951035333,8.516785891719,17
46.605826713883,8.529836856293,17
46.605700896386,8.542887760117,17
46.619567504671,7.107025820170,17
46.619604762408,7.120081240016,17
46.619640523851,7.133136677592,17
46.619674788999,7.146192132172,17
46.619707557852,7.159247603029,17
46.615189944994,8.490858806407,17
46.615068595497,8.503912061803,17
46.614945749705,8.516965257903,17
46.614821407618,8.530018393981,17
46.628636011935,7.133085847433,17
46.628670282770,7.146143474242,17
46.628703057062,7.159201117329,17
46.628734334810,7.172258775966,17
46.624655207555,8.438811599138,17
46.624539824090,8.451867256680,17
46.624422944082,8.464922857833,17
46.624304567530,8.477978401870,17
46.624184694436,8.491033888065,17
46.624063324799,8.504089315690,17
46.623940458619,8.517144684019,17
46.623816095895,8.530199992325,17
46.637631494329,7.133035000297,17
46.637665770850,7.146094800060,17
46.637698550580,7.159154616101,17
46.637729833519,7.172214447693,17
46.637759619667,7.185274294108,17
46.633763935202,8.425920161297,17
46.633650029382,8.438978047457,17
46.633534626770,8.452035877954,17
46.633417727367,8.465093652061,17
46.633299331173,8.478151369053,17
46.633179438187,8.491209028202,17
46.633058048410,8.504266628781,17
46.646626970798,7.132984136182,17
46.646661253006,7.146046109626,17
46.646694038175,7.159108099347,17
46.646725326304,7.172170104619,17
46.646755117393,7.185232124714,17
46.646783411443,7.198294158907,17
46.646810208453,7.211356206471,17
46.642758770003,8.426084491514,17
46.642644845284,8.439144551353,17
46.642529423526,8.452204555530,17
46.642412504728,8.465264503318,17
46.642294088890,8.478324393990,17
46.642174176013,8.491384226819,17
46.655656729004,7.145997402939,17
46.655689519611,7.159061567066,17
46.655720812930,7.172125746743,17
46.655750608961,7.185189941244,17
46.655778907705,7.198254149843,17
46.655805709160,7.211318371812,17
46.655831013327,7.224382606426,17
46.651753598645,8.426248876582,17
46.651639655029,8.439311110827,17
46.651524214124,8.452373289410,17
46.651407275931,8.465435411603,17
46.651288840450,8.478497476681,17
46.664716293166,7.172081374066,17
46.664746094139,7.185147743699,17
46.664774397575,7.198214127429,17
46.664801203476,7.211280524529,17
46.664826511840,7.224346934274,17
46.660860885875,8.413348852190,17
46.660748420897,8.426413316502,17
46.660634458382,8.439477725879,17
46.660518998331,8.452542079593,17
46.673741572692,7.185105532077,17
46.673769880822,7.198174091664,17
46.673796691167,7.211242664621,17
46.673822003728,7.224311250223,17
46.673845818504,7.237379847741,17
46.670076194055,8.387377728865,17
46.669966705996,8.400444476727,17
46.669855720152,8.413511171105,17
46.669743236524,8.426577811275,17
46.669629255111,8.439644396508,17
46.669513775913,8.452710926079,17
46.682765357210,7.198134042549,17
46.682792172001,7.211204792089,17
46.682817488759,7.224275554272,17
46.682841307483,7.237346328373,17
46.682863628175,7.250417113665,17
46.679285576355,8.361397742314,17
46.679179066208,8.374466771543,17
46.679071058029,8.387535748743,17
46.678961551817,8.400604673186,17
46.678850547571,8.413673544147,17
46.678738045293,8.426742360899,17
46.678624044982,8.439811122715,17
46.678508546638,8.452879828868,17
46.691760826508,7.198093980084,17
46.691787645744,7.211166906931,17
46.691812966698,7.224239846423,17
46.691836789371,7.237312797832,17
46.691859113763,7.250385760432,17
46.691879939874,7.263458733495,17
46.688489029560,8.335408893996,17
46.688385498320,8.348480202411,17
46.688280468799,8.361551460251,17
46.688173940996,8.374622666788,17
46.688065914912,8.387693821295,17
46.687956390546,8.400764923047,17
46.687845367899,8.413835971316,17
46.687732846971,8.426906965376,17
46.687618827762,8.439977904499,17
46.700783112162,7.211129009149,17
46.700808437313,7.224204126674,17
46.700832263935,7.237279256117,17
46.700854592027,7.250354396750,17
46.700875421589,7.263429547847,17
46.700894752622,7.276504708681,17
46.700912585125,7.289579878526,17
46.700928919098,7.302655056655,17
46.697686550459,8.309411185371,17
46.697585999118,8.322484770792,17
46.697483949248,8.335558307090,17
46.697380400848,8.348631793539,17
46.697275353918,8.361705229412,17
46.697168808459,8.374778613982,17
46.697060764470,8.387851946523,17
46.696951221951,8.400925226308,17
46.696840180903,8.413998452611,17
46.709803900370,7.224168395027,17
46.709827730941,7.237245703228,17
46.709850062733,7.250323022620,17
46.709870895747,7.263400352476,17
46.709890229983,7.276477692070,17
46.709908065441,7.289555040674,17
46.709924402122,7.302632397562,17
46.706974207506,8.270328710710,17
46.706878135837,8.283404617898,17
46.706780565389,8.296480478144,17
46.706681496163,8.309556290720,17
46.706580928159,8.322632054900,17
46.706478861377,8.335707769957,17
46.706375295818,8.348783435165,17
46.706270231480,8.361859049797,17
46.706163668364,8.374934613127,17
46.706055606470,8.388010124427,17
46.718823190155,7.237212139166,17
46.718845525648,7.250291638043,17
46.718866362114,7.263371147383,17
46.718885699553,7.276450666461,17
46.718903537967,7.289530194550,17
46.718919877354,7.302609730922,17
46.718934717715,7.315689274852,17
46.718948059049,7.328768825613,17
46.716156872016,8.244311014662,17
46.716063782481,8.257389193040,17
46.715969193919,8.270467325928,17
46.715873106331,8.283545412601,17
46.715775519717,8.296623452331,17
46.715676434076,8.309701444391,17
46.715575849409,8.322779388056,17
46.715473765716,8.335857282598,17
46.715370182996,8.348935127290,17
46.715265101251,8.362012921407,17
46.727881161099,7.276423631856,17
46.727899002468,7.289505340155,17
46.727915344561,7.302587056737,17
46.727930187381,7.315668780877,17
46.727943530925,7.328750511848,17
46.727955375195,7.341832248923,17
46.727965720190,7.354913991375,17
46.725422200718,8.205203974171,17
46.725333593585,8.218284464867,17
46.725243487178,8.231364912254,17
46.725151881496,8.244445315604,17
46.725058776539,8.257525674193,17
46.724964172308,8.270605987291,17
46.724868068801,8.283686254174,17
46.724770466021,8.296766474114,17
46.724671363965,8.309846646385,17
46.724570762635,8.322926770259,17
46.736876614387,7.276396588254,17
46.736894458711,7.289480477488,17
46.736910803511,7.302564375006,17
46.736925648789,7.315648280082,17
46.736938994544,7.328732191988,17
46.736950840775,7.341816109999,17
46.736961187484,7.354900033387,17
46.736970034670,7.367983961425,17
46.736977382333,7.381067893387,17
46.736983230472,7.394151828547,17
46.734504369001,8.192249062787,17
46.734417246715,8.205331777001,17
46.734328624905,8.218414448633,17
46.734238503573,8.231497076955,17
46.734146882718,8.244579661242,17
46.734053762339,8.257662200765,17
46.733959142438,8.270744694800,17
46.733863023014,8.283827142618,17
46.733765404067,8.296909543494,17
46.733666285596,8.309991896700,17
46.745906253970,7.302541685730,17
46.745921101706,7.315627772467,17
46.745934449671,7.328713866034,17
46.745946297865,7.341799965706,17
46.745956646287,7.354886070755,17
46.745965494938,7.367972180454,17
46.745972843817,7.381058294078,17
46.745978692926,7.394144410899,17
46.745983042262,7.407230530190,17
46.745985891828,7.420316651226,17
46.743751832450,8.153119790617,17
46.743669195049,8.166204809881,17
46.743585057878,8.179289788742,17
46.743499420934,8.192374726473,17
46.743412284220,8.205459622349,17
46.743323647734,8.218544475642,17
46.743233511477,8.231629285625,17
46.743141875449,8.244714051573,17
46.743048739649,8.257798772758,17
46.742954104078,8.270883448453,17
46.754929896074,7.328695533985,17
46.754941746230,7.341783816044,17
46.754952096365,7.354872103479,17
46.754960946481,7.367960395566,17
46.754968296578,7.381048691576,17
46.754974146654,7.394136990784,17
46.754978496711,7.407225292462,17
46.754981346749,7.420313595885,17
46.754982696767,7.433401900324,17
46.754982546765,7.446490205055,17
46.753211323542,8.074714931270,17
46.753137672577,8.087802360076,17
46.753062521591,8.100889752840,17
46.752985870586,8.113977108835,17
46.752907719562,8.127064427333,17
46.752828068517,8.140151707609,17
46.752746917453,8.153238948935,17
46.752664266370,8.166326150585,17
46.752580115266,8.179413311833,17
46.752494464143,8.192500431952,17
46.752407313001,8.205587510214,17
46.752318661839,8.218674545894,17
46.752228510657,8.231761538264,17
46.752136859455,8.244848486598,17
46.763956389067,7.367948606759,17
46.763963740380,7.381039085882,17
46.763969591426,7.394129568202,17
46.763973942203,7.407220052993,17
46.763976792712,7.420310539527,17
46.763978142953,7.433401027079,17
46.763977992926,7.446491514922,17
46.763976342632,7.459582002329,17
46.763973192069,7.472672488573,17
46.763968541238,7.485762972928,17
46.762349301986,8.048641701471,17
46.762278639363,8.061731383295,17
46.762206476472,8.074821030530,17
46.762132813313,8.087910642448,17
46.762057649886,8.101000218324,17
46.761980986192,8.114089757431,17
46.761902822229,8.127179259042,17
46.761823157998,8.140268722430,17
46.761741993499,8.153358146868,17
46.761659328732,8.166447531631,17
46.761575163698,8.179536875991,17
46.761489498395,8.192626179222,17
46.761402332824,8.205715440597,17
46.761313666985,8.218804659389,17
46.772965027006,7.394122143153,17
46.772969378503,7.407214811782,17
46.772972229484,7.420307482154,17
46.772973579949,7.433400153544,17
46.772973429897,7.446492825225,17
46.772971779329,7.459585496469,17
46.772968628245,7.472678166551,17
46.772963976644,7.485770834744,17
46.772957824527,7.498863500321,17
46.772950171894,7.511956162554,17
46.771481316455,8.022559636131,17
46.771413643168,8.035651568792,17
46.771344469366,8.048743468316,17
46.771273795046,8.061835333978,17
46.771201620211,8.074927165051,17
46.771127944859,8.088018960808,17
46.771052768990,8.101110720521,17
46.770976092606,8.114202443466,17
46.770897915705,8.127294128915,17
46.770818238287,8.140385776141,17
46.770737060354,8.153477384417,17
46.770654381904,8.166568953018,17
46.770570202937,8.179660481216,17
46.770484523455,8.192751968284,17
46.770397343456,8.205843413497,17
46.781969007520,7.433399279719,17
46.781968857443,7.446494135963,17
46.781967206602,7.459588991771,17
46.781964054996,7.472683846416,17
46.781959402626,7.485778699172,17
46.781953249491,7.498873549312,17
46.781945595591,7.511968396110,17
46.781936440926,7.525063238838,17
46.781925785497,7.538158076770,17
46.781913629303,7.551252909179,17
46.780851087919,7.944091709154,17
46.780792408021,7.957186009934,17
46.780542680780,8.009562918027,17
46.780476497059,8.022657067661,17
46.780408812572,8.035751184885,17
46.780339627321,8.048845268973,17
46.780268941305,8.061939319198,17
46.780196754525,8.075033334834,17
46.780123066980,8.088127315154,17
46.780047878670,8.101221259432,17
46.779971189595,8.114315166940,17
46.779892999756,8.127409036952,17
46.779732117784,8.153596661581,17
46.779649425651,8.166690414745,17
46.790962624217,7.459592488233,17
46.790959472090,7.472689528168,17
46.790954818950,7.485786566213,17
46.790948664796,7.498883601642,17
46.790941009630,7.511980633728,17
46.790931853451,7.525077661745,17
46.790921196258,7.538174684966,17
46.790909038053,7.551271702665,17
46.790895378835,7.564368714114,17
46.790880218604,7.577465718587,17
46.789959197027,7.917983005750,17
46.789903509444,7.931079547191,17
46.789846320849,7.944176061309,17
46.789787631241,7.957272547378,17
46.789727440620,7.970369004671,17
46.789665748985,7.983465432462,17
46.789602556338,7.996561830023,17
46.789537862678,8.009658196628,17
46.789471668004,8.022754531550,17
46.789403972318,8.035850834063,17
46.789334775619,8.048947103440,17
46.789264077906,8.062043338955,17
46.789191879181,8.075139539880,17
46.799950225382,7.485794435865,17
46.799944070211,7.498893657309,17
46.799936413778,7.511992875410,17
46.799927256084,7.525092089441,17
46.799916597129,7.538191298677,17
46.799904436912,7.551290502390,17
46.799890775434,7.564389699853,17
46.799875612694,7.577488890341,17
46.799858948693,7.590588073126,17
46.799840783431,7.603687247482,17
46.799821116908,7.616786412681,17
46.799061328547,7.891865479910,17
46.799008634274,7.904964259831,17
46.798954438740,7.918063013883,17
46.798898741945,7.931161741338,17
46.798841543888,7.944260441471,17
46.798782844570,7.957359113555,17
46.798722643990,7.970457756862,17
46.798660942149,7.983556370667,17
46.798597739047,7.996654954243,17
46.798533034684,8.009753506862,17
46.798466829059,8.022852027799,17
46.798399122173,8.035950516327,17
46.798329914025,8.049048971719,17
46.808922648593,7.525106521926,17
46.808911987874,7.538207917902,17
46.808899825646,7.551309308355,17
46.808886161908,7.564410692558,17
46.808870996660,7.577512069786,17
46.808854329903,7.590613439311,17
46.808836161636,7.603714800407,17
46.808816491859,7.616816152347,17
46.808795320573,7.629917494404,17
46.808772647777,7.643018825851,17
46.808157479267,7.865739133094,17
46.808107779297,7.878840149314,17
46.808056577817,7.891941141118,17
46.808003874828,7.905042107779,17
46.807949670329,7.918143048571,17
46.807893964320,7.931243962766,17
46.807836756802,7.944344849639,17
46.807778047774,7.957445708463,17
46.807717837236,7.970546538511,17
46.807656125189,7.983647339056,17
46.807592911632,7.996748109372,17
46.807528196565,8.009848848731,17
46.807461979989,8.022949556408,17
46.817895204022,7.551328120559,17
46.817881538025,7.564431692229,17
46.817866370269,7.577535256922,17
46.817849700755,7.590638813913,17
46.817831529483,7.603742362474,17
46.817811856453,7.616845901880,17
46.817790681666,7.629949431402,17
46.817768005120,7.643052950316,17
46.817743826816,7.656156457893,17
46.817718146754,7.669259953408,17
46.817152734867,7.865810444475,17
46.817103026677,7.878913648161,17
46.817051816730,7.892016827430,17
46.816999105024,7.905119981557,17
46.816944891560,7.918223109814,17
46.816889176338,7.931326211475,17
46.816831959358,7.944429285814,17
46.816773240621,7.957532332104,17
46.816651297871,7.983738337628,17
46.816588073859,7.996841295409,17
46.816523348089,8.009944222234,17
46.816457120562,8.023047117377,17
46.826845061016,7.590664196931,17
46.826826886739,7.603769933684,17
46.826807210456,7.616875661280,17
46.826786032167,7.629981378994,17
46.826763351871,7.643087086099,17
46.826739169569,7.656192781867,17
46.826713485261,7.669298465573,17
46.826686298946,7.682404136490,17
46.826657610625,7.695509793891,17
46.826627420298,7.708615437049,17
46.826595727964,7.721721065237,17
46.826562533625,7.734826677730,17
46.826527837278,7.747932273800,17
46.826491638926,7.761037852720,17
46.826453938567,7.774143413765,17
46.826414736201,7.787248956207,17
46.826374031830,7.800354479319,17
46.826331825452,7.813459982376,17
46.826288117067,7.826565464650,17
46.826242906677,7.839670925415,17
46.826196194280,7.852776363943,17
46.826147979877,7.865881779509,17
46.826098263467,7.878987171386,17
46.826047045051,7.892092538846,17
46.825994324629,7.905197881164,17
46.835802553635,7.616905430548,17
46.835781371844,7.630013337179,17
46.835758687798,7.643121233201,17
46.835734501498,7.656229117886,17
46.835708812943,7.669336990509,17
46.835681622134,7.682444850342,17
46.835652929070,7.695552696659,17
46.835622733751,7.708660528734,17
46.835591036177,7.721768345840,17
46.835557836349,7.734876147249,17
46.835523134267,7.747983932236,17
46.835486929929,7.761091700073,17
46.835449223337,7.774199450034,17
46.835410014490,7.787307181393,17
46.835369303389,7.800414893422,17
46.835327090033,7.813522585396,17
46.835283374422,7.826630256587,17
46.835238156556,7.839737906268,17
46.835191436436,7.852845533713,17
46.835143214061,7.865953138196,17
46.835093489432,7.879060718989,17
46.835042262548,7.892168275367,17
46.844729822369,7.656265465949,17
46.844704129568,7.669375528214,17
46.844676934264,7.682485577689,17
46.844648236456,7.695595613649,17
46.844618036146,7.708705635366,17
46.844586333333,7.721815642114,17
46.844553128016,7.734925633166,17
46.844518420197,7.748035607795,17
46.844482209875,7.761145565274,17
46.844444497050,7.774255504878,17
46.844405281721,7.787365425879,17
46.844364563890,7.800475327551,17
46.844322343556,7.813585209167,17
46.844278620718,7.826695070000,17
46.844233395378,7.839804909323,17
46.844186667535,7.852914726411,17
46.844138437188,7.866024520536,17
46.853672235102,7.682526318532,17
46.853643532552,7.695638544860,17
46.853613327250,7.708750756945,17
46.853581619197,7.721862954060,17
46.853548408392,7.734975135480,17
46.853513694837,7.748087300477,17
46.853477478529,7.761199448324,17
46.853439759471,7.774311578296,17
46.853400537661,7.787423689665,17
46.853359813100,7.800535781705,17
46.853317585788,7.813647853688,17
46.853273855724,7.826759904889,17
46.853228622909,7.839871934581,17
46.853181887342,7.852983942036,17
