45.88848637,9.69832046,18
45.88822661,9.71119597,18
45.88796538,9.72407136,18
45.88743849,9.74982174,18
45.88717282,9.76269674,18
45.88690568,9.77557160,18
45.88663707,9.78844633,18
45.88636697,9.80132093,18
45.88609540,9.81419540,18
45.88582236,9.82706974,18
45.88554783,9.83994393,18
45.88527183,9.85281800,18
45.88499436,9.86569192,18
45.88358482,9.93005949,18
45.88329848,9.94293258,18
45.89925506,9.60854452,18
45.89900560,9.62142302,18
45.89875467,9.63430141,18
45.89850225,9.64717966,18
45.89824836,9.66005780,18
45.89799299,9.67293580,18
45.89773614,9.68581369,18
45.89747782,9.69869144,18
45.89721802,9.71156907,18
45.89695674,9.72444657,18
45.89669399,9.73732394,18
45.89642976,9.75020118,18
45.89616405,9.76307829,18
45.89589687,9.77595527,18
45.89562821,9.78883212,18
45.89535807,9.80170884,18
45.89508645,9.81458542,18
45.89481336,9.82746187,18
45.89453879,9.84033818,18
45.89426274,9.85321436,18
45.89398522,9.86609040,18
45.89370622,9.87896630,18
45.89342574,9.89184207,18
45.89314379,9.90471770,18
45.89286036,9.91759319,18
45.89257545,9.93046854,18
45.89228906,9.94334375,18
45.89200120,9.95621882,18
45.90874140,9.58313921,18
45.90849485,9.59602007,18
45.90824683,9.60890082,18
45.90799732,9.62178144,18
45.90774634,9.63466193,18
45.90749389,9.64754231,18
45.90723995,9.66042256,18
45.90698454,9.67330268,18
45.90672765,9.68618268,18
45.90646929,9.69906255,18
45.90620944,9.71194229,18
45.90594812,9.72482191,18
45.90568532,9.73770140,18
45.90542105,9.75058075,18
45.90515530,9.76345998,18
45.90488807,9.77633908,18
45.90461936,9.78921804,18
45.90434918,9.80209687,18
45.90407751,9.81497557,18
45.90380438,9.82785413,18
45.90352976,9.84073256,18
45.90325367,9.85361085,18
45.90297610,9.86648901,18
45.90269705,9.87936703,18
45.90241652,9.89224492,18
45.90213452,9.90512266,18
45.90185104,9.91800027,18
45.90156609,9.93087773,18
45.90127965,9.94375506,18
45.90099174,9.95663224,18
45.90070236,9.96950928,18
45.90041149,9.98238618,18
45.90011915,9.99526294,18
45.89953003,10.02101602,18
45.89923326,10.03389234,18
45.89893501,10.04676851,18
45.91918177,9.50619099,18
45.91894405,9.51907469,18
45.91870484,9.53195827,18
45.91846416,9.54484173,18
45.91822201,9.55772507,18
45.91797837,9.57060829,18
45.91773326,9.58349140,18
45.91748667,9.59637438,18
45.91723860,9.60925724,18
45.91698906,9.62213997,18
45.91673803,9.63502259,18
45.91648553,9.64790508,18
45.91623156,9.66078744,18
45.91597610,9.67366968,18
45.91571917,9.68655180,18
45.91546076,9.69943379,18
45.91520087,9.71231565,18
45.91493951,9.72519738,18
45.91467667,9.73807898,18
45.91441235,9.75096045,18
45.91414655,9.76384180,18
45.91387928,9.77672301,18
45.91361052,9.78960409,18
45.91334029,9.80248504,18
45.91306859,9.81536585,18
45.91279540,9.82824653,18
45.91252074,9.84112708,18
45.91224460,9.85400749,18
45.91196699,9.86688776,18
45.91168789,9.87976790,18
45.91140732,9.89264790,18
45.91112527,9.90552776,18
45.91084174,9.91840748,18
45.91055674,9.93128706,18
45.91027026,9.94416651,18
45.90998230,9.95704581,18
45.90969286,9.96992497,18
45.90940195,9.98280398,18
45.90910956,9.99568285,18
45.90881569,10.00856158,18
45.90852034,10.02144016,18
45.90822352,10.03431860,18
45.90792522,10.04719689,18
45.90762544,10.06007504,18
45.90732418,10.07295303,18
45.92841017,9.49364467,18
45.92817389,9.50653060,18
45.92793612,9.51941641,18
45.92769688,9.53230211,18
45.92745616,9.54518768,18
45.92721396,9.55807314,18
45.92697028,9.57095848,18
45.92672513,9.58384370,18
45.92647850,9.59672880,18
45.92623039,9.60961378,18
45.92598080,9.62249863,18
45.92572974,9.63538336,18
45.92547720,9.64826797,18
45.92522318,9.66115245,18
45.92496768,9.67403681,18
45.92471070,9.68692104,18
45.92445225,9.69980515,18
45.92419232,9.71268913,18
45.92393091,9.72557297,18
45.92366802,9.73845670,18
45.92067875,9.88016890,18
45.92039813,9.89305102,18
45.92011603,9.90593300,18
45.91983246,9.91881484,18
45.91926087,9.94457810,18
45.91897287,9.95745951,18
45.91868338,9.97034079,18
45.91839242,9.98322192,18
45.91809998,9.99610291,18
45.91780606,10.00898376,18
45.91751066,10.02186446,18
45.91721379,10.03474501,18
45.91691544,10.04762542,18
45.91661561,10.06050568,18
45.91631430,10.07338580,18
45.91601152,10.08626576,18
45.91570725,10.09914558,18
45.91540151,10.11202524,18
45.91509430,10.12490476,18
45.91478560,10.13778412,18
45.91447543,10.15066333,18
45.93787056,9.46820583,18
45.93763719,9.48109411,18
45.93740234,9.49398227,18
45.93716601,9.50687032,18
45.93692821,9.51975825,18
45.93668892,9.53264606,18
45.93644816,9.54553376,18
45.93620592,9.55842134,18
45.93596221,9.57130879,18
45.93571701,9.58419613,18
45.93547034,9.59708335,18
45.93522219,9.60997044,18
45.92796345,9.95787336,18
45.92767391,9.97075676,18
45.92738290,9.98364001,18
45.92709041,9.99652311,18
45.92679644,10.00940608,18
45.92650100,10.02228890,18
45.92620407,10.03517157,18
45.92590567,10.04805410,18
45.92560579,10.06093648,18
45.92530443,10.07381871,18
45.92500160,10.08670079,18
45.92469728,10.09958272,18
45.92439149,10.11246451,18
45.92408422,10.12534614,18
45.92377548,10.13822762,18
45.92346525,10.15110895,18
45.92315355,10.16399013,18
45.92284037,10.17687115,18
45.94732520,9.44275817,18
45.94709475,9.45564880,18
45.94686281,9.46853931,18
45.94662940,9.48142971,18
45.94639452,9.49431999,18
45.94615815,9.50721016,18
45.94592030,9.52010021,18
45.94568098,9.53299014,18
45.94544018,9.54587995,18
45.94519790,9.55876965,18
45.94495414,9.57165922,18
45.94470891,9.58454868,18
45.93608085,9.99694346,18
45.93489592,10.04848292,18
45.93459599,10.06136742,18
45.93429458,10.07425177,18
45.93399169,10.08713597,18
45.93368733,10.10002002,18
45.93338148,10.11290392,18
45.93307416,10.12578767,18
45.93276536,10.13867127,18
45.93245509,10.15155472,18
45.93214333,10.16443802,18
45.93183010,10.17732116,18
45.93151538,10.19020415,18
45.93119919,10.20308698,18
45.93088153,10.21596966,18
45.95700015,9.40440862,18
45.95677410,9.41730170,18
45.95654656,9.43019467,18
45.95631755,9.44308753,18
45.95608705,9.45598027,18
45.95585508,9.46887291,18
45.95562163,9.48176542,18
45.95538670,9.49465782,18
45.95515030,9.50755011,18
45.94328473,10.07468497,18
45.94298180,10.08757129,18
45.94267738,10.10045747,18
45.94237149,10.11334349,18
45.94206411,10.12622936,18
45.94175526,10.13911508,18
45.94144493,10.15200065,18
45.94113313,10.16488606,18
45.94081984,10.17777132,18
45.94050507,10.19065643,18
45.94018883,10.20354138,18
45.93987111,10.21642618,18
45.93955191,10.22931082,18
45.93923123,10.24219530,18
45.93890907,10.25507962,18
45.93858544,10.26796379,18
45.96621724,9.39183642,18
45.96599262,9.40473173,18
45.96576653,9.41762693,18
45.96553895,9.43052202,18
45.96530990,9.44341700,18
45.96507937,9.45631186,18
45.96484736,9.46920661,18
45.96461387,9.48210125,18
45.96437890,9.49499577,18
45.95043479,10.15244672,18
45.95012293,10.16533426,18
45.94980959,10.17822164,18
45.94949477,10.19110887,18
45.94917848,10.20399594,18
45.94886070,10.21688285,18
45.94854145,10.22976961,18
45.94822072,10.24265621,18
45.94789850,10.25554266,18
45.94757481,10.26842894,18
45.94724964,10.28131507,18
45.94692300,10.29420104,18
45.97587485,9.35346456,18
45.97565463,9.36636232,18
45.97543293,9.37925997,18
45.97520976,9.39215752,18
45.97498511,9.40505495,18
45.97475897,9.41795227,18
45.97453136,9.43084948,18
45.97430227,9.44374658,18
45.97407170,9.45664357,18
45.97383965,9.46954044,18
45.95879936,10.17867211,18
45.95848449,10.19156146,18
45.95816814,10.20445065,18
45.95785031,10.21733969,18
45.95753100,10.23022857,18
45.95721021,10.24311729,18
45.95688795,10.25600585,18
45.95656420,10.26889426,18
45.95623898,10.28178251,18
45.95591228,10.29467059,18
45.95558409,10.30755852,18
45.95525443,10.32044629,18
45.95492330,10.33333389,18
45.95459068,10.34622133,18
45.95425658,10.35910860,18
45.98508627,9.34087941,18
45.98486749,9.35377940,18
45.98464724,9.36667929,18
45.98442550,9.37957906,18
45.98420229,9.39247872,18
45.98397760,9.40537828,18
45.98375143,9.41827772,18
45.98352378,9.43117705,18
45.98329465,9.44407627,18
45.96715780,10.20490552,18
45.96683992,10.21779668,18
45.96652056,10.23068768,18
45.96619972,10.24357852,18
45.96587740,10.25646921,18
45.96555360,10.26935974,18
45.96522832,10.28225011,18
45.96490157,10.29514031,18
45.96457333,10.30803036,18
45.96424361,10.32092025,18
45.96391242,10.33380997,18
45.96357975,10.34669953,18
45.96324559,10.35958893,18
45.96290996,10.37247816,18
45.96257285,10.38536723,18
45.99429629,9.32829002,18
45.99407896,9.34119224,18
45.99386014,9.35409435,18
45.99363985,9.36699636,18
45.99341808,9.37989825,18
45.99319483,9.39280004,18
45.99297010,9.40570172,18
45.99274389,9.41860328,18
45.97486687,10.25693272,18
45.97454301,10.26982537,18
45.97421768,10.28271786,18
45.97389087,10.29561019,18
45.97356258,10.30850236,18
45.97323280,10.32139437,18
45.97290155,10.33428622,18
45.97256882,10.34717790,18
45.97223461,10.36006942,18
45.97189893,10.37296077,18
45.97156176,10.38585196,18
45.97122311,10.39874299,18
45.97088298,10.41163384,18
46.00371932,9.30279183,18
46.00350491,9.31569639,18
46.00328902,9.32860083,18
46.00307166,9.34150518,18
46.00285281,9.35440941,18
46.00263248,9.36731354,18
46.00241067,9.38021756,18
46.00218738,9.39312147,18
46.00196262,9.40602527,18
45.98255183,10.30897453,18
45.98222201,10.32186866,18
45.98189070,10.33476263,18
45.98155791,10.34765643,18
45.98122365,10.36055007,18
45.98088790,10.37344355,18
45.98055068,10.38633686,18
45.98021197,10.39923001,18
45.97987179,10.41212299,18
45.97953012,10.42501580,18
45.97918698,10.43790845,18
45.97884236,10.45080092,18
46.01292511,9.29019172,18
46.01271214,9.30309850,18
46.01249770,9.31600518,18
46.01228177,9.32891175,18
46.01206437,9.34181822,18
46.01184548,9.35472458,18
46.01162511,9.36763083,18
45.99021269,10.36103089,18
45.98987689,10.37392650,18
45.98953961,10.38682193,18
45.98920085,10.39971720,18
45.98886061,10.41261231,18
45.98851888,10.42550724,18
45.98817568,10.43840201,18
45.98783100,10.45129661,18
46.02233953,9.26467824,18
46.02212949,9.27758736,18
46.02191797,9.29049637,18
46.02170497,9.30340528,18
46.02149049,9.31631408,18
46.02127453,9.32922278,18
46.02105709,9.34213137,18
46.02083816,9.35503985,18
45.99852855,10.38730716,18
45.99818973,10.40020456,18
45.99784943,10.41310179,18
45.99750765,10.42599885,18
45.99716439,10.43889574,18
45.99681965,10.45179246,18
45.99647344,10.46468902,18
46.03195382,9.22624441,18
46.03174819,9.23915596,18
46.03154107,9.25206740,18
46.03133248,9.26497875,18
46.03112240,9.27788999,18
46.03091085,9.29080113,18
46.03069781,9.30371216,18
46.03048329,9.31662309,18
46.03026729,9.32953391,18
46.00683827,10.41359144,18
46.00649643,10.42649062,18
46.00615312,10.43938964,18
46.00580832,10.45228849,18
46.00546204,10.46518717,18
46.04115107,9.21362487,18
46.04094688,9.22653864,18
46.04074121,9.23945231,18
46.04053406,9.25236589,18
46.04032543,9.26527936,18
46.04011532,9.27819272,18
46.03990373,9.29110599,18
46.03969066,9.30401914,18
46.03947610,9.31693220,18
46.01514185,10.43988371,18
46.01479699,10.45278468,18
46.01445066,10.46568549,18
46.01410284,10.47858612,18
46.05054817,9.18808497,18
46.05034691,9.20100107,18
46.05014417,9.21391707,18
46.04993995,9.22683297,18
46.04973425,9.23974877,18
46.04952706,9.25266447,18
46.04931840,9.26558007,18
46.04910825,9.27849556,18
46.04889662,9.29141095,18
46.02413059,10.44037794,18
46.02378567,10.45328105,18
46.02343928,10.46618398,18
46.02309140,10.47908674,18
46.02274205,10.49198933,18
46.05974117,9.17545470,18
46.05954135,9.18837302,18
46.05934006,9.20129125,18
46.05913728,9.21420937,18
46.05893303,9.22712740,18
46.05872729,9.24004533,18
46.05852007,9.25296315,18
46.05831137,9.26588088,18
46.03277436,10.45377758,18
46.03242791,10.46668264,18
46.03207998,10.47958753,18
46.03173057,10.49249224,18
46.06873439,9.17574072,18
46.06853454,9.18866117,18
46.06833321,9.20158152,18
46.06813040,9.21450178,18
46.06792611,9.22742193,18
46.06772034,9.24034199,18
46.04176306,10.45427428,18
46.04141655,10.46718147,18
46.04106856,10.48008848,18
46.04071909,10.49299533,18
46.07792602,9.16310415,18
46.07772762,9.17602683,18
46.07752774,9.18894941,18
46.07732637,9.20187190,18
46.07712353,9.21479428,18
46.05040520,10.46768047,18
46.05005715,10.48058961,18
46.04970762,10.49349859,18
46.04935661,10.50640739,18
46.04900412,10.51931602,18
46.08711624,9.15046333,18
46.08691929,9.16338824,18
46.08672085,9.17631305,18
46.08652094,9.18923776,18
46.08631954,9.20216237,18
46.05939386,10.46817964,18
46.05904575,10.48109091,18
46.05869616,10.49400202,18
46.05834509,10.50691295,18
46.05799254,10.51982371,18
46.05763850,10.53273430,18
46.09610955,9.15074538,18
46.09591256,9.16367242,18
46.09571410,9.17659936,18
46.09551415,9.18952620,18
46.09531272,9.20245294,18
46.06838253,10.46867898,18
46.06803436,10.48159238,18
46.06768471,10.49450562,18
46.06733358,10.50741868,18
46.06698097,10.52033157,18
46.06662688,10.53324429,18
46.06627130,10.54615683,18
46.10510287,9.15102753,18
46.10490585,9.16395669,18
46.10470735,9.17688577,18
46.10450737,9.18981474,18
46.07667327,10.49500939,18
46.07632208,10.50792458,18
46.07596941,10.52083961,18
46.07561526,10.53375445,18
46.07525962,10.54666913,18
46.07490250,10.55958363,18
46.11429176,9.13837838,18
46.11409619,9.15130977,18
46.11389915,9.16424107,18
46.11370061,9.17717227,18
46.11350060,9.19010338,18
46.08531059,10.50843066,18
46.08495786,10.52134781,18
46.08460364,10.53426479,18
46.08424795,10.54718160,18
46.08389077,10.56009823,18
46.08353211,10.57301469,18
46.12347924,9.12572496,18
46.12328513,9.13865858,18
46.12308953,9.15159211,18
46.12289245,9.16452554,18
46.12269388,9.17745888,18
46.09394631,10.52185619,18
46.09359204,10.53477531,18
46.09323628,10.54769424,18
46.09287904,10.56061301,18
46.09252032,10.57353160,18
46.13285650,9.10013133,18
46.13266532,9.11306728,18
46.13247265,9.12600313,18
46.13227850,9.13893888,18
46.13208287,9.15187454,18
46.13188576,9.16481011,18
46.10258044,10.53528599,18
46.10222462,10.54820706,18
46.10186733,10.56112796,18
46.10150854,10.57404868,18
46.10114828,10.58696923,18
46.14184998,9.10040533,18
46.14165876,9.11334341,18
46.14146607,9.12628139,18
46.14127188,9.13921928,18
46.14107622,9.15215708,18
46.14087907,9.16509477,18
46.11121297,10.54872006,18
46.11085562,10.56164309,18
46.11049677,10.57456594,18
46.11013645,10.58748862,18
46.15103322,9.08773911,18
46.15084346,9.10067941,18
46.15065222,9.11361963,18
46.15045949,9.12655975,18
46.15026527,9.13949977,18
46.15006957,9.15243970,18
46.12020133,10.54923323,18
46.11984391,10.56215839,18
46.11948501,10.57508338,18
46.11912462,10.58800820,18
46.11876275,10.60093283,18
46.16002675,9.08801115,18
46.15983695,9.10095360,18
46.15964567,9.11389595,18
46.15945291,9.12683820,18
46.15925867,9.13978036,18
46.12883221,10.56267387,18
46.12847325,10.57560100,18
46.12811281,10.58852795,18
46.12775088,10.60145472,18
46.16920862,9.07533862,18
46.16902028,9.08828329,18
46.16883045,9.10122787,18
46.16863914,9.11417236,18
46.16844635,9.12711675,18
46.13782052,10.56318952,18
46.13746150,10.57611879,18
46.13710099,10.58904787,18
46.13673900,10.60197678,18
46.13637553,10.61490551,18
46.17838907,9.06266182,18
46.17820218,9.07560872,18
46.17801381,9.08855552,18
46.17782395,9.10150224,18
46.17763261,9.11444886,18
46.14644975,10.57663675,18
46.14608919,10.58956797,18
46.14572714,10.60249902,18
46.14536360,10.61542989,18
46.14499858,10.62836058,18
46.18756811,9.04998074,18
46.18738268,9.06292986,18
46.18719576,9.07587890,18
46.18700735,9.08882785,18
46.18681746,9.10177670,18
46.18662609,9.11472546,18
46.15507739,10.59008825,18
46.15471528,10.60302144,18
46.15435168,10.61595444,18
46.15398660,10.62888727,18
46.15362003,10.64181991,18
46.19656175,9.05024674,18
46.19637629,9.06319800,18
46.19618933,9.07614918,18
46.19600090,9.08910026,18
46.19581098,9.10205125,18
46.16406559,10.59060871,18
46.16370342,10.60354403,18
46.16333976,10.61647917,18
46.16297462,10.62941414,18
46.16260799,10.64234892,18
46.16223988,10.65528353,18
46.20573941,9.03755933,18
46.20555540,9.05051283,18
46.20536990,9.06346623,18
46.20518292,9.07641955,18
46.20499445,9.08937277,18
46.17269157,10.60406680,18
46.17232785,10.61700408,18
46.17196265,10.62994119,18
46.17159596,10.64287811,18
46.17122779,10.65581486,18
46.21473309,9.03782337,18
46.21454905,9.05077901,18
46.21436352,9.06373456,18
46.21417651,9.07669001,18
46.21398801,9.08964537,18
46.18131595,10.61752917,18
46.18095068,10.63046841,18
46.18058393,10.64340748,18
46.18021570,10.65634636,18
46.22372678,9.03808751,18
46.22354270,9.05104528,18
46.22335714,9.06400297,18
46.22317010,9.07696056,18
46.19030405,10.61805444,18
46.18993872,10.63099582,18
46.18957191,10.64393703,18
46.18920361,10.65687805,18
46.18883383,10.66981890,18
46.23272047,9.03835173,18
46.23253636,9.05131164,18
46.23235077,9.06427147,18
46.23216370,9.07723121,18
46.19929215,10.61857988,18
46.19892676,10.63152341,18
46.19855989,10.64446675,18
46.19819153,10.65740992,18
46.19782169,10.67035291,18
46.19745036,10.68329571,18
46.24171416,9.03861604,18
46.24153003,9.05157810,18
46.24134440,9.06454007,18
46.24115730,9.07750194,18
46.20791481,10.63205117,18
46.20754788,10.64499666,18
46.20717946,10.65794197,18
46.20680955,10.67088710,18
46.20643816,10.68383204,18
46.25107173,9.01295177,18
46.25089054,9.02591615,18
46.25070786,9.03888044,18
46.25052369,9.05184464,18
46.25033804,9.06480875,18
46.25015090,9.07777277,18
46.21653587,10.64552675,18
46.21616738,10.65847420,18
46.21579742,10.67142147,18
46.21542596,10.68436856,18
46.26024523,9.00024536,18
46.26006550,9.01321197,18
46.25988427,9.02617849,18
46.25970156,9.03914493,18
46.25951737,9.05211127,18
46.25933168,9.06507753,18
46.22515532,10.65900660,18
46.22478529,10.67195602,18
46.22441377,10.68490525,18
46.22404077,10.69785430,18
46.26923903,9.00050350,18
46.26905926,9.01347226,18
46.26887801,9.02644093,18
46.26869527,9.03940951,18
46.26851104,9.05237800,18
46.23414325,10.65953919,18
46.23377316,10.67249075,18
46.23340158,10.68544213,18
46.23302852,10.69839332,18
46.23265396,10.71134434,18
46.27841114,8.98779075,18
46.27823283,9.00076174,18
46.27805303,9.01373264,18
46.27787175,9.02670345,18
46.27768898,9.03967418,18
46.24313119,10.66007196,18
46.24276104,10.67302567,18
46.24238940,10.68597919,18
46.24201627,10.69893253,18
46.24164165,10.71188568,18
46.28740497,8.98804693,18
46.28722663,9.00102006,18
46.28704681,9.01399311,18
46.28686549,9.02696606,18
46.25174892,10.67356076,18
46.25137721,10.68651643,18
46.25100403,10.69947191,18
46.25062935,10.71242722,18
46.29657569,8.97532782,18
46.29639881,8.98830319,18
46.29622044,9.00127847,18
46.29604058,9.01425366,18
46.29585924,9.02722877,18
46.26036504,10.68705385,18
46.25999178,10.70001148,18
46.25961704,10.71296893,18
46.25924082,10.72592619,18
46.30556956,8.97558202,18
46.30539265,8.98855954,18
46.30521425,9.00153696,18
46.30503436,9.01451430,18
46.30485299,9.02749156,18
46.26935286,10.68759145,18
46.26897954,10.70055123,18
46.26860474,10.71351083,18
46.26822845,10.72647024,18
46.31456343,8.97583631,18
46.31438649,8.98881597,18
46.31420806,9.00179555,18
46.31402814,9.01477504,18
46.27834069,10.68812924,18
46.27796731,10.70109116,18
46.27759244,10.71405291,18
46.27721609,10.72701447,18
46.27683825,10.73997584,18
46.32355730,8.97609069,18
46.32338033,8.98907250,18
46.32320187,9.00205422,18
46.32302193,9.01503586,18
46.28732851,10.68866721,18
46.28695507,10.70163128,18
46.28658015,10.71459517,18
46.28620373,10.72755888,18
46.28582583,10.74052240,18
46.33255118,8.97634515,18
46.33237418,8.98932911,18
46.33219569,9.00231298,18
46.29594284,10.70217158,18
46.29556785,10.71513762,18
46.29519137,10.72810348,18
46.29481341,10.74106915,18
46.34172060,8.96361350,18
46.34154505,8.97659969,18
46.34136802,8.98958580,18
46.34118951,9.00257182,18
46.30493061,10.70271206,18
46.30455556,10.71568025,18
46.30417902,10.72864826,18
46.30380099,10.74161608,18
46.30342147,10.75458372,18
46.35071450,8.96386598,18
46.35053893,8.97685432,18
46.35036187,8.98984258,18
46.35018333,9.00283076,18
46.31354327,10.71622306,18
46.31316666,10.72919322,18
46.31278857,10.74216319,18
46.31240899,10.75513298,18
46.35988252,8.95112796,18
46.35970841,8.96411855,18
46.35953281,8.97710904,18
46.35935572,8.99009945,18
46.35917715,9.00308978,18
46.32253098,10.71676606,18
46.32215431,10.72973837,18
46.32177615,10.74271049,18
46.32139651,10.75568243,18
46.36887646,8.95137846,18
46.36870232,8.96437120,18
46.36852669,8.97736385,18
46.36834957,8.99035641,18
46.33151869,10.71730924,18
46.33114196,10.73028370,18
46.33076374,10.74325798,18
46.33038403,10.75623207,18
46.33000283,10.76920598,18
46.37769623,8.96462393,18
46.37752057,8.97761874,18
46.37734343,8.99061345,18
46.34050640,10.71785260,18
46.34012961,10.73082922,18
46.33975132,10.74380565,18
46.33937155,10.75678189,18
46.33899029,10.76975795,18
46.38686434,8.95187971,18
46.38669014,8.96487676,18
46.38651445,8.97787371,18
46.38633728,8.99087058,18
46.38615861,9.00386736,18
46.34911726,10.73137491,18
46.34873891,10.74435350,18
46.34835908,10.75733190,18
46.34797775,10.77031011,18
46.39568405,8.96512966,18
46.39550834,8.97812877,18
46.39533113,8.99112780,18
46.39515243,9.00412673,18
46.35810491,10.73192080,18
46.35772650,10.74490154,18
46.35734660,10.75788209,18
46.35696521,10.77086246,18
46.40485222,8.95238131,18
46.40467796,8.96538266,18
46.40450222,8.97838392,18
46.40432498,8.99138510,18
46.40414626,9.00438619,18
46.36709256,10.73246687,18
46.36671408,10.74544976,18
46.36633412,10.75843247,18
46.36595267,10.77141499,18
46.36556973,10.78439732,18
46.41384616,8.95263223,18
46.41367188,8.96563573,18
46.41349610,8.97863915,18
46.41331883,8.99164249,18
46.37570167,10.74599816,18
46.37532165,10.75898303,18
46.37494013,10.77196771,18
46.37455712,10.78495220,18
46.42284010,8.95288323,18
46.42266579,8.96588890,18
46.42248998,8.97889447,18
46.42231269,8.99189996,18
46.38468926,10.74654676,18
46.38430917,10.75953378,18
46.38392759,10.77252061,18
46.38354452,10.78550726,18
46.43183404,8.95313432,18
46.43165970,8.96614214,18
46.43148386,8.97914988,18
46.43130654,8.99215753,18
46.39329669,10.76008471,18
46.39291505,10.77307370,18
46.39253191,10.78606251,18
46.39214729,10.79905112,18
46.44082798,8.95338550,18
46.44065361,8.96639548,18
46.44047774,8.97940537,18
46.44030039,8.99241517,18
46.40228421,10.76063583,18
46.40190250,10.77362698,18
46.40151931,10.78661794,18
46.40113462,10.79960872,18
46.44982191,8.95363676,18
46.44964751,8.96664889,18
46.44947162,8.97966095,18
46.41127173,10.76118713,18
46.41088996,10.77418044,18
46.41050670,10.78717356,18
46.41012194,10.80016649,18
46.45881585,8.95388810,18
46.45864142,8.96690240,18
46.45846550,8.97991661,18
46.45828809,8.99293073,18
46.42025925,10.76173862,18
46.41987742,10.77473409,18
46.41949409,10.78772937,18
46.46780978,8.95413953,18
46.46763533,8.96715599,18
46.46745938,8.98017236,18
46.46728193,8.99318864,18
46.42962717,10.74929248,18
46.42924677,10.76229029,18
46.42886487,10.77528792,18
46.42848148,10.78828536,18
46.42809660,10.80128262,18
46.47680372,8.95439105,18
46.47662923,8.96740966,18
46.47645325,8.98042819,18
46.47627578,8.99344664,18
46.43823428,10.76284215,18
46.43785232,10.77584194,18
46.43746887,10.78884154,18
46.43708392,10.80184096,18
46.48579765,8.95464264,18
46.48562313,8.96766342,18
46.48544712,8.98068411,18
46.48526962,8.99370472,18
46.44722180,10.76339420,18
46.44683977,10.77639615,18
46.44645626,10.78939791,18
46.44607124,10.80239949,18
46.49479158,8.95489432,18
46.49461703,8.96791726,18
46.49444099,8.98094012,18
46.49426346,8.99396289,18
46.45620931,10.76394643,18
46.45582722,10.77695054,18
46.45544364,10.78995447,18
46.45505856,10.80295820,18
46.50378550,8.95514609,18
46.50361093,8.96817119,18
46.50343486,8.98119621,18
46.50325730,8.99422114,18
46.46519682,10.76449884,18
46.46481467,10.77750512,18
46.46443102,10.79051121,18
46.46404588,10.80351711,18
46.51295254,8.94237059,18
46.51277943,8.95539794,18
46.51260482,8.96842521,18
46.51242873,8.98145239,18
46.47418432,10.76505144,18
46.47380211,10.77805988,18
46.47341840,10.79106813,18
46.47303320,10.80407620,18
46.52194648,8.94262036,18
46.52177335,8.95564988,18
46.52159871,8.96867931,18
46.52142259,8.98170865,18
46.48317183,10.76560423,18
46.48278955,10.77861483,18
46.48240578,10.79162525,18
46.48202051,10.80463548,18
46.53094043,8.94287022,18
46.53076726,8.95590190,18
46.53059260,8.96893349,18
46.53041645,8.98196500,18
46.49215933,10.76615720,18
46.49177699,10.77916997,18
46.49139315,10.79218255,18
46.49100782,10.80519495,18
46.54010607,8.93008623,18
46.53993437,8.94312016,18
46.53976118,8.95615400,18
46.53958649,8.96918776,18
46.53941030,8.98222144,18
46.50076442,10.77972529,18
46.50038052,10.79274004,18
46.49999512,10.80575460,18
46.49960823,10.81876897,18
46.54892831,8.94337018,18
46.54875509,8.95640619,18
46.54858037,8.96944212,18
46.54840415,8.98247796,18
46.51013432,10.76726370,18
46.50975185,10.78028080,18
46.50936788,10.79329771,18
46.50898243,10.80631444,18
46.50859547,10.81933098,18
46.55792225,8.94362028,18
46.55774899,8.95665846,18
46.55757424,8.96969656,18
46.55739800,8.98273457,18
46.51912181,10.76781723,18
46.51873927,10.78083649,18
46.51835525,10.79385558,18
46.51796972,10.80687447,18
46.51758271,10.81989318,18
46.56691618,8.94387047,18
46.56674290,8.95691082,18
46.56656812,8.96995108,18
46.56639185,8.98299126,18
46.52810929,10.76837094,18
46.52772670,10.78139237,18
46.52734260,10.79441362,18
46.52695702,10.80743469,18
46.52656994,10.82045556,18
46.57591010,8.94412075,18
46.57573679,8.95716326,18
46.57556199,8.97020569,18
46.57538568,8.98324804,18
46.53709677,10.76892484,18
46.53671411,10.78194844,18
46.53632996,10.79497186,18
46.53594431,10.80799509,18
46.58490403,8.94437110,18
46.58473069,8.95741579,18
46.58455585,8.97046039,18
46.58437952,8.98350491,18
46.54608425,10.76947892,18
46.54570153,10.78250469,18
46.54531731,10.79553028,18
46.54493159,10.80855568,18
46.59372457,8.95766840,18
46.59354971,8.97071517,18
46.59337335,8.98376186,18
46.59319549,8.99680846,18
46.55507172,10.77003319,18
46.55468893,10.78306113,18
46.55430465,10.79608889,18
46.55391887,10.80911646,18
46.60271846,8.95792110,18
46.60254356,8.97097004,18
46.60236717,8.98401890,18
46.60218929,8.99706767,18
46.56405919,10.77058764,18
46.56367634,10.78361776,18
46.56329199,10.79664769,18
46.56290615,10.80967743,18
46.61171234,8.95817388,18
46.61153741,8.97122499,18
46.61136099,8.98427602,18
46.61118308,8.99732696,18
46.57304665,10.77114228,18
46.57266373,10.78417457,18
46.57227932,10.79720667,18
46.57189342,10.81023858,18
46.62070621,8.95842674,18
46.62053126,8.97148003,18
46.62035481,8.98453323,18
46.62017686,8.99758634,18
46.58203410,10.77169711,18
46.58165113,10.78473156,18
46.58126665,10.79776584,18
46.58088068,10.81079992,18
46.62970008,8.95867969,18
46.62952510,8.97173515,18
46.62934862,8.98479052,18
46.62917064,8.99784581,18
46.59102155,10.77225212,18
46.59063851,10.78528875,18
46.59025397,10.79832519,18
46.58986794,10.81136145,18
46.63869394,8.95893272,18
46.63851893,8.97199036,18
46.63834242,8.98504790,18
46.63816442,8.99810537,18
46.60000900,10.77280731,18
46.59962589,10.78584612,18
46.59924129,10.79888474,18
46.64768779,8.95918584,18
46.64751275,8.97224565,18
46.64733622,8.98530537,18
46.64715818,8.99836501,18
46.60937811,10.76032152,18
46.60899644,10.77336269,18
46.60861327,10.78640367,18
46.60822860,10.79944447,18
46.60784244,10.81248507,18
46.65668164,8.95943904,18
46.65650657,8.97250103,18
46.65633001,8.98556292,18
46.65615194,8.99862474,18
46.65597238,9.01168646,18
46.61836560,10.76087491,18
46.61798387,10.77391826,18
46.61760064,10.78696141,18
46.61721591,10.80000438,18
46.66550038,8.97275649,18
46.66532379,8.98582056,18
46.66514570,8.99888455,18
46.66496611,9.01194845,18
46.62735309,10.76142849,18
46.62697129,10.77447401,18
46.62658800,10.78751934,18
46.62620320,10.80056448,18
46.67449419,8.97301204,18
46.67431757,8.98607829,18
46.67413944,8.99914445,18
46.67395982,9.01221053,18
46.67377871,9.02527652,18
46.63634057,10.76198225,18
46.63595871,10.77502994,18
46.63557535,10.78807745,18
46.63519049,10.80112477,18
46.68331134,8.98633610,18
46.68313318,8.99940444,18
46.68295353,9.01247270,18
46.68277239,9.02554086,18
46.64532805,10.76253619,18
46.64494612,10.77558606,18
46.64456270,10.78863575,18
46.64417778,10.80168525,18
46.69230510,8.98659399,18
46.69212692,8.99966451,18
46.69194724,9.01273495,18
46.69176606,9.02580529,18
46.65469600,10.75003809,18
46.65431551,10.76309032,18
46.65393352,10.77614237,18
46.65355004,10.78919424,18
46.65316505,10.80224591,18
46.70129885,8.98685198,18
46.70112064,8.99992468,18
46.70094093,9.01299729,18
46.70075972,9.02606981,18
46.66330297,10.76364463,18
46.66292092,10.77669886,18
46.66253737,10.78975291,18
46.66215232,10.80280676,18
46.71029260,8.98711004,18
46.71011436,9.00018492,18
46.70993462,9.01325972,18
46.70975338,9.02633442,18
46.67229042,10.76419913,18
46.67190831,10.77725554,18
46.67152469,10.79031176,18
46.67113958,10.80336780,18
46.71928634,8.98736820,18
46.71910807,9.00044526,18
46.71892830,9.01352223,18
46.71874703,9.02659912,18
46.68165854,10.75169504,18
46.68127786,10.76475382,18
46.68089569,10.77781240,18
46.68051201,10.79087081,18
46.68012683,10.80392902,18
46.72828007,8.98762644,18
46.72810177,9.00070568,18
46.72792197,9.01378483,18
46.72774067,9.02686390,18
46.69064604,10.75224773,18
46.69026530,10.76530868,18
46.68988306,10.77836945,18
46.68949932,10.79143004,18
46.73727379,8.98788476,18
46.73709546,9.00096619,18
46.73691563,9.01404752,18
46.73673430,9.02712877,18
46.70001284,10.73973728,18
46.69963353,10.75280060,18
46.69925273,10.76586373,18
46.69887042,10.77892669,18
46.69848662,10.79198945,18
46.74626750,8.98814318,18
46.74608914,9.00122678,18
46.74590928,9.01431030,18
46.74572793,9.02739373,18
46.70900038,10.74028815,18
46.70862101,10.75335365,18
46.70824014,10.76641897,18
46.70785778,10.77948410,18
46.75526120,8.98840167,18
46.75508282,9.00148746,18
46.75490293,9.01457316,18
46.75472154,9.02765878,18
46.71798791,10.74083920,18
46.71760848,10.75390689,18
46.71722755,10.76697439,18
46.71684512,10.78004171,18
46.76425490,8.98866026,18
46.76407648,9.00174823,18
46.76389656,9.01483611,18
46.76371515,9.02792391,18
46.72735343,10.72832039,18
46.72697544,10.74139044,18
46.72659594,10.75446031,18
46.72621495,10.76753000,18
46.72583246,10.78059950,18
46.77324858,8.98891893,18
46.77307014,9.00200908,18
46.77289019,9.01509915,18
46.77270874,9.02818914,18
46.77252579,9.04127903,18
46.77234134,9.05436884,18
46.73596295,10.74194186,18
46.73558340,10.75501391,18
46.73520234,10.76808579,18
46.78206378,9.00227002,18
46.78188381,9.01536228,18
46.78170233,9.02845445,18
46.78151935,9.04154653,18
46.78133487,9.05463852,18
46.74495046,10.74249346,18
46.74457084,10.75556770,18
46.79087741,9.01562549,18
46.79069590,9.02871985,18
46.79051289,9.04181411,18
46.79032838,9.05490829,18
46.79014237,9.06800238,18
46.75431614,10.72996864,18
46.75393795,10.74304525,18
46.75355827,10.75612168,18
46.75317709,10.76919792,18
46.79987101,9.01588879,18
46.79968947,9.02898533,18
46.79950643,9.04208179,18
46.79932189,9.05517815,18
46.79913584,9.06827443,18
46.76330368,10.73051842,18
46.76292544,10.74359722,18
46.76254570,10.75667583,18
46.76216445,10.76975426,18
46.80868302,9.02925091,18
46.80849995,9.04234955,18
46.80831538,9.05544810,18
46.80812931,9.06854656,18
46.77266802,10.71798722,18
46.77229122,10.73106839,18
46.77191292,10.74414937,18
46.77153311,10.75723017,18
46.77115180,10.77031079,18
46.81767657,9.02951657,18
46.81749347,9.04261740,18
46.81730887,9.05571814,18
46.81712276,9.06881879,18
46.81693515,9.08191935,18
46.78165561,10.71853518,18
46.78127875,10.73161854,18
46.78090038,10.74470171,18
46.82648697,9.04288534,18
46.82630234,9.05598827,18
46.82611620,9.06909111,18
46.82592857,9.08219386,18
46.79101862,10.70599759,18
46.79064319,10.71908332,18
46.79026626,10.73216887,18
46.78988783,10.74525423,18
46.83548047,9.04315337,18
46.83529580,9.05625849,18
46.83510964,9.06936352,18
46.83492197,9.08246846,18
46.83473279,9.09557331,18
46.80000625,10.70654373,18
46.79963076,10.71963164,18
46.79925377,10.73271938,18
46.84447395,9.04342149,18
46.84428925,9.05652880,18
46.84410306,9.06963602,18
46.84391536,9.08274315,18
46.84372615,9.09585019,18
46.84353545,9.10895714,18
46.80899387,10.70709004,18
46.80861832,10.72018015,18
46.80824126,10.73327007,18
46.85328269,9.05679920,18
46.85309646,9.06990861,18
46.85290873,9.08301793,18
46.85271950,9.09612716,18
46.85252876,9.10923630,18
46.81835558,10.69454406,18
46.81798147,10.70763654,18
46.81760586,10.72072883,18
46.81722875,10.73382095,18
46.86208986,9.07018129,18
46.86190210,9.08329280,18
46.86171283,9.09640423,18
46.86152206,9.10951556,18
46.86132979,9.12262679,18
46.82734324,10.69508854,18
46.82696907,10.70818321,18
46.82659339,10.72127770,18
46.82621622,10.73437201,18
46.82583754,10.74746614,18
46.87089545,9.08356777,18
46.87070616,9.09668138,18
46.87051536,9.10979490,18
46.83633088,10.69563321,18
46.83595665,10.70873007,18
46.83558092,10.72182675,18
46.87988879,9.08384282,18
46.87969947,9.09695863,18
46.87950863,9.11007434,18
46.84569131,10.68307881,18
46.84531852,10.69617805,18
46.84494422,10.70927711,18
46.88888212,9.08411797,18
46.88869276,9.09723597,18
46.88850190,9.11035388,18
46.88830953,9.12347170,18
46.85505034,10.67052003,18
46.85467899,10.68362164,18
46.85430614,10.69672307,18
46.85393178,10.70982433,18
46.89806332,9.07127292,18
46.89787544,9.08439320,18
46.89768605,9.09751340,18
46.89749515,9.11063350,18
46.89730275,9.12375352,18
46.86440797,10.65795686,18
46.86403807,10.67106085,18
46.86366666,10.68416465,18
46.86329374,10.69726828,18
46.86291933,10.71037173,18
46.90667932,9.09779092,18
46.90648839,9.11091322,18
46.90629596,9.12403543,18
46.90610203,9.13715754,18
46.87339575,10.65849566,18
46.87302578,10.67160184,18
46.87265431,10.68470784,18
46.87228134,10.69781366,18
46.91567258,9.09806854,18
46.91548162,9.11119303,18
46.91528916,9.12431744,18
46.91509519,9.13744175,18
46.91489972,9.15056596,18
46.88238351,10.65903463,18
46.88201349,10.67214301,18
46.88164196,10.68525121,18
46.88126892,10.69835923,18
46.92466582,9.09834624,18
46.92447483,9.11147294,18
46.92428234,9.12459954,18
46.92408834,9.13772605,18
46.92389284,9.15085246,18
46.89173985,10.64646304,18
46.89137127,10.65957379,18
46.89100118,10.67268436,18
46.89062958,10.68579476,18
46.93346803,9.11175293,18
46.93327551,9.12488173,18
46.93308148,9.13801044,18
46.93288594,9.15113905,18
46.93268890,9.16426756,18
46.90109479,10.63388704,18
46.90072765,10.64700017,18
46.90035900,10.66011312,18
46.89998885,10.67322589,18
46.94226866,9.12516402,18
46.94207460,9.13829492,18
46.94187903,9.15142573,18
46.94168196,9.16455645,18
46.94148338,9.17768707,18
46.94128329,9.19081759,18
46.91044833,10.62130665,18
46.91008263,10.63442216,18
46.90971543,10.64753748,18
46.90934673,10.66065263,18
46.90897652,10.67376760,18
46.95126180,9.12544640,18
46.95106771,9.13857950,18
46.95087211,9.15171251,18
46.95067500,9.16484542,18
46.95047639,9.17797824,18
46.95027627,9.19111096,18
46.95007465,9.20424359,18
46.91980047,10.60872186,18
46.91943622,10.62183974,18
46.91907046,10.63495745,18
46.91870320,10.64807497,18
46.91833444,10.66119232,18
46.91796417,10.67430949,18
46.95986517,9.15199938,18
46.95966803,9.16513450,18
46.95946938,9.17826951,18
46.95926923,9.19140444,18
46.95906758,9.20453926,18
46.92878840,10.60925293,18
46.92842410,10.62237301,18
46.92805828,10.63549291,18
46.92769096,10.64861264,18
46.92732213,10.66173219,18
46.96866104,9.16542366,18
46.96846237,9.17856088,18
46.96826218,9.19169801,18
46.96806049,9.20483503,18
46.96785729,9.21797196,18
46.96765259,9.23110879,18
46.93777633,10.60978417,18
46.93741196,10.62290645,18
46.93704608,10.63602856,18
46.93667870,10.64915048,18
46.97745533,9.17885235,18
46.97725511,9.19199167,18
46.97705339,9.20513090,18
46.97685016,9.21827003,18
46.97664542,9.23140906,18
46.94712716,10.59719093,18
46.94676423,10.61031559,18
46.94639981,10.62344007,18
46.94603387,10.63656438,18
46.98644828,9.17914391,18
46.98624803,9.19228544,18
46.98604628,9.20542687,18
46.98584301,9.21856820,18
46.98563824,9.23170943,18
46.98543196,9.24485057,18
46.95647658,10.58459329,18
46.95611511,10.59772032,18
46.95575213,10.61084718,18
46.95538764,10.62397386,18
46.95502164,10.63710037,18
46.99503915,9.20572293,18
46.99483585,9.21886646,18
46.99463105,9.23200990,18
46.99442473,9.24515324,18
46.96582461,10.57199124,18
46.96546458,10.58512065,18
46.96510305,10.59824989,18
46.96474000,10.61137895,18
46.96437546,10.62450783,18
46.96400940,10.63763654,18
47.00403200,9.20601909,18
47.00382867,9.21916483,18
47.00362383,9.23231047,18
47.00341749,9.24545601,18
47.00320963,9.25860145,18
47.00300027,9.27174679,18
46.97481265,10.57251657,18
46.97445256,10.58564819,18
46.97409097,10.59877963,18
46.97372787,10.61191089,18
46.97336326,10.62504198,18
47.01282148,9.21946329,18
47.01261660,9.23261113,18
47.01241022,9.24575888,18
47.01220234,9.25890652,18
47.01199294,9.27205407,18
47.01178204,9.28520151,18
46.98487207,10.53363959,18
46.98451644,10.54677392,18
46.98415931,10.55990809,18
46.98380067,10.57304208,18
46.98344053,10.58617590,18
46.98307887,10.59930954,18
46.98271571,10.61244301,18
47.02181427,9.21976185,18
47.02160936,9.23291190,18
47.02140295,9.24606185,18
47.02119503,9.25921170,18
47.02098560,9.27236145,18
47.02077466,9.28551110,18
47.02056222,9.29866064,18
46.99456709,10.50788506,18
46.99421443,10.52102194,18
46.99386025,10.53415865,18
46.99350457,10.54729519,18
46.99314738,10.56043156,18
46.99278868,10.57356776,18
46.99242848,10.58670378,18
46.99206676,10.59983963,18
47.03039565,9.24636492,18
47.03018770,9.25951697,18
47.02997823,9.27266893,18
47.02976726,9.28582078,18
47.02955478,9.29897254,18
47.02934079,9.31212419,18
47.00355538,10.50839988,18
47.00320265,10.52153897,18
47.00284842,10.53467788,18
47.00249268,10.54781663,18
47.00213543,10.56095520,18
47.00177667,10.57409361,18
47.00141641,10.58723183,18
47.00105464,10.60036989,18
47.03918035,9.25982235,18
47.03897085,9.27297651,18
47.03875985,9.28613057,18
47.03854733,9.29928453,18
47.03833331,9.31243839,18
47.03811778,9.32559214,18
47.03790074,9.33874579,18
47.01324469,10.48263177,18
47.01289492,10.49577341,18
47.01254365,10.50891487,18
47.01219087,10.52205616,18
47.01183657,10.53519729,18
47.01148077,10.54833824,18
47.01112347,10.56147902,18
47.04796346,9.27328420,18
47.04775242,9.28644046,18
47.04753987,9.29959663,18
47.04732581,9.31275269,18
47.04711024,9.32590865,18
47.04689317,9.33906451,18
47.04667458,9.35222026,18
47.02258137,10.46999851,18
47.02223306,10.48314252,18
47.02188323,10.49628636,18
47.02153190,10.50943003,18
47.02117906,10.52257353,18
47.02082471,10.53571686,18
47.05674497,9.28675046,18
47.05653238,9.29990883,18
47.05631829,9.31306710,18
47.05610269,9.32622527,18
47.05588558,9.33938333,18
47.05566696,9.35254129,18
47.05544683,9.36569914,18
47.05522519,9.37885689,18
47.03191665,10.45736083,18
47.03156978,10.47050722,18
47.03122141,10.48365343,18
47.03087153,10.49679948,18
47.03052014,10.50994536,18
47.03016724,10.52309107,18
47.02981283,10.53623661,18
47.06531075,9.31338161,18
47.06509512,9.32654199,18
47.06487797,9.33970226,18
47.06465931,9.35286243,18
47.06443915,9.36602249,18
47.06421748,9.37918245,18
47.06399429,9.39234229,18
47.06376960,9.40550203,18
47.04125051,10.44471874,18
47.04090509,10.45786750,18
47.04055817,10.47101609,18
47.04020974,10.48416451,18
47.03985980,10.49731277,18
47.03950835,10.51046086,18
47.03915540,10.52360878,18
47.07408753,9.32685882,18
47.07387035,9.34002130,18
47.07365165,9.35318367,18
47.07343145,9.36634594,18
47.07320974,9.37950811,18
47.07298652,9.39267017,18
47.07276180,9.40583212,18
47.07253556,9.41899396,18
47.05092540,10.41892093,18
47.05058295,10.43207223,18
47.05023899,10.44522336,18
47.04989352,10.45837433,18
47.04954655,10.47152513,18
47.04919806,10.48467576,18
47.04884806,10.49782623,18
47.08286270,9.34034044,18
47.08264398,9.35350502,18
47.08242374,9.36666950,18
47.08220199,9.37983388,18
47.08197874,9.39299815,18
47.08175397,9.40616231,18
47.08152770,9.41932636,18
47.08129991,9.43249030,18
47.08107062,9.44565413,18
47.08083982,9.45881785,18
47.06093245,10.37995978,18
47.06059447,10.39311378,18
47.06025498,10.40626762,18
47.05991399,10.41942130,18
47.05957148,10.43257480,18
47.05922746,10.44572815,18
47.05888194,10.45888133,18
47.05853490,10.47203434,18
47.09141601,9.36699317,18
47.09119423,9.38015975,18
47.09097093,9.39332623,18
47.09074613,9.40649260,18
47.09051982,9.41965886,18
47.09029200,9.43282502,18
47.09006266,9.44599106,18
47.08983182,9.45915699,18
47.08959947,9.47232281,18
47.07025771,10.36729731,18
47.06992118,10.38045368,18
47.06958315,10.39360989,18
47.06924360,10.40676594,18
47.06890255,10.41992183,18
47.06855999,10.43307755,18
47.06821592,10.44623310,18
47.06787033,10.45938849,18
47.10018644,9.38048574,18
47.09996311,9.39365443,18
47.09973827,9.40682301,18
47.09951192,9.41999148,18
47.09928406,9.43315985,18
47.09905469,9.44632810,18
47.09882381,9.45949624,18
47.09859142,9.47266428,18
47.09835752,9.48583220,18
47.09812211,9.49900000,18
47.07991511,10.34147150,18
47.07958155,10.35463041,18
47.07924648,10.36778916,18
47.07890990,10.38094774,18
47.07857181,10.39410617,18
47.07823221,10.40726443,18
47.07789110,10.42042252,18
47.07754848,10.43358045,18
47.10873039,9.40715352,18
47.10850400,9.42032421,18
47.10827611,9.43349479,18
47.10804670,9.44666525,18
47.10781578,9.45983561,18
47.10758336,9.47300585,18
47.10734942,9.48617598,18
47.10711397,9.49934600,18
47.10687701,9.51251591,18
47.10663854,9.52568570,18
47.09022332,10.28931301,18
47.08989575,10.30247477,18
47.08956667,10.31563637,18
47.08923607,10.32879781,18
47.08890397,10.34195909,18
47.08857035,10.35512021,18
47.08823523,10.36828117,18
47.08789859,10.38144197,18
47.08756045,10.39460260,18
47.08722079,10.40776307,18
47.11703869,9.44700251,18
47.11680774,9.46017508,18
47.11657527,9.47334754,18
47.11634129,9.48651988,18
47.11610581,9.49969212,18
47.11586881,9.51286424,18
47.11563030,9.52603624,18
47.11539028,9.53920813,18
47.09921238,10.28979191,18
47.09888475,10.30295588,18
47.09855562,10.31611969,18
47.09822497,10.32928334,18
47.09789281,10.34244684,18
47.09755914,10.35561017,18
47.09722396,10.36877334,18
47.09688727,10.38193635,18
47.12556717,9.47368934,18
47.12533315,9.48686390,18
47.12509762,9.50003834,18
47.12486059,9.51321268,18
47.12462204,9.52638689,18
47.12438198,9.53956100,18
47.12414042,9.55273498,18
47.12389734,9.56590885,18
47.10917540,10.25077147,18
47.10885225,10.26393812,18
47.10852759,10.27710462,18
47.10820142,10.29027096,18
47.10787374,10.30343714,18
47.10754455,10.31660317,18
47.10721385,10.32976903,18
47.10688163,10.34293474,18
47.10654791,10.35610029,18
47.10621267,10.36926567,18
47.13408942,9.50038469,18
47.13385235,9.51356123,18
47.13361376,9.52673766,18
47.13337367,9.53991398,18
47.13313206,9.55309018,18
47.13288894,9.56626627,18
47.13264431,9.57944223,18
47.13239817,9.59261808,18
47.13215051,9.60579382,18
47.13190135,9.61896943,18
47.11880646,10.22490583,18
47.11848628,10.23807501,18
47.11816458,10.25124403,18
47.11784138,10.26441290,18
47.11751667,10.27758161,18
47.11719044,10.29075017,18
47.11686271,10.30391857,18
47.11653346,10.31708680,18
47.11620271,10.33025489,18
47.11587044,10.34342281,18
47.11553666,10.35659057,18
47.14260546,9.52708855,18
47.14236533,9.54026708,18
47.14212368,9.55344550,18
47.14188052,9.56662380,18
47.14163585,9.57980198,18
47.14138967,9.59298005,18
47.14114198,9.60615799,18
47.14089277,9.61933582,18
47.14064206,9.63251352,18
47.14038983,9.64569111,18
47.14013609,9.65886857,18
47.13988084,9.67204591,18
47.13962408,9.68522313,18
47.13936581,9.69840023,18
47.13910603,9.71157720,18
47.13884473,9.72475404,18
47.13858193,9.73793076,18
47.13831761,9.75110735,18
47.12843165,10.19903088,18
47.12811444,10.21220258,18
47.12779572,10.22537412,18
47.12747549,10.23854552,18
47.12715375,10.25171675,18
47.12683049,10.26488784,18
47.12650573,10.27805876,18
47.12617945,10.29122953,18
47.12585166,10.30440015,18
47.12552236,10.31757060,18
47.15135697,9.54062030,18
47.15111528,9.55380093,18
47.15087208,9.56698145,18
47.15062737,9.58016184,18
47.15038115,9.59334212,18
47.15013342,9.60652229,18
47.14988417,9.61970233,18
47.14963342,9.63288225,18
47.14938115,9.64606205,18
47.14912737,9.65924173,18
47.14887208,9.67242129,18
47.14861527,9.68560072,18
47.14835696,9.69878003,18
47.14809713,9.71195922,18
47.14783580,9.72513828,18
47.14757295,9.73831721,18
47.14730859,9.75149602,18
47.14704272,9.76467470,18
47.14677533,9.77785325,18
47.14650644,9.79103168,18
47.14623603,9.80420997,18
47.14596412,9.81738813,18
47.13867494,10.14679772,18
47.13836373,10.15997224,18
47.13805100,10.17314661,18
47.13773676,10.18632082,18
47.13742101,10.19949489,18
47.13710375,10.21266881,18
47.13678497,10.22584257,18
47.13646469,10.23901617,18
47.13614289,10.25218963,18
47.13581958,10.26536293,18
47.13549476,10.27853607,18
47.15986363,9.56733921,18
47.15961888,9.58052183,18
47.15937261,9.59370432,18
47.15912484,9.60688670,18
47.15887555,9.62006896,18
47.15862476,9.63325110,18
47.15837245,9.64643312,18
47.15811862,9.65961501,18
47.15786329,9.67279679,18
47.15760645,9.68597844,18
47.15734809,9.69915996,18
47.15708822,9.71234137,18
47.15682684,9.72552264,18
47.15656395,9.73870379,18
47.15629955,9.75188482,18
47.15603363,9.76506572,18
47.15576620,9.77824648,18
47.15549727,9.79142712,18
47.15522682,9.80460763,18
47.15495485,9.81778801,18
47.15468138,9.83096826,18
47.15440639,9.84414838,18
47.15412990,9.85732836,18
47.15385189,9.87050822,18
47.15357237,9.88368793,18
47.15186349,9.96276338,18
47.15039786,10.02865577,18
47.14889443,10.09454459,18
47.14858921,10.10772192,18
47.14828248,10.12089910,18
47.14797424,10.13407613,18
47.14766448,10.14725302,18
47.14735321,10.16042975,18
47.14704044,10.17360634,18
47.14672614,10.18678277,18
47.14641034,10.19995905,18
47.14609303,10.21313518,18
47.14577420,10.22631116,18
47.14545386,10.23948699,18
47.14513201,10.25266266,18
47.14480865,10.26583817,18
47.16811624,9.60725123,18
47.16786691,9.62043571,18
47.16761608,9.63362007,18
47.16736372,9.64680430,18
47.16710986,9.65998842,18
47.16685449,9.67317241,18
47.16659760,9.68635627,18
47.16633920,9.69954002,18
47.16607929,9.71272364,18
47.16581787,9.72590713,18
47.16555493,9.73909050,18
47.16529048,9.75227374,18
47.16502453,9.76545686,18
47.16475705,9.77863984,18
47.16448807,9.79182270,18
47.16421758,9.80500543,18
47.16394557,9.81818803,18
47.16367205,9.83137049,18
47.16339702,9.84455283,18
47.16312048,9.85773503,18
47.16284242,9.87091710,18
47.16256286,9.88409903,18
47.16228178,9.89728083,18
47.16199919,9.91046249,18
47.16171508,9.92364402,18
47.16142947,9.93682541,18
47.16114234,9.95000667,18
47.16085370,9.96318778,18
47.16056355,9.97636876,18
47.16027189,9.98954959,18
47.15997871,10.00273029,18
47.15968403,10.01591085,18
47.15938783,10.02909126,18
47.15909012,10.04227153,18
47.15879090,10.05545165,18
47.15849016,10.06863164,18
47.15818791,10.08181147,18
47.15788416,10.09499117,18
47.15757889,10.10817071,18
47.15727210,10.12135011,18
47.15696381,10.13452936,18
47.15665400,10.14770846,18
47.15634268,10.16088741,18
47.15602985,10.17406622,18
47.15571551,10.18724487,18
47.15539966,10.20042337,18
47.15508229,10.21360172,18
47.17610108,9.66036194,18
47.17584566,9.67354815,18
47.17428140,9.75266280,18
47.17401540,9.76584813,18
47.17374788,9.77903333,18
47.17347886,9.79221841,18
47.17320832,9.80540335,18
47.17293627,9.81858817,18
47.17266270,9.83177285,18
47.17238763,9.84495740,18
47.17211104,9.85814182,18
47.17183294,9.87132611,18
47.17155333,9.88451026,18
47.17127220,9.89769428,18
47.17098956,9.91087816,18
47.17070541,9.92406191,18
47.17041975,9.93724552,18
47.17013258,9.95042899,18
47.16984389,9.96361232,18
47.16955369,9.97679552,18
47.16926198,9.98997857,18
47.16896876,10.00316149,18
47.16867402,10.01634426,18
47.16837778,10.02952689,18
47.16808002,10.04270938,18
47.16778075,10.05589172,18
47.16747996,10.06907392,18
47.16717767,10.08225598,18
47.16687386,10.09543789,18
47.16656854,10.10861965,18
47.16626170,10.12180127,18
47.16595336,10.13498274,18
47.16564350,10.14816406,18
47.16533213,10.16134523,18
47.16501925,10.17452625,18
47.16470485,10.18770712,18
47.18192694,9.81898844,18
47.18165333,9.83217534,18
47.18137821,9.84536212,18
47.18110158,9.85854875,18
47.18082343,9.87173526,18
47.18054377,9.88492163,18
47.18026260,9.89810787,18
47.17997992,9.91129397,18
47.17969572,9.92447993,18
47.17941002,9.93766576,18
47.17912279,9.95085145,18
47.17883406,9.96403700,18
47.17854381,9.97722242,18
47.17825206,9.99040769,18
47.17795879,10.00359282,18
47.17766400,10.01677781,18
47.17736771,10.02996266,18
47.17706990,10.04314737,18
47.17677058,10.05633193,18
47.17646974,10.06951635,18
47.17616740,10.08270063,18
47.17586354,10.09588476,18
47.17555817,10.10906874,18
47.17525128,10.12225257,18
47.17494289,10.13543626,18
47.17463298,10.14861980,18
47.17432156,10.16180319,18
47.18981391,9.87214454,18
47.18925299,9.89852159,18
47.18897026,9.91170991,18
47.18868601,9.92489809,18
47.18840026,9.93808614,18
47.18811299,9.95127405,18
47.18782421,9.96446182,18
47.18753391,9.97764946,18
47.18724211,9.99083695,18
47.18694879,10.00402430,18
47.18665396,10.01721151,18
47.18635761,10.03039858,18
47.18605976,10.04358551,18
47.18576039,10.05677229,18
47.18545950,10.06995893,18
47.18515711,10.08314542,18
47.18485320,10.09633177,18
