46.204967654217,6.899655252568,17
46.205028682428,6.912611145729,17
46.205088225769,6.925567068392,17
46.213963004970,6.899566276264,17
46.214024043388,6.912524308279,17
46.214083596687,6.925482369796,17
46.214141664866,6.938440460089,17
46.214198247925,6.951398578431,17
46.214253345864,6.964356724096,17
46.214306958684,6.977314896357,17
46.214359086385,6.990273094488,17
46.222489430087,6.808756955739,17
46.222630837121,6.834676879784,17
46.222699312586,6.847636892964,17
46.222766302682,6.860596939280,17
46.222831807411,6.873557018006,17
46.222895826772,6.886517128414,17
46.222958360765,6.899477269778,17
46.223019409390,6.912437441371,17
46.223078972646,6.925397642467,17
46.223137050535,6.938357872339,17
46.223193643056,6.951318130261,17
46.223248750209,6.964278415505,17
46.223302371994,6.977238727345,17
46.223354508410,6.990199065054,17
46.223405159459,7.003159427906,17
46.223454325140,7.016119815174,17
46.231337339152,6.782728873547,17
46.231411768531,6.795690887221,17
46.231484712293,6.808652936938,17
46.231556170438,6.821615021970,17
46.231626142968,6.834577141592,17
46.231694629880,6.847539295077,17
46.231761631177,6.860501481697,17
46.231827146857,6.873463700727,17
46.231891176921,6.886425951440,17
46.231953721369,6.899388233108,17
46.232014780200,6.912350545006,17
46.232189042996,6.951237654809,17
46.232244159362,6.964200080358,17
46.232297790112,6.977162532503,17
46.232349935245,6.990125010517,17
46.232400594762,7.003087513673,17
46.232449768663,7.016050041246,17
46.232497456947,7.029012592508,17
46.232543659615,7.041975166732,17
46.232588376667,7.054937763193,17
46.232631608102,7.067900381163,17
46.232673353921,7.080863019915,17
46.232752388710,7.106788356862,17
46.239415674213,6.640017422322,17
46.239506460544,6.652981132596,17
46.239595761010,6.665944886907,17
46.239683575612,6.678908684527,17
46.239938104229,6.717800329976,17
46.240019975373,6.730764293567,17
46.240100360651,6.743728296834,17
46.240179260065,6.756692339050,17
46.240256673614,6.769656419489,17
46.240332601298,6.782620537423,17
46.240407043118,6.795584692127,17
46.240479999073,6.808548882874,17
46.240551469164,6.821513108937,17
46.240621453390,6.834477369589,17
46.240689951751,6.847441664104,17
46.240756964247,6.860405991754,17
46.240822490879,6.873370351814,17
46.240886531646,6.886334743557,17
46.240949086549,6.899299166256,17
46.241293212805,6.977086311831,17
46.241345366655,6.990050930875,17
46.241396034640,7.003015575061,17
46.241445216761,7.015980243664,17
46.241492913017,7.028944935956,17
46.241539123408,7.041909651211,17
46.241583847934,7.054874388702,17
46.241627086596,7.067839147702,17
46.241668839393,7.080803927484,17
46.241709106326,7.093768727323,17
46.241747887393,7.106733546491,17
46.241785182597,7.119698384262,17
46.248032720307,6.588022536944,17
46.248129466264,6.600988205564,17
46.248224726107,6.613953921126,17
46.248318499837,6.626919682905,17
46.248410787455,6.639885490172,17
46.248501588959,6.652851342203,17
46.248590904350,6.665817238269,17
46.248678733629,6.678783177645,17
46.248765076794,6.691749159603,17
46.248849933846,6.704715183418,17
46.248933304785,6.717681248361,17
46.249015189612,6.730647353708,17
46.249095588325,6.743613498730,17
46.249174500925,6.756579682702,17
46.249251927413,6.769545904896,17
46.249327867787,6.782512164587,17
46.249402322048,6.795478461046,17
46.249475290197,6.808444793549,17
46.249546772232,6.821411161367,17
46.249616768154,6.834377563775,17
46.249685277963,6.847344000045,17
46.249752301660,6.860310469452,17
46.249817839243,6.873276971267,17
46.249881890713,6.886243504766,17
46.249944456071,6.899210069220,17
46.250340802408,6.989976826129,17
46.250391478861,7.002943612071,17
46.250440669201,7.015910422429,17
46.250488373429,7.028877256477,17
46.250534591543,7.041844113488,17
46.250579323544,7.054810992734,17
46.250622569432,7.067777893490,17
46.250664329208,7.080744815028,17
46.250704602870,7.093711756622,17
46.250743390419,7.106678717546,17
46.250780691856,7.119645697072,17
46.250816507179,7.132612694475,17
46.256415988157,6.510076150060,17
46.256625862378,6.536011229732,17
46.256728569946,6.548978845796,17
46.257027774482,6.587881990176,17
46.257124536605,6.600849801277,17
46.257219812366,6.613817659321,17
46.257313601767,6.626785563580,17
46.257405904805,6.639753513329,17
46.257496721483,6.652721507841,17
46.257586051799,6.665689546388,17
46.257673895754,6.678657628245,17
46.257760253347,6.691625752685,17
46.257845124579,6.704593918981,17
46.257928509450,6.717562126405,17
46.258010407960,6.730530374233,17
46.258090820108,6.743498661737,17
46.258169745895,6.756466988190,17
46.258247185320,6.769435352865,17
46.258323138384,6.782403755037,17
46.258397605087,6.795372193978,17
46.258470585428,6.808340668961,17
46.259436125751,7.015840577542,17
46.259483837949,7.028809554071,17
46.259530063787,7.041778553562,17
46.259574803263,7.054747575290,17
46.259618056378,7.067716618527,17
46.259659823131,7.080685682546,17
46.259700103523,7.093654766622,17
46.259738897554,7.106623870027,17
46.259776205224,7.119592992034,17
46.259812026532,7.132562131918,17
46.259846361479,7.145531288951,17
46.259879210064,7.158500462407,17
46.265410943994,6.509922696455,17
46.265516641941,6.522892353846,17
46.265620853279,6.535862062541,17
46.265723578007,6.548831821811,17
46.265824816125,6.561801630931,17
46.265924567634,6.574771489173,17
46.266022832533,6.587741395812,17
46.266119610822,6.600711350119,17
46.266214902501,6.613681351370,17
46.266308707571,6.626651398836,17
46.266401026032,6.639621491792,17
46.266491857882,6.652591629510,17
46.266581203123,6.665561811264,17
46.266669061755,6.678532036328,17
46.266755433776,6.691502303975,17
46.266840319188,6.704472613477,17
46.266923717991,6.717442964109,17
46.267005630183,6.730413355143,17
46.267086055766,6.743383785853,17
46.267164994739,6.756354255513,17
46.267242447103,6.769324763395,17
46.267318412857,6.782295308774,17
46.267392892001,6.795265890922,17
46.268655320930,7.080626530039,17
46.268734408565,7.106569003933,17
46.268771722467,7.119540269148,17
46.268807549760,7.132511552238,17
46.268841890443,7.145482852478,17
46.268874744517,7.158454169140,17
46.268906111981,7.171425501499,17
46.273855022583,6.444910979253,17
46.273968172477,6.457882513163,17
46.274079835513,6.470854102010,17
46.274298701011,6.496797441605,17
46.274405903472,6.509769190900,17
46.274511619076,6.522740992224,17
46.274615847822,6.535712844850,17
46.274718589710,6.548684748053,17
46.274819844740,6.561656701105,17
46.274919612911,6.574628703280,17
46.275017894225,6.587600753850,17
46.275114688681,6.600572852090,17
46.275209996279,6.613544997273,17
46.275303817019,6.626517188672,17
46.275396150900,6.639489425560,17
46.275835517439,6.704351266907,17
46.275918930173,6.717323761471,17
46.277837423051,7.145434399607,17
46.277870282612,7.158407860202,17
46.277901655316,7.171381336492,17
46.277931541162,7.184354827752,17
46.282619094560,6.418799509036,17
46.282735237565,6.431773075552,17
46.282849893463,6.444746698458,17
46.282963062255,6.457720377027,17
46.283074743941,6.470694110532,17
46.283184938520,6.483667898245,17
46.283293645993,6.496641739442,17
46.283400866360,6.509615633395,17
46.283506599620,6.522589579377,17
46.283814876763,6.561511722232,17
46.283914661598,6.574485869064,17
46.284012959327,6.587460064293,17
46.286865824116,7.158361535591,17
46.286897202060,7.171337156540,17
46.286927092897,7.184312792458,17
46.286955496628,7.197288442618,17
46.291377143212,6.392679630172,17
46.291496280320,6.405655227113,17
46.291613930075,6.418630881897,17
46.291730092474,6.431606593797,17
46.291844767519,6.444582362086,17
46.291957955209,6.457558186039,17
46.292069655544,6.470534064927,17
46.292179868525,6.483509998024,17
46.292288594151,6.496485984604,17
46.292395832423,6.509462023940,17
46.292501583340,6.522438115305,17
46.292909713460,6.574342986527,17
46.295861368796,7.158315195309,17
46.295892751980,7.171292961641,17
46.295922647808,7.184270742942,17
46.295951056283,7.197248538486,17
46.295977977402,7.210226347546,17
46.296003411167,7.223204169396,17
46.296027357577,7.236182003308,17
46.296049816632,7.249159848556,17
46.296070788333,7.262137704413,17
46.300251297530,6.379528969305,17
46.300371942133,6.392506653786,17
46.300491099134,6.405484396837,17
46.300608768531,6.418462197730,17
46.300724950325,6.431440055739,17
46.300839644517,6.444417970137,17
46.300952851105,6.457395940198,17
46.301064570090,6.470373965195,17
46.301496570001,6.522286600010,17
46.304856916418,7.158268839355,17
46.304888304841,7.171248751796,17
46.304918205662,7.184228679206,17
46.304946618879,7.197208620859,17
46.304973544493,7.210188576028,17
46.304998982505,7.223168543986,17
46.305022932913,7.236148524007,17
46.305045395718,7.249128515365,17
46.305066370920,7.262108517331,17
46.305085858520,7.275088529180,17
46.305120370909,7.301048579619,17
46.305135395700,7.314028616756,17
46.309000285981,6.353394303589,17
46.309123926426,6.366374015586,17
46.309246079021,6.379353787605,17
46.309366743764,6.392333618921,17
46.309485920656,6.405313508806,17
46.309603609696,6.418293456534,17
46.309719810885,6.431273461377,17
46.309834524223,6.444253522610,17
46.313969114293,7.210150791740,17
46.313994556551,7.223132906533,17
46.314018510958,7.236115033388,17
46.314040977513,7.249097171580,17
46.314061956217,7.262079320381,17
46.314081447069,7.275061479065,17
46.314099450070,7.288043646904,17
46.314115965220,7.301025823173,17
46.314130992518,7.314008007145,17
46.314144531966,7.326990198092,17
46.317869879740,6.340232968756,17
46.317995028922,6.353214767564,17
46.318118690005,6.366196627121,17
46.318240862987,6.379178546700,17
46.318361547870,6.392160525576,17
46.318480744653,6.405142563021,17
46.318598453337,6.418124658309,17
46.322964686569,7.210112994682,17
46.322990133073,7.223097257035,17
46.323014091478,7.236081531451,17
46.323036561783,7.249065817202,17
46.323057543988,7.262050113563,17
46.323077038094,7.275034419807,17
46.323095044100,7.288018735207,17
46.323111562006,7.301003059036,17
46.323126591813,7.313987390568,17
46.323140133520,7.326971729075,17
46.326609798862,6.314083514756,17
46.326737945625,6.327067338171,17
46.326864604039,6.340051223789,17
46.326989774106,6.353035170882,17
46.327113455825,6.366019178725,17
46.327235649196,6.379003246590,17
46.327356354219,6.391987373751,17
46.327475570893,6.404971559482,17
46.332053134002,7.262020896878,17
46.332072631361,7.275007351408,17
46.332090640372,7.287993815093,17
46.332107161035,7.300980287208,17
46.332122193349,7.313966767025,17
46.332135737316,7.326953253819,17
46.332147792935,7.339939746861,17
46.332158360206,7.352926245427,17
46.335474825914,6.300911500888,17
46.335604482655,6.313897410385,17
46.335732650799,6.326883382811,17
46.335859330347,6.339869417439,17
46.335984521299,6.352855513544,17
46.336108223654,6.365841670398,17
46.336230437413,6.378827887274,17
46.341117796895,7.313946136517,17
46.341131343121,7.326934772322,17
46.341143400752,7.339923414376,17
46.341153969786,7.352912061953,17
46.341163050223,7.365900714325,17
46.344338322638,6.287735188369,17
46.344469489853,6.300723183946,17
46.344599168224,6.313711243180,17
46.344727357750,6.326699365342,17
46.344854058431,6.339687549708,17
46.344979270267,6.352675795549,17
46.345102993259,6.365664102140,17
46.350113402216,7.313925499044,17
46.350126950702,7.326916284586,17
46.350139010344,7.339907076376,17
46.350149581141,7.352897873690,17
46.350158663094,7.365888675799,17
46.350166256202,7.378879481978,17
46.350172360465,7.391870291499,17
46.350176975883,7.404861103637,17
46.353200288055,6.274554575749,17
46.353332966241,6.287544657406,17
46.353464155335,6.300534803446,17
46.353593855335,6.313525013142,17
46.353722066242,6.326515285767,17
46.353848788057,6.339505620594,17
46.359154277506,7.365876633210,17
46.359161871881,7.378869589851,17
46.359167977162,7.391862549835,17
46.359172593350,7.404855512435,17
46.359175720446,7.417848476924,17
46.359177358448,7.430841442575,17
46.362060721186,6.261369661579,17
46.362194910841,6.274361829314,17
46.362327611153,6.287354062159,17
46.362458822125,6.300346359387,17
46.362588543755,6.313338720270,17
46.362716776044,6.326331144083,17
46.368149893228,7.365864586558,17
46.368157488869,7.378859694387,17
46.368163595168,7.391854805559,17
46.368168212126,7.404849919346,17
46.368171339743,7.417845035023,17
46.368172978018,7.430840151863,17
46.368173126953,7.443835269138,17
46.370919621054,6.248180444408,17
46.371055322673,6.261174698221,17
46.371189534702,6.274169017870,17
46.371322257141,6.287163402628,17
46.371453489991,6.300157851769,17
46.371583233251,6.313152364566,17
46.377159214250,7.391847058670,17
46.377163831978,7.404844324371,17
46.377166960116,7.417841591962,17
46.377168598665,7.430838860715,17
46.377168747624,7.443836129904,17
46.377167406993,7.456833398802,17
46.379776986679,6.234986922786,17
46.379914200759,6.247983262675,17
46.380049925001,6.260979669127,17
46.380184159405,6.273976141415,17
46.380316903971,6.286972678813,17
46.380448158698,6.299969280593,17
46.386164220153,7.430837569131,17
46.386164369137,7.443836990959,17
46.386163028283,7.456836412497,17
46.386160197590,7.469835833017,17
46.386155877060,7.482835251793,17
46.388632817084,6.221789095263,17
46.388771544122,6.234787521228,17
46.388908781073,6.247786014482,17
46.389044527938,6.260784574298,17
46.389178784717,6.273783199951,17
46.389311551409,6.286781890713,17
46.395158650181,7.456839427207,17
46.395155819017,7.469841001092,17
46.395151497767,7.482842573232,17
46.395145686430,7.495844142902,17
46.395138385007,7.508845709375,17
46.397487111291,6.208586960390,17
46.397627351783,6.221587472429,17
46.397766101940,6.234588052484,17
46.397903361763,6.247588699828,17
46.398039131251,6.260589413734,17
46.398173410405,6.273590193477,17
46.404151440820,7.469846170908,17
46.404147118849,7.482849897139,17
46.404141306544,7.495853620899,17
46.404134003904,7.508857341461,17
46.406339868320,6.195380516716,17
46.406481622763,6.208383114828,17
46.406621886623,6.221385781683,17
46.406760659901,6.234388516553,17
46.406897942595,6.247391318713,17
46.407033734706,6.260394187435,17
46.413136926800,7.495863102088,17
46.413129622943,7.508868977466,17
46.413120828503,7.521874848920,17
46.415334356085,6.195174446976,17
46.415476134144,6.208179200629,17
46.415616421373,6.221184023024,17
46.415755217770,6.234188913436,17
46.415892523336,6.247193871137,17
46.422116445986,7.521888644384,17
46.422106159250,7.534896666729,17
46.422094381682,7.547904683697,17
46.424185550769,6.181961467421,17
46.424328843525,6.194968307872,17
46.424470645201,6.207975217791,17
46.424610955798,6.220982196454,17
46.424749775315,6.233989243132,17
46.431112063145,7.521902444492,17
46.431101774695,7.534912623103,17
46.431089995165,7.547922796338,17
46.431076724556,7.560932963468,17
46.433035205838,6.168744174715,17
46.433180013787,6.181753101962,17
46.433323330408,6.194762099405,17
46.433465155700,6.207771166317,17
46.433605489665,6.220780301971,17
46.440097389582,7.534928584846,17
46.440085608091,7.547940915073,17
46.440072335272,7.560953239196,17
46.440057571124,7.573965556488,17
46.442029643951,6.168533581449,17
46.442174476013,6.181544666414,17
46.442317816499,6.194555821574,17
46.442459665408,6.207567046204,17
46.442600022741,6.220578339577,17
46.449093003678,7.534944551959,17
46.449081220225,7.547959039903,17
46.449067945195,7.560973521744,17
46.449053178590,7.573987996754,17
46.449036920408,7.587002464207,17
46.451024081040,6.168322917369,17
46.451168937216,6.181336160777,17
46.451312301566,6.194349474381,17
46.451454174092,6.207362857454,17
46.458076831335,7.547977170828,17
46.458063554095,7.560993811112,17
46.458048785031,7.574010444566,17
46.458032524142,7.587027070462,17
46.460018516872,6.168112182475,17
46.460163397160,6.181127585052,17
46.460306785375,6.194143057825,17
46.467084228563,7.534976502291,17
46.467072441186,7.547995307848,17
46.467059161737,7.561014107301,17
46.467044390214,7.574032899923,17
46.467028126618,7.587051684988,17
46.467010370950,7.600070461770,17
46.468866554489,6.154883885217,17
46.469012951212,6.167901376766,17
46.469157855613,6.180918939238,17
46.469301267693,6.193936571905,17
46.476039993906,7.574055362827,17
46.476023727604,7.587076307786,17
46.476005968980,7.600097244462,17
46.475986718035,7.613118172127,17
46.477860962743,6.154670848074,17
46.478007383827,6.167690500243,17
46.478152312342,6.180710223335,17
46.478295748287,6.193730016623,17
46.485035595874,7.574077833276,17
46.485019326865,7.587100938856,17
46.485001565285,7.600124036151,17
46.484982311137,7.613147124436,17
46.484961564418,7.626170202984,17
46.486855369040,6.154457739391,17
46.487001814485,6.167479552906,17
46.487146767113,6.180501437343,17
46.487290226923,6.193523391977,17
46.494031195884,7.574100311271,17
46.493997159633,7.600150836838,17
46.493977902281,7.613176086468,17
46.493957152111,7.626201326362,17
46.493934909123,7.639226555791,17
46.495701810271,6.141220655232,17
46.495849773145,6.154244559169,17
46.495996242952,6.167268534755,17
46.496141219693,6.180292581263,17
46.496284703368,6.193316697968,17
46.502992751790,7.600177646521,17
46.502973491234,7.613205058223,17
46.502952737612,7.626232460187,17
46.502930490924,7.639259851688,17
46.504696187342,6.141005240673,17
46.504844174826,6.154031307407,17
46.504990668995,6.167057445789,17
46.505135669849,6.180083655095,17
46.511969077763,7.613234039700,17
46.511948320689,7.626263604461,17
46.511926070301,7.639293158758,17
46.511902326598,7.652322701865,17
46.511877089580,7.665352233054,17
46.513541056099,6.127761595969,17
46.513690561756,6.140789753849,17
46.513838573849,6.153817984105,17
46.513985092379,6.166846286010,17
46.514130117346,6.179874658837,17
46.520964661634,7.613263030899,17
46.520943901109,7.626294759183,17
46.520921647020,7.639326477002,17
46.520897899368,7.652358183631,17
46.520872658154,7.665389878343,17
46.520845923376,7.678421560411,17
46.522535402763,6.127543872631,17
46.522684933278,6.140574194759,17
46.522832969981,6.153604589263,17
46.522979512873,6.166635055416,17
46.529939478637,7.626325924352,17
46.529917220848,7.639359806420,17
46.529893469248,7.652393677297,17
46.529868223836,7.665427536256,17
46.529841484613,7.678461382572,17
46.531378696870,6.114293662305,17
46.531529746303,6.127326076303,17
46.531679301675,6.140358563404,17
46.531827362988,6.153391122881,17
46.531973930242,6.166423754007,17
46.538912791552,7.639393147011,17
46.538889036003,7.652429182861,17
46.538863786394,7.665465206794,17
46.538837042726,7.678501218083,17
46.538808804999,7.691537216002,17
46.540220443099,6.101039121418,17
46.540373011946,6.114073627286,17
46.540524086484,6.127108206984,17
46.540673666715,6.140142859784,17
46.540821752638,6.153177584960,17
46.540968344253,6.166212381785,17
46.547884599400,7.652464700325,17
46.547859345595,7.665502889957,17
46.547832597482,7.678541066945,17
46.547804355060,7.691579230562,17
46.549214729228,6.100816846259,17
46.549367323430,6.113853518551,17
46.549518423075,6.126890264673,17
46.549668028164,6.139927083898,17
46.556880159206,7.652500229687,17
46.556854901204,7.665540585744,17
46.556828148646,7.678580929157,17
46.556799901531,7.691621259199,17
46.556770159860,7.704661575143,17
46.558054897172,6.087555731771,17
46.558209011533,6.100594496657,17
46.558361631089,6.113633336100,17
46.558512755841,6.126672249372,17
46.558662385788,6.139711235747,17
46.565850452989,7.665578294156,17
46.565823695985,7.678620804719,17
46.565795444177,7.691663301911,17
46.565765697564,7.704705785005,17
46.566893514799,6.074290282372,17
46.567049149816,6.087331139852,17
46.567203289780,6.100372072614,17
46.567355934691,6.113413079932,17
46.567507084550,6.126454161080,17
46.574846000716,7.665616015193,17
46.574819239267,7.678660693631,17
46.574790982766,7.691705358699,17
46.574761231211,7.704750009669,17
46.574729984603,7.717794645815,17
46.575887737300,6.074063446684,17
46.576043398169,6.087106472765,17
46.576197563736,6.100149574129,17
46.576350234002,6.113192750048,17
46.583814778258,7.678700595893,17
46.583786517063,7.691747429562,17
46.583756760566,7.704794249134,17
46.583725508769,7.717841053882,17
46.584724773007,6.060791415705,17
46.584881955277,6.073836535103,17
46.585037641997,6.086881730511,17
46.585191833168,6.099927001201,17
46.585344528789,6.112972346448,17
46.592782046836,7.691789514502,17
46.592752285397,7.704838503400,17
46.592721028409,7.717887477475,17
46.593718960126,6.060562258178,17
46.593876168496,6.073609547629,17
46.594031881068,6.086656913089,17
46.594186097841,6.099704353832,17
46.594338818817,6.112751869130,17
46.601777571851,7.691831613517,17
46.601747805471,7.704882772468,17
46.601716543293,7.717933916595,17
46.601683785316,7.730985045171,17
46.602713142254,6.060333024033,17
46.602870376724,6.073382484262,17
46.603026115147,6.086432020500,17
46.603180357524,6.099481632020,17
46.610773091875,7.691873726608,17
46.610743320553,7.704927056337,17
46.610712053185,7.717980371241,17
46.610679289770,7.731033670595,17
46.610645030309,7.744086953672,17
46.610609274801,7.757140219745,17
46.611548562294,6.047052158273,17
46.611707319158,6.060103713269,17
46.611864579727,6.073155345002,17
46.612020344002,6.086207052743,17
46.612174611982,6.099258835767,17
46.619738830411,7.704971355007,17
46.619707557852,7.718026841415,17
46.619674788999,7.731082312272,17
46.619640523851,7.744137766853,17
46.620542707391,6.046820598662,17
46.620701490604,6.059874325887,17
46.620858777273,6.072928129848,17
46.621014567399,6.085982009818,17
46.628734334810,7.705015668479,17
46.628703057062,7.718073327116,17
46.628670282770,7.731130970202,17
46.628636011935,7.744188597011,17
46.628600244558,7.757246206816,17
46.628562980637,7.770303798891,17
46.629376540446,6.033533138989,17
46.629536846798,6.046588961706,17
46.629695656358,6.059644861886,17
46.629852969128,6.072700838802,17
46.630008785105,6.085756891727,17
46.637698550580,7.718119828343,17
46.637665770850,7.731179644384,17
46.637631494329,7.744239444148,17
46.637595721016,7.757299226907,17
46.637558450912,7.770358991936,17
46.638370647332,6.033299251010,17
46.638530980280,6.046357247407,17
46.638689816189,6.059415321266,17
46.638847155058,6.072473471862,17
46.646661253006,7.731228334819,17
46.646626970798,7.744290308262,17
46.646591191549,7.757352264702,17
46.646553915262,7.770414203411,17
46.646515141934,7.783476123663,17
46.647364748060,6.033065284960,17
46.647525107605,6.046125455762,17
46.647683969861,6.059185704028,17
46.647841334830,6.072246029029,17
46.655622441109,7.744341189355,17
46.655586655925,7.757405320200,17
46.655549373454,7.770469433315,17
46.655510593695,7.783533527972,17
46.655470316648,7.796597603446,17
46.656358842397,6.032831240840,17
46.656519228538,6.045893586774,17
46.656678117143,6.058956010171,17
46.656835508212,6.072018510303,17
46.664582113910,7.757458393402,17
46.664544825255,7.770524681648,17
46.664506039064,7.783590951437,17
46.664465755337,7.796657202041,17
46.664423974073,7.809723432735,17
46.665352930109,6.032597118651,17
46.665513342847,6.045661640442,17
46.665672257800,6.058726239695,17
46.665829674968,6.071790915684,17
46.673577565271,7.757511484308,17
46.673540270432,7.770579948410,17
46.673501477809,7.783648394056,17
46.673461187402,7.796716820517,17
46.673419399210,7.809785227068,17
46.674185073596,6.019296298208,17
46.674347010964,6.032362918392,17
46.674507450298,6.045429616765,17
46.674666391599,6.058496392601,17
46.674823834867,6.071563245172,17
46.682535708751,7.770635233601,17
46.682496909697,7.783705855829,17
46.682456612609,7.796776458873,17
46.682414817488,7.809847042006,17
46.683179120515,6.019059842571,17
46.683341084727,6.032128640063,17
46.683501550658,6.045197515744,17
46.683660518307,6.058266468888,17
46.691531139979,7.770690537222,17
46.691492334493,7.783763336757,17
46.691452030725,7.796836117109,17
46.691410228676,7.809908877550,17
46.691366928345,7.822981617354,17
46.692173160109,6.018823308139,17
46.692335151166,6.031894283664,17
46.692495643693,6.044965337379,17
46.692654637691,6.058036468556,17
46.700487751965,7.783820836840,17
46.700447441517,7.796895795225,17
46.700405632539,7.809970733700,17
46.701167192145,6.018586694912,17
46.701329210047,6.031659849196,17
46.701489729171,6.044733081669,17
46.701648749517,6.057806391605,17
46.709483161878,7.783878356078,17
46.709442844750,7.796955493222,17
46.709401028844,7.810032610455,17
46.709997672618,6.005274748037,17
46.710161216391,6.018350002889,17
46.710323261137,6.031425336658,17
46.710483806858,6.044500748616,17
46.710642853552,6.057576238036,17
46.718478564001,7.783935894470,17
46.718438240193,7.797015211099,17
46.718396417358,7.810094507817,17
46.718991661745,6.005035797008,17
46.719155232612,6.018113232071,17
46.719317304203,6.031190746050,17
46.719477876520,6.044268338218,17
46.727512789313,7.770911935994,17
46.727473958100,7.783993452017,17
46.727433627611,7.797074948856,17
46.727391797848,7.810156425784,17
46.727985642615,6.004796766459,17
46.728149240575,6.017876382458,17
46.728311339011,6.030956077372,17
46.728471937924,6.044035850476,17
46.736469343940,7.784051028719,17
46.736429006772,7.797134706493,17
46.736387170080,7.810218364357,17
46.736979614994,6.004557656389,17
46.737143240047,6.017639454049,17
46.737305365328,6.030721330625,17
46.737465990838,6.043803285390,17
46.745424377441,7.797194484011,17
46.745382533821,7.810280323536,17
46.745339190429,7.823366142423,17
46.745973578649,6.004318466799,17
46.746137230794,6.017402446845,17
46.746299382920,6.030486505807,17
46.746460035026,6.043570642959,17
46.754419739386,7.797254281408,17
46.754377888837,7.810342303320,17
46.754802353838,5.990993114171,17
46.754967533345,6.004079197687,17
46.755131212584,6.017165360846,17
46.755293391555,6.030251602920,17
46.755454070258,6.043337923184,17
46.763415092373,7.797314098686,17
46.763373234896,7.810404303710,17
46.763329877150,7.823494488097,17
46.763796272002,5.990751581700,17
46.763961478851,6.003839849054,17
46.764125185183,6.016928196051,17
46.764287390998,6.030016621963,17
46.772368571763,7.810466324706,17
46.772325206841,7.823558692931,17
46.772280341403,7.836651039792,17
46.772233975448,7.849743364562,17
46.772790180742,5.990509968983,17
46.772955414932,6.003600420901,17
46.773119148357,6.016690952461,17
46.773281381017,6.029781562937,17
46.781363899206,7.810528366308,17
46.781320527107,7.823622919096,17
46.781275654244,7.836717450520,17
46.781229280615,7.849811959854,17
46.781784079824,5.990268276020,17
46.781949341355,6.003360913226,17
46.782113101873,6.016453630075,17
46.782275361378,6.029546425840,17
46.790315837716,7.823687166593,17
46.790270957427,7.836783883306,17
46.790224576125,7.849880577928,17
46.790611178880,5.976931759959,17
46.790777969014,5.990026502810,17
46.790943257887,6.003121326031,17
46.791107045498,6.016216228895,17
46.791269331849,6.029311210674,17
46.799354524885,7.810652511329,17
46.799311138433,7.823751435421,17
46.799266250719,7.836850338148,17
46.799219861744,7.849949218785,17
46.799605030356,5.976687719762,17
46.799771848080,5.989784649354,17
46.799937164295,6.002881659315,17
46.800100978999,6.015978748919,17
46.800263292194,6.029075917438,17
46.808349822655,7.810714614748,17
46.808306429026,7.823815725580,17
46.808261533887,7.836916815048,17
46.808215137238,7.850017882425,17
46.808598871475,5.976443598594,17
46.808765716789,5.989542715651,17
46.808931060345,6.002641913078,17
46.809094902142,6.015741190147,17
46.817301709261,7.823880037071,17
46.817256806697,7.836983314004,17
46.817210402374,7.850086568847,17
46.817162496294,7.863189800872,17
46.817759574906,5.989300701702,17
46.817924945803,6.002402087320,17
46.818088814694,6.015503552580,17
46.818251181579,6.028605096757,17
46.826296978905,7.823944369893,17
46.826252068915,7.837049835017,17
46.826205656920,7.850155278051,17
46.826157742918,7.863260698268,17
46.826753422199,5.989058607506,17
46.826918820438,6.002162182041,17
46.827082716422,6.015265836218,17
46.827245110151,6.028369569312,17
46.835292237724,7.824008724046,17
46.835247320310,7.837116378087,17
46.835200900641,7.850224010038,17
46.835152978717,7.863331619171,17
46.835747258434,5.988816433064,17
46.835912684014,6.001922197241,17
46.836076607092,6.015028041061,17
46.836239027666,6.028133963797,17
46.844287485486,7.824073099530,17
46.844242560646,7.837182943214,17
46.844196133304,7.850292764807,17
46.844148203458,7.863402563583,17
46.844741083378,5.988574178376,17
46.844906536300,6.001682132921,17
46.845070486470,6.014790167108,17
46.845232933889,6.027898280212,17
46.845393878557,6.041006471505,17
46.853282721957,7.824137496346,17
46.853237789692,7.837249530398,17
46.853191354676,7.850361542359,17
46.853143416908,7.863473531503,17
46.853734896798,5.988331843441,17
46.853900377061,6.001441989079,17
46.854064354324,6.014552214360,17
46.854226828588,6.027662518557,17
46.862277946903,7.824201914494,17
46.862233007213,7.837316139639,17
46.862186564523,7.850430342693,17
46.862138618834,7.863544522930,17
46.862894206064,6.001201765717,17
46.863058210421,6.014314182817,17
46.863220711530,6.027426678833,17
46.863381709390,6.040539253038,17
46.871273160091,7.824266353972,17
46.871228212976,7.837382770936,17
46.871181762613,7.850499165810,17
46.871133809002,7.863615537866,17
46.871888023076,6.000961462833,17
46.872052054526,6.014076072478,17
46.872214582480,6.027190761039,17
46.872375606937,6.040305527789,17
46.880268361289,7.824330814782,17
46.880223406748,7.837449424291,17
46.880176948711,7.850568011709,17
46.880128987178,7.863686576309,17
46.880716265576,5.987604357157,17
46.880881827864,6.000721080429,17
46.881045886407,6.013837883344,17
46.881208441205,6.026954765175,17
46.881369492259,6.040071725195,17
46.889263550261,7.824395296923,17
46.889218588296,7.837516099702,17
46.889172122586,7.850636880390,17
46.889124153131,7.863757638261,17
46.889710030565,5.987361701237,17
46.889875620194,6.000480618504,17
46.890039705830,6.013599615415,17
46.890202287473,6.026718691241,17
46.890363365124,6.039837845257,17
46.898258726777,7.824459800396,17
46.898213757386,7.837582797170,17
46.898167284002,7.850705771854,17
46.898119306625,7.863828723721,17
46.898703782862,5.987118965069,17
46.898869399833,6.000240077058,17
46.899033512562,6.013361268690,17
46.899196121050,6.026482539237,17
46.899357225297,6.039603887974,17
46.907253890600,7.824524325200,17
46.907208913785,7.837649516696,17
46.907162432727,7.850774686101,17
46.907114447429,7.863899832688,17
46.907697522235,5.986876148656,17
46.907863166547,5.999999456091,17
46.908027306370,6.013122843170,17
46.908189941703,6.026246309164,17
46.908351072546,6.039369853348,17
46.916249041500,7.824588871335,17
46.916204057259,7.837716258278,17
46.916157568528,7.850843623129,17
46.916109575308,7.863970965164,17
46.916856920104,5.999758755604,17
46.917021087019,6.012884338854,17
46.917183749197,6.026010001021,17
46.917344906637,6.039135741377,17
46.925244179242,7.824653438802,17
46.925199187576,7.837783021917,17
46.925152691171,7.850912582941,17
46.925104690029,7.864042121147,17
46.925850660269,5.999517975595,17
46.926014854278,6.012645755744,17
46.926177543301,6.025773614808,17
46.926338727337,6.038901552062,17
46.934239303592,7.824718027600,17
46.934194304501,7.837849807612,17
46.934147800423,7.850981565534,17
46.934099791359,7.864113300639,17
46.934844386810,5.999277116066,17
46.935008607912,6.012407093838,17
46.935171323780,6.025537150526,17
46.935332534412,6.038667285403,17
46.943277915600,7.811648638729,17
46.943234414319,7.824782637729,17
46.943189407802,7.837916615365,17
46.943142896051,7.851050570910,17
46.943094879065,7.864184503639,17
46.943838099493,5.999036177015,17
46.944002347689,6.012168353136,17
46.944165090401,6.025300608173,17
46.944326327630,6.038432941400,17
46.952273019646,7.811711071841,17
46.952229511187,7.824847269190,17
46.952184497245,7.837983445175,17
46.952137977821,7.851119599069,17
46.952831798085,5.998795158444,17
46.952996073374,6.011929533639,17
46.953158842931,6.025063987751,17
46.953320106757,6.038198520052,17
46.961268109600,7.811773525558,17
46.961224593964,7.824911921982,17
46.961179572597,7.838050297041,17
46.961133045499,7.851188650010,17
46.961825482353,5.998554060352,17
46.961989784735,6.011690635347,17
46.962152581137,6.024827289259,17
46.962313871559,6.037964021360,17
46.970263185229,7.811835999881,17
46.970219662417,7.824976596105,17
46.970174633625,7.838117170965,17
46.970128098853,7.851257723734,17
46.970819152063,5.998312882739,17
46.970983481538,6.011451658260,17
46.971146304785,6.024590512697,17
46.971307621803,6.037729445324,17
46.979258246301,7.811898494810,17
46.979214716312,7.825041291559,17
46.979169680095,7.838184066945,17
46.979123137650,7.851326820240,17
46.979812806982,5.998071625605,17
46.979977163550,6.011212602377,17
46.980140013641,6.024353658066,17
46.980301357257,6.037494791944,17
46.980461194396,6.050636003284,17
46.988253292582,7.811961010345,17
46.988209755416,7.825106008345,17
46.988164711774,7.838250984982,17
46.988118161655,7.851395939528,17
46.988970830537,6.010973467699,17
46.989133707474,6.024116725365,17
46.989295077686,6.037260061219,17
46.989454941173,6.050403474537,17
46.997290361457,7.798876325871,17
46.997248323839,7.812023546485,17
46.997204779496,7.825170746463,17
46.997159728428,7.838317925076,17
46.997964482267,6.010734254226,17
46.998127386048,6.023879714594,17
46.998288782857,6.037025253151,17
46.998448672692,6.050170869170,17
47.006285384384,7.798936679915,17
47.006243339837,7.812086103232,17
47.006199788317,7.825235505911,17
47.006154729825,7.838384887227,17
47.006958118506,6.010494961957,17
47.007121049132,6.023642625753,17
47.007282472537,6.036790367738,17
47.007442388720,6.049938187185,17
47.015280391820,7.798997053839,17
47.015238340345,7.812148680584,17
47.015194781648,7.825300286691,17
47.015149715730,7.838451871435,17
47.015951739020,6.010255590893,17
47.016114696491,6.023405458842,17
47.016276146492,6.036555404980,17
47.016436089024,6.049705428581,17
47.016594524086,6.062855528919,17
47.024275383531,7.799057447643,17
47.024233325128,7.812211278541,17
47.024189759254,7.825365088802,17
47.024144685911,7.838518877700,17
47.025108327892,6.023168213862,17
47.025269804490,6.036320364879,17
47.025429773370,6.049472593359,17
47.025588234531,6.062624898575,17
47.033270359285,7.799117861328,17
47.033228293953,7.812273897105,17
47.033184720903,7.825429912245,17
47.034101943102,6.022930890811,17
47.034263446296,6.036085247433,17
47.034423441524,6.049239681518,17
47.034581928786,6.062394192339,17
47.042305883142,7.786020033600,17
47.042265318848,7.799178294892,17
47.042223246587,7.812336536274,17
47.042179666360,7.825494757019,17
47.043095541888,6.022693489692,17
47.043257071679,6.035850052644,17
47.043417093255,6.049006693058,17
47.043575606616,6.062163410209,17
47.043732611763,6.075320203369,17
47.051300832960,7.786078280715,17
47.051260261986,7.799238748338,17
47.051218182797,7.812399196050,17
47.051174595393,7.825559623124,17
47.052250680403,6.035614780509,17
47.052410728327,6.048773627980,17
47.052569267789,6.061932552186,17
47.052726298787,6.075091552402,17
47.060295766121,7.786136546984,17
47.060255188466,7.799299221663,17
47.060213102349,7.812461876430,17
47.060169507768,7.825624510561,17
47.061244272236,6.035379431031,17
47.061404346509,6.048540486283,17
47.061562912070,6.061701618270,17
47.061719968920,6.074862826267,17
47.061875517058,6.088024109547,17
47.069329758014,7.773029930765,17
47.069290682390,7.786194832409,17
47.069250098056,7.799359714868,17
47.069208005009,7.812524577417,17
47.069164403252,7.825689419329,17
47.070237846945,6.035144004209,17
47.070397947566,6.048307267967,17
47.070556539227,6.061470608461,17
47.070713621928,6.074634024965,17
47.070869195670,6.087797516752,17
47.078324663591,7.773086026837,17
47.078285581535,7.786253136988,17
47.078244990520,7.799420227954,17
47.078202890546,7.812587299010,17
47.079391531265,6.048073973033,17
47.079550149026,6.061239522759,17
47.079707257579,6.074405148495,17
47.079862856924,6.087570849514,17
47.087319551810,7.773142141338,17
47.087280463323,7.786311460721,17
47.087239865628,7.799480760920,17
47.087197758724,7.812650041208,17
47.088385097373,6.047840601480,17
47.088543741234,6.061008361164,17
47.088700875638,6.074176196858,17
47.088856500586,6.087344107835,17
47.089010616078,6.100512093367,17
47.096352007901,7.760026726471,17
47.096314422438,7.773198274269,17
47.096275327519,7.786369803609,17
47.096234723144,7.799541313766,17
47.096192609312,7.812712804012,17
47.097537315617,6.060777123676,17
47.097694475873,6.073947170053,17
47.097850126424,6.087117291713,17
47.098004267271,6.100287487929,17
47.105346866888,7.760080667147,17
47.105309275241,7.773254425628,17
47.105270173891,7.786428165652,17
47.105229562835,7.799601886492,17
47.106530871943,6.060545810295,17
47.106688058050,6.073718068081,17
47.106843734205,6.086890401150,17
47.106997900406,6.100062808775,17
47.107150556654,6.113235290229,17
47.114377795694,7.746958637906,17
47.114341707817,7.760134625527,17
47.114304109987,7.773310595417,17
47.114265002204,7.786486546850,17
47.114224384469,7.799662479099,17
47.115681621937,6.073488890941,17
47.115837323694,6.086663436145,17
47.115991515250,6.099838055904,17
47.116144196605,6.113012749493,17
47.123372624267,7.747010401854,17
47.123336530455,7.760188601610,17
47.123298926442,7.773366783635,17
47.123259812227,7.786544947202,17
47.123219187811,7.799723091586,17
47.124675167298,6.073259638633,17
47.124830894659,6.086436396697,17
47.124985111570,6.099613229317,17
47.125137818031,6.112790135766,17
47.125289014043,6.125967115318,17
47.132367434316,7.747062182781,17
47.132331334569,7.760242595396,17
47.132293724372,7.773422990281,17
47.132254603726,7.786603366709,17
47.133824446866,6.086209282808,17
47.133978689132,6.099388329013,17
47.134131420700,6.112567449048,17
47.134282641569,6.125746642185,17
47.134432351741,6.138925907699,17
47.141396820591,7.733931337480,17
47.141362225607,7.747113980685,17
47.141326119925,7.760296606887,17
47.141288503544,7.773479215357,17
47.141249376466,7.786661805371,17
47.142817980082,6.085982094476,17
47.142972247703,6.099163354993,17
47.143125004377,6.112344689339,17
47.143276250105,6.125526096787,17
47.143425984887,6.138707576612,17
47.150424688303,7.720796064257,17
47.150391598578,7.733980938051,17
47.150356997907,7.747165795568,17
47.150320886289,7.760350636081,17
47.150283263726,7.773535458862,17
47.151965787049,6.098938307256,17
47.152118568830,6.112121856639,17
47.152269839416,6.125305479124,17
47.152419598807,6.138489173986,17
47.152567847004,6.151672940496,17
47.159419452503,7.720843466044,17
47.159386357340,7.734030554875,17
47.159351750982,7.747217627429,17
47.159315633430,7.760404682978,17
47.159278004683,7.773591720797,17
47.160959306938,6.098713185803,17
47.161112113825,6.111898950948,17
47.161263409269,6.125084789196,17
47.161413193270,6.138270699820,17
47.161561465829,6.151456682093,17
47.161708226944,6.164642735288,17
47.168445786405,7.707701563215,17
47.168414197246,7.720890883358,17
47.168381096645,7.734080187951,17
47.168346484600,7.747269476267,17
47.168310361112,7.760458747579,17
47.170105639129,6.111675972267,17
47.170256959431,6.124864027002,17
47.170406768042,6.138052154114,17
47.170555064962,6.151240352875,17
47.170701850191,6.164428622558,17
47.177440516647,7.707746779568,17
47.177408922298,7.720938316199,17
47.177375816258,7.734129837280,17
47.177341198527,7.747321342084,17
47.179250489669,6.124643192543,17
47.179400322890,6.137833536868,17
47.179548644171,6.151023952843,17
47.179695453513,6.164214439740,17
47.179840750915,6.177404996833,17
47.186465314564,7.694598242053,17
47.186435226965,7.707792010722,17
47.186403627426,7.720985764567,17
47.186370515947,7.734179502861,17
47.186335892529,7.747373224878,17
47.188393857580,6.137614848083,17
47.188542203222,6.150807481996,17
47.188689036677,6.164000186832,17
47.188834357944,6.177192961864,17
47.188978167023,6.190385806366,17
47.195460009666,7.694641270069,17
47.195429917125,7.707837256677,17
47.195398312396,7.721033228462,17
47.195365195478,7.734229184695,17
47.197387371878,6.137396087758,17
47.197535741883,6.150590940336,17
47.197682599451,6.163785863836,17
47.197827944582,6.176980857533,17
47.197971777278,6.190175920699,17
47.204454684377,7.694684312162,17
47.204424586894,7.707882517434,17
47.204392976974,7.721080707883,17
47.204359854619,7.734278882781,17
47.206529259918,6.150374327861,17
47.206676141599,6.163571470751,17
47.206821510596,6.176768683838,17
47.206965366908,6.189965966394,17
47.207107710535,6.203163317693,17
47.213477928203,7.681526929570,17
47.213449338463,7.694727368330,17
47.213419236038,7.707927792993,17
47.213387620928,7.721128202831,17
47.213354493134,7.734328597119,17
47.215669662890,6.163357007578,17
47.215815055752,6.176556440780,17
47.215958935680,6.189755943452,17
47.216101302675,6.202955514867,17
47.216242156738,6.216155154297,17
47.222499647626,7.668365107452,17
47.222472566125,7.681567779698,17
47.222443971691,7.694770438574,17
47.222413864325,7.707973083352,17
47.222382244025,7.721175713307,17
47.224663163090,6.163142474316,17
47.224808579817,6.176344128360,17
47.224952483361,6.189545851873,17
47.225094873725,6.202747644128,17
47.225235750907,6.215949504400,17
47.225375114908,6.229151431961,17
47.231519841666,7.655198844357,17
47.231494268902,7.668403750089,17
47.231467182956,7.681608643177,17
47.231438583829,7.694813522894,17
47.231408471520,7.708018388513,17
47.231376846030,7.721223239309,17
47.233802082557,6.176131746576,17
47.233946009718,6.189335691655,17
47.234088423450,6.202539705478,17
47.234229323752,6.215743787316,17
47.234368710624,6.228947936444,17
47.240514445815,7.655235278053,17
47.240488868853,7.668442405351,17
47.240461778462,7.681649520005,17
47.240433174641,7.694856621289,17
47.240403057391,7.708063708475,17
47.242939514517,6.189125462801,17
47.243081951617,6.202331698915,17
47.243222875039,6.215538003046,17
47.243362284783,6.228744374466,17
47.243500180849,6.241950812449,17
47.249533095885,7.642062362139,17
47.249509028405,7.655271723647,17
47.249483447247,7.668481073238,17
47.249456352411,7.681690410184,17
47.249427743897,7.694899733760,17
47.252075457993,6.202123624441,17
47.252216404535,6.215332151590,17
47.252355837150,6.228540746027,17
47.252493755839,6.241749407028,17
47.252630160602,6.254958133865,17
47.258550218136,7.628885000898,17
47.258527660633,7.642096596614,17
47.258503589205,7.655308181140,17
47.258478003850,7.668519753749,17
47.258450904568,7.681731313713,17
47.261068942345,6.201915482055,17
47.261209912006,6.215126232947,17
47.261349367493,6.228337051128,17
47.261487308805,6.241547935872,17
47.261623735943,6.254758886452,17
47.261758648906,6.267969902141,17
47.267585344440,7.602489353218,17
47.267565811587,7.615703192879,17
47.267544764559,7.628917022803,17
47.267522203357,7.642130842263,17
47.267498127980,7.655344650533,17
47.267472538428,7.668558446885,17
47.267445434701,7.681772230593,17
47.270203397220,6.214920247117,17
47.270342875578,6.228133289768,17
47.270480839514,6.241346398981,17
47.270617289026,6.254559574030,17
47.270752224115,6.267772814188,17
47.270885644782,6.280986118729,17
47.276629396894,7.562868693085,17
47.276614404106,7.576084782067,17
47.276597896895,7.589300863492,17
47.276579875262,7.602516936634,17
47.276560339205,7.615733000764,17
47.276539288725,7.628949055157,17
47.276516723823,7.642165099086,17
47.276492644497,7.655381131824,17
47.279336361173,6.227929461946,17
47.279474347731,6.241144796354,17
47.279610819618,6.254360196597,17
47.279745776834,6.267575661950,17
47.279879219378,6.280791191686,17
47.280011147252,6.294006785078,17
47.285649359823,7.536452961795,17
47.285637393919,7.549671288906,17
47.285623913344,7.562889609914,17
47.285608918098,7.576107924091,17
47.285592408181,7.589326230710,17
47.285574383592,7.602544529046,17
47.285554844332,7.615762818371,17
47.288467833224,6.240943127992,17
47.288604327486,6.254160754156,17
47.288739306828,6.267378445429,17
47.288872771251,6.280596201084,17
47.289004720754,6.293814020396,17
47.289135155337,6.307031902637,17
47.294654310667,7.523248875194,17
47.294643857721,7.536469433603,17
47.294631889856,7.549689986635,17
47.294618407071,7.562910533563,17
47.294603409366,7.576131073660,17
47.294586896742,7.589351606200,17
47.294549326734,7.615792645700,17
47.297597812396,6.253961246704,17
47.297732813865,6.267181164622,17
47.297866300165,6.280401146924,17
47.297998271298,6.293621192881,17
47.298128727263,6.306841301768,17
47.298257668060,6.320061472857,17
47.303657726812,7.510040336021,17
47.303648787321,7.523263125727,17
47.303638332661,7.536485910781,17
47.303626362834,7.549708690459,17
47.303612877839,7.562931464032,17
47.303597877676,7.576154230775,17
47.306726297710,6.266983819532,17
47.306859805889,6.280206029205,17
47.306991798652,6.293428302533,17
47.307122275998,6.306650638791,17
47.307251237928,6.319873037252,17
47.307378684441,6.333095497189,17
47.312659607280,7.496827342825,17
47.312652181740,7.510052363826,17
47.312643240783,7.523277380903,17
47.312632784411,7.536502393328,17
47.312620812622,7.549727400377,17
47.312607325416,7.562952401322,17
47.315853288188,6.280010847927,17
47.315985302580,6.293235349352,17
47.316115801308,6.306459913707,17
47.316244784371,6.319684540265,17
47.316372251770,6.332909228298,17
47.316498203504,6.346133977081,17
47.321659951092,7.483609894156,17
47.321654040000,7.496837146451,17
47.321646613243,7.510064395549,17
47.321637670822,7.523291640722,17
47.321627212736,7.536518881245,17
47.321615238985,7.549746116390,17
47.324978782851,6.293042333338,17
47.325109302961,6.306269126515,17
47.325238307157,6.319495981895,17
47.325365795440,6.332722898751,17
47.325491767811,6.345949876356,17
47.325616224268,6.359176913984,17
47.330658757271,7.470387988565,17
47.330654361123,7.483617472152,17
47.330648449063,7.496846953269,17
47.330641021089,7.510076431189,17
47.330632077202,7.523305905185,17
47.330621617403,7.536535374530,17
47.334102780722,6.306078277216,17
47.334231806052,6.319307362144,17
47.334359315220,6.332536508547,17
47.334485308227,6.345765715700,17
47.334609785072,6.358994982876,17
47.334732745756,6.372224309347,17
47.334854190279,6.385453694388,17
47.339656024838,7.457161624600,17
47.339653144131,7.470393339480,17
47.339648747263,7.483625052615,17
47.339642834234,7.496856763280,17
47.339635405044,7.510088470748,17
47.343225280822,6.319118681010,17
47.343352810875,6.332350057687,17
47.343478824518,6.345581495114,17
47.343603321752,6.358812992563,17
47.343726302576,6.372044549308,17
47.343847766990,6.385276164622,17
47.343967714995,6.398507837779,17
47.348651601173,7.430696854351,17
47.348651752814,7.443930800812,17
47.348650388045,7.457164746983,17
47.348647506867,7.470398692136,17
47.348643109279,7.483632635545,17
47.348637195281,7.496866576483,17
47.348629764874,7.510100514224,17
47.352346282172,6.332163546171,17
47.352472316452,6.345397214596,17
47.352596834074,6.358630943044,17
47.352719835037,6.371864730788,17
47.352841319343,6.385098577102,17
47.352961286991,6.398332481258,17
47.353079737981,6.411566442530,17
47.353196672313,6.424800460191,17
47.357641086916,7.404223162867,17
47.357644271898,7.417459338728,17
47.357645940221,7.430695515752,17
47.357646091887,7.443931693212,17
47.357644726895,7.457167870381,17
47.357641845245,7.470404046533,17
47.357637446937,7.483640220942,17
47.357631531970,7.496876392879,17
47.361590321804,6.358448834321,17
47.361713342908,6.371684853789,17
47.361834847105,6.384920931827,17
47.361954834396,6.398157067708,17
47.362073304781,6.411393260704,17
47.362190258259,6.424629510090,17
47.362305694831,6.437865815139,17
47.366630698169,7.390978954686,17
47.366635400579,7.404217360383,17
47.366638586082,7.417455767969,17
47.366640254679,7.430694176717,17
47.366640406369,7.443932585902,17
47.366639041154,7.457170994796,17
47.366636159032,7.470409402672,17
47.366631760003,7.483647808805,17
47.370706825954,6.371504918310,17
47.370828350043,6.384743228798,17
47.370948356977,6.397981597129,17
47.371066846757,6.411220022576,17
47.371183819382,6.424458504412,17
47.371299274852,6.437697041911,17
47.371413213167,6.450935634345,17
47.371525634328,6.464174280989,17
47.375611028414,7.364489650147,17
47.375618765903,7.377730282335,17
47.375624986237,7.390970917866,17
47.375629689417,7.404211556012,17
47.375632875441,7.417452196048,17
47.375634544312,7.430692837247,17
47.375634696027,7.443933478882,17
47.375633330588,7.457174120226,17
47.379941854500,6.397806069522,17
47.380060363675,6.411046728144,17
47.380177355446,6.424287443156,17
47.380292829814,6.437528213830,17
47.380406786779,6.450769039441,17
47.380519226342,6.464009919260,17
47.380630148501,6.477250852563,17
47.380739553257,6.490491838621,17
47.384585259421,7.337991426570,17
47.384596032982,7.351234283069,17
47.384605289140,7.364477144363,17
47.384613027895,7.377720009727,17
47.384619249248,7.390962878433,17
47.384623953197,7.404205749756,17
47.384627139743,7.417448622967,17
47.384628808887,7.430691497342,17
47.389053855301,6.410873377409,17
47.389170866219,6.424116326322,17
47.389286359486,6.437359330898,17
47.389400335101,6.450602390409,17
47.389512793065,6.463845504130,17
47.389623733377,6.477088671334,17
47.389733156038,6.490331891293,17
47.389841061048,6.503575163282,17
47.389947448406,6.516818486574,17
47.393553387974,7.311484285417,17
47.393567198602,7.324729364044,17
47.393579491577,7.337974448921,17
47.393590266902,7.351219539321,17
47.393599524575,7.364464634516,17
47.393607264597,7.377709733781,17
47.393613486967,7.390954836389,17
47.393618191686,7.404199941613,17
47.393621378754,7.417445048725,17
47.398279863633,6.437190393113,17
47.398393857898,6.450435687252,17
47.398506334263,6.463681035599,17
47.398617292729,6.476926437430,17
47.398726733295,6.490171892016,17
47.398834655961,6.503417398632,17
47.398941060727,6.516662956550,17
47.399045947594,6.529908565045,17
47.399149316562,6.543154223388,17
47.399251167629,6.556399930855,17
47.402515410863,7.284968228146,17
47.402532259549,7.298215526721,17
47.402547590336,7.311462833000,17
47.402561403222,7.324710146254,17
47.402573698210,7.337957465758,17
47.402584475297,7.351204790784,17
47.402593734485,7.364452120606,17
47.402601475774,7.377699454498,17
47.402607699162,7.390946791733,17
47.407387354937,6.450268929968,17
47.407499849704,6.463516513668,17
47.407610826322,6.476764150850,17
47.407720284793,6.490011840789,17
47.407828225116,6.503259582757,17
47.407934647291,6.516507376028,17
47.408039551318,6.529755219875,17
47.408142937196,6.543003113571,17
47.408244804927,6.556251056389,17
47.408345154510,6.569499047604,17
47.408443985945,6.582747086488,17
47.408541299232,6.595995172315,17
47.411402552767,7.218694769392,17
47.411426994950,7.231944253906,17
47.411449918985,7.245193749757,17
47.411471324872,7.258443256217,17
47.411491212610,7.271692772560,17
47.411509582201,7.284942298058,17
47.411526433644,7.298191831986,17
47.411541766939,7.311441373617,17
47.411555582086,7.324690922224,17
47.411567879084,7.337940477080,17
47.411578657935,7.351190037459,17
47.411587918638,7.364439602633,17
47.416713810301,6.489851737612,17
47.416821768280,6.503101715658,17
47.416928207863,6.516351745007,17
47.417033129049,6.529601824931,17
47.417136531840,6.542851954705,17
47.417238416234,6.556102133602,17
47.417338782231,6.569352360895,17
47.417437629833,6.582602635856,17
47.417534959038,6.595852957761,17
47.417630769846,6.609103325882,17
47.417725062259,6.622353739492,17
47.420343233056,7.192154246228,17
47.420370716030,7.205405941969,17
47.420396680607,7.218657650499,17
47.420421126788,7.231909371091,17
47.420444054573,7.245161103020,17
47.420465463961,7.258412845558,17
47.420485354953,7.271664597978,17
47.420503727549,7.284916359555,17
47.420520581748,7.298168129561,17
47.420535917551,7.311419907269,17
47.420549734957,7.324671691954,17
47.420562033968,7.337923482888,17
47.425921742211,6.516196063487,17
47.426026680557,6.529448380215,17
47.426130100259,6.542700746792,17
47.426232001316,6.555953162493,17
47.426332383728,6.569205626589,17
47.426431247496,6.582458138354,17
47.426528592619,6.595710697062,17
47.426624419098,6.608963301986,17
47.426718726932,6.622215952399,17
47.426811516121,6.635468647575,17
47.426902786665,6.648721386788,17
47.426992538565,6.661974169309,17
47.429245751657,7.152350928055,17
47.429277795059,7.165604817871,17
47.429308319817,7.178858722656,17
47.429337325930,7.192112641684,17
47.429364813399,7.205366574228,17
47.429390782223,7.218620519561,17
47.429415232402,7.231874476957,17
47.429438163936,7.245128445690,17
47.429459576826,7.258382425031,17
47.429479471071,7.271636414255,17
47.429497846672,7.284890412635,17
47.429514703627,7.298144419444,17
47.429530041939,7.311398433956,17
47.435123642220,6.542549489832,17
47.435225559940,6.555804143061,17
47.435325958768,6.569058844686,17
47.435424838702,6.582313593981,17
47.435522199743,6.595568390218,17
47.435618041892,6.608823232671,17
47.435712365147,6.622078120613,17
47.435805169509,6.635333053318,17
47.435896454978,6.648588030059,17
47.435986221555,6.661843050109,17
47.436074469238,6.675098112743,17
47.436161198028,6.688353217232,17
47.436246407926,6.701608362850,17
47.438171149135,7.125790390553,17
47.438206235564,7.139046485779,17
47.438239803099,7.152302597428,17
47.438271851741,7.165558724773,17
47.438302381490,7.178814867088,17
47.438331392347,7.192071023645,17
47.438358884310,7.205327193718,17
47.438384857380,7.218583376580,17
47.438409311558,7.231839571505,17
47.438432246842,7.245095777766,17
47.438453663233,7.258351994636,17
47.438473560732,7.271608221390,17
47.438491939337,7.284864457299,17
47.444418403217,6.582169002736,17
47.444515780176,6.595426037228,17
47.444611637994,6.608683117935,17
47.444705976671,6.621940244132,17
47.444798796206,6.635197415092,17
47.444890096601,6.648454630088,17
47.444979877853,6.661711888393,17
47.445068139965,6.674969189280,17
47.445154882935,6.688226532024,17
47.445240106764,6.701483915897,17
47.445323811451,6.714741340172,17
47.445405996997,6.727998804124,17
47.445486663402,6.741256307025,17
47.445565810666,6.754513848148,17
47.445643438788,6.767771426768,17
47.445719547769,6.781029042157,17
47.447050771319,7.085962673105,17
47.447090420908,7.099220952958,17
47.447128551355,7.112479251414,17
47.447165162661,7.125737567745,17
47.447200254826,7.138995901226,17
47.447233827850,7.152254251130,17
47.447265881732,7.165512616729,17
47.447296416473,7.178770997298,17
47.447325432072,7.192029392110,17
47.447352928530,7.205287800437,17
47.447378905847,7.218546221554,17
47.453699561271,6.621802322958,17
47.453792395979,6.635061732897,17
47.453883711298,6.648321186873,17
47.453973507228,6.661580684158,17
47.454061783767,6.674840224026,17
47.454148540917,6.688099805749,17
47.454233778677,6.701359428602,17
47.454317497048,6.714619091858,17
47.454399696029,6.727878794790,17
47.454480375620,6.741138536671,17
47.454559535822,6.754398316775,17
47.454637176634,6.767658134374,17
47.454713298056,6.780917988743,17
47.454787900089,6.794177879155,17
47.454860982732,6.807437804883,17
47.454932545985,6.820697765200,17
47.455002589849,6.833957759380,17
47.455071114323,6.847217786695,17
47.455138119407,6.860477846420,17
47.455203605102,6.873737937828,17
47.455267571407,6.886998060192,17
47.455330018322,6.900258212785,17
47.455390945848,6.913518394881,17
47.455450353984,6.926778605752,17
47.455508242730,6.940038844673,17
47.455619462053,6.966559403757,17
47.455672792631,6.979819722466,17
47.455724603818,6.993080066317,17
47.455774895616,7.006340434585,17
47.455823668025,7.019600826542,17
47.455870921043,7.032861241462,17
47.455916654672,7.046121678618,17
47.455960868912,7.059382137283,17
47.456003563761,7.072642616730,17
47.456044739221,7.085903116234,17
47.456084395291,7.099163635067,17
47.456122531972,7.112424172503,17
47.456159149263,7.125684727815,17
47.456194247164,7.138945300276,17
47.456227825676,7.152205889159,17
47.456259884798,7.165466493739,17
47.456290424530,7.178727113288,17
47.462967109444,6.661449437406,17
47.463055400412,6.674711216979,17
47.463142171742,6.687973038409,17
47.463227423433,6.701234900967,17
47.463311155487,6.714496803929,17
47.463393367903,6.727758746566,17
47.463474060681,6.741020728153,17
47.463553233821,6.754282747962,17
47.463630887322,6.767544805268,17
47.463707021186,6.780806899342,17
47.463781635412,6.794069029460,17
47.463854730000,6.807331194893,17
47.463926304950,6.820593394916,17
47.463996360261,6.833855628801,17
47.464064895935,6.847117895823,17
47.464131911971,6.860380195253,17
47.464197408369,6.873642526367,17
47.464261385129,6.886904888436,17
47.464323842250,6.900167280735,17
47.464384779734,6.913429702536,17
47.464444197580,6.926692153114,17
47.464502095788,6.939954631740,17
47.464558474358,6.953217137690,17
47.464613333289,6.966479670235,17
47.464666672583,6.979742228650,17
47.464718492239,6.993004812207,17
47.464768792257,7.006267420180,17
47.464817572637,7.019530051843,17
47.464864833378,7.032792706469,17
47.464910574482,7.046055383330,17
47.464954795948,7.059318081701,17
47.464997497776,7.072580800854,17
47.465038679966,7.085843540063,17
47.465078342517,7.099106298602,17
47.465116485431,7.112369075743,17
47.465153108707,7.125631870761,17
47.465188212345,7.138894682928,17
47.465221796345,7.152157511517,17
47.472304786535,6.714374476384,17
47.472387012386,6.727638659453,17
47.472467718350,6.740902881471,17
47.472546904428,6.754167141711,17
47.472624570620,6.767431439448,17
47.472700716925,6.780695773954,17
47.472775343344,6.793960144502,17
47.472848449877,6.807224550367,17
47.472920036523,6.820488990821,17
47.472990103283,6.833753465137,17
47.473058650156,6.847017972590,17
47.473125677144,6.860282512452,17
47.473191184245,6.873547083997,17
47.473255171459,6.886811686497,17
47.473317638788,6.900076319227,17
47.473378586230,6.913340981460,17
47.473438013785,6.926605672468,17
47.473495921455,6.939870391526,17
47.473552309238,6.953135137907,17
47.473607177134,6.966399910883,17
47.473660525144,6.979664709729,17
47.473712353268,6.992929533718,17
47.473762661506,7.006194382123,17
47.473811449857,7.019459254217,17
47.473858718322,7.032724149273,17
47.473904466901,7.045989066566,17
47.473948695593,7.059254005368,17
47.473991404399,7.072518964952,17
47.474032593319,7.085783944593,17
47.474072262352,7.099048943563,17
47.474110411499,7.112313961135,17
47.474147040760,7.125578996584,17
47.474182150134,7.138844049182,17
47.481618226293,6.767318036915,17
47.481694385039,6.780584612578,17
47.481769023651,6.793851224283,17
47.481842142129,6.807117871304,17
47.481913740472,6.820384552915,17
47.481983818680,6.833651268388,17
47.482052376753,6.846918016998,17
47.482119414692,6.860184798016,17
47.482184932496,6.873451610718,17
47.482248930166,6.886718454375,17
47.482311407701,6.899985328262,17
47.482372365101,6.913252231651,17
47.482431802366,6.926519163817,17
47.482489719497,6.939786124031,17
47.482546116493,6.953053111569,17
47.482600993355,6.966320125702,17
47.482654350081,6.979587165705,17
47.482706186673,6.992854230850,17
47.482756503131,7.006121320412,17
47.482805299454,7.019388433662,17
47.482852575642,7.032655569876,17
47.482898331695,7.045922728325,17
47.482942567614,7.059189908284,17
47.482985283398,7.072457109025,17
47.483026479048,7.085724329823,17
47.491483489682,6.939701829256,17
47.491539895891,6.952971058675,17
47.491594781717,6.966240314691,17
47.491699992221,6.992778903604,17
