46.48738683,8.97031841,17
46.48721051,8.98333952,17
46.48536527,9.11354573,17
46.48418646,9.19166502,17
46.48398477,9.20468456,17
46.49655557,8.95754935,17
46.49638072,8.97057271,17
46.49620438,8.98359598,17
46.49602654,8.99661916,17
46.49584721,9.00964226,17
46.49566639,9.02266527,17
46.49548408,9.03568819,17
46.49530027,9.04871102,17
46.49492817,9.07475641,17
46.49473988,9.08777897,17
46.49455010,9.10080144,17
46.49435883,9.11382381,17
46.49416606,9.12684609,17
46.49397180,9.13986828,17
46.49377604,9.15289037,17
46.49357880,9.16591237,17
46.49338006,9.17893427,17
46.49317982,9.19195607,17
46.49297810,9.20497778,17
46.49277488,9.21799939,17
46.50589477,8.93175028,17
46.50572288,8.94477597,17
46.50554949,8.95780157,17
46.50537461,8.97082709,17
46.50519824,8.98385252,17
46.50502037,8.99687787,17
46.50484101,9.00990313,17
46.50466016,9.02292830,17
46.50447782,9.03595338,17
46.50429398,9.04897838,17
46.50410864,9.06200328,17
46.50392182,9.07502809,17
46.50373350,9.08805282,17
46.50354369,9.10107745,17
46.50335238,9.11410199,17
46.50315958,9.12712643,17
46.50296529,9.14015078,17
46.50276950,9.15317504,17
46.50257222,9.16619920,17
46.50237345,9.17922326,17
46.50217318,9.19224723,17
46.50197142,9.20527110,17
46.50176817,9.21829487,17
46.50156342,9.23131854,17
46.50135718,9.24434211,17
46.51505917,8.91897032,17
46.51488874,8.93199825,17
46.51471682,8.94502610,17
46.51454341,8.95805387,17
46.51436850,8.97108155,17
46.51419210,8.98410915,17
46.51401420,8.99713666,17
46.51383481,9.01016408,17
46.51365393,9.02319142,17
46.51347156,9.03621866,17
46.51328769,9.04924582,17
46.51310232,9.06227289,17
46.51291546,9.07529987,17
46.51272711,9.08832676,17
46.51253727,9.10135355,17
46.51234593,9.11438025,17
46.51215310,9.12740686,17
46.51195877,9.14043337,17
46.51176296,9.15345979,17
46.51156564,9.16648612,17
46.51136684,9.17951235,17
46.51116654,9.19253848,17
46.51096474,9.20556451,17
46.51076145,9.21859044,17
46.51055667,9.23161628,17
46.51035040,9.24464201,17
46.51014263,9.25766765,17
46.50993337,9.27069318,17
46.52422213,8.90618603,17
46.52405317,8.91921621,17
46.52388271,8.93224631,17
46.52371076,8.94527632,17
46.52353732,8.95830625,17
46.52300803,8.99739554,17
46.52282861,9.01042512,17
46.52264770,9.02345462,17
46.52246529,9.03648404,17
46.52228139,9.04951336,17
46.52209600,9.06254259,17
46.52190911,9.07557173,17
46.52172073,9.08860079,17
46.52153085,9.10162975,17
46.52114662,9.12768738,17
46.52095226,9.14071606,17
46.52075641,9.15374465,17
46.52055906,9.16677314,17
46.51995806,9.20585802,17
46.51975474,9.21888612,17
46.51954992,9.23191412,17
46.51934362,9.24494202,17
46.51913581,9.25796982,17
46.51892652,9.27099751,17
46.51871572,9.28402511,17
46.51850344,9.29705260,17
46.53354965,8.88036490,17
46.53338365,8.89339741,17
46.53321615,8.90642984,17
46.53304717,8.91946218,17
46.53287668,8.93249445,17
46.53270470,8.94552663,17
46.53253123,8.95855872,17
46.52874802,9.21918189,17
46.52854317,9.23221206,17
46.52833683,9.24524212,17
46.52812899,9.25827209,17
46.52791966,9.27130195,17
46.52770883,9.28433171,17
46.52749651,9.29736137,17
46.52728270,9.31039092,17
46.52706739,9.32342037,17
46.52685059,9.33644971,17
46.52663229,9.34947895,17
46.54303285,8.84149995,17
46.54287130,8.85453487,17
46.54270826,8.86756970,17
46.54254373,8.88060446,17
46.54237770,8.89363913,17
46.54221018,8.90667373,17
46.54204116,8.91970824,17
46.54187065,8.93274267,17
46.53712217,9.25857446,17
46.53691280,9.27160649,17
46.53670194,9.28463841,17
46.53648958,9.29767024,17
46.53627573,9.31070196,17
46.53606039,9.32373357,17
46.53584355,9.33676508,17
46.53562522,9.34979649,17
46.53540539,9.36282778,17
46.53518407,9.37585897,17
46.53496125,9.38889006,17
46.53473694,9.40192103,17
46.55250275,8.80262138,17
46.55234566,8.81565870,17
46.55218708,8.82869593,17
46.55202700,8.84173309,17
46.55186543,8.85477017,17
46.55170236,8.86780717,17
46.55153780,8.88084410,17
46.55137174,8.89388094,17
46.55120419,8.90691770,17
46.55103515,8.91995438,17
46.54590594,9.27191113,17
46.54569504,9.28494522,17
46.54548265,9.29797921,17
46.54526877,9.31101310,17
46.54505339,9.32404688,17
46.54483651,9.33708055,17
46.54461814,9.35011413,17
46.54439828,9.36314759,17
46.54417692,9.37618095,17
46.54395407,9.38921420,17
46.54372972,9.40224734,17
46.54350388,9.41528037,17
46.54327654,9.42831329,17
46.56195935,8.76372920,17
46.56180672,8.77676891,17
46.56165260,8.78980854,17
46.56149698,8.80284810,17
46.56133986,8.81588758,17
46.56118126,8.82892698,17
46.56102115,8.84196631,17
46.56085955,8.85500556,17
46.56069646,8.86804473,17
46.56053187,8.88108382,17
46.56036579,8.89412282,17
46.56019821,8.90716175,17
46.55447571,9.29828829,17
46.55426179,9.31132434,17
46.55404638,9.32436029,17
46.55382947,9.33739613,17
46.55361106,9.35043187,17
46.55339116,9.36346750,17
46.55316977,9.37650303,17
46.55294688,9.38953845,17
46.55272249,9.40257375,17
46.55249661,9.41560895,17
46.55226924,9.42864404,17
46.55204037,9.44167902,17
46.55181000,9.45471389,17
46.57125448,8.73786552,17
46.57110481,8.75090754,17
46.57095365,8.76394949,17
46.57080100,8.77699136,17
46.57064685,8.79003316,17
46.57049120,8.80307489,17
46.57033406,8.81611654,17
46.57017543,8.82915811,17
46.57001530,8.84219960,17
46.56985367,8.85524102,17
46.56969055,8.86828236,17
46.56260398,9.35074973,17
46.56238404,9.36378753,17
46.56216261,9.37682522,17
46.56193968,9.38986280,17
46.56171526,9.40290028,17
46.56148934,9.41593765,17
46.56126193,9.42897490,17
46.56103302,9.44201205,17
46.56080262,9.45504908,17
46.56057072,9.46808601,17
46.58039702,8.72503728,17
46.58024883,8.73808154,17
46.58009914,8.75112573,17
46.57994795,8.76416985,17
46.57979527,8.77721389,17
46.57964110,8.79025786,17
46.57948543,8.80330175,17
46.57932826,8.81634557,17
46.57916960,8.82938931,17
46.57900944,8.84243298,17
46.57093248,9.39018727,17
46.57070802,9.40322692,17
46.57048207,9.41626645,17
46.57025462,9.42930588,17
46.57002567,9.44234519,17
46.56979523,9.45538439,17
46.56956329,9.46842349,17
46.56932986,9.48146246,17
46.56909493,9.49450133,17
46.58982707,8.68611148,17
46.58968334,8.69915812,17
46.58953811,8.71220470,17
46.58939139,8.72525120,17
46.58924317,8.73829763,17
46.58909346,8.75134399,17
46.58894225,8.76439028,17
46.58878954,8.77743649,17
46.58863534,8.79048263,17
46.58847964,8.80352870,17
46.57947479,9.41659537,17
46.57924730,9.42963696,17
46.57901832,9.44267844,17
46.57878784,9.45571982,17
46.57855586,9.46876108,17
46.57832239,9.48180223,17
46.57808742,9.49484326,17
46.57785096,9.50788418,17
46.59924380,8.64717210,17
46.59910453,8.66022112,17
46.59896377,8.67327008,17
46.59882151,8.68631896,17
46.59867775,8.69936778,17
46.59853250,8.71241652,17
46.59838575,8.72546520,17
46.59823751,8.73851380,17
46.59808777,8.75156233,17
46.59793653,8.76461079,17
46.58801096,9.44301181,17
46.58778044,9.45605535,17
46.58754842,9.46909878,17
46.58731491,9.48214210,17
46.58707991,9.49518530,17
46.58684341,9.50822839,17
46.60878050,8.59516770,17
46.60837609,8.63432188,17
46.60823830,8.64737314,17
46.60809901,8.66042433,17
46.60795822,8.67347546,17
46.60781594,8.68652651,17
46.60767216,8.69957750,17
46.60752688,8.71262842,17
46.60738011,8.72567926,17
46.60723184,8.73873004,17
46.59677303,9.45639100,17
46.59654098,9.46943660,17
46.59630743,9.48248209,17
46.59607239,9.49552747,17
46.59583585,9.50857273,17
46.59559781,9.52161787,17
46.61816609,8.55619885,17
46.61803725,8.56925267,17
46.61790692,8.58230643,17
46.61777509,8.59536012,17
46.61764176,8.60841375,17
46.61750693,8.62146732,17
46.61737061,8.63452082,17
46.61723279,8.64757425,17
46.61709348,8.66062761,17
46.61695267,8.67368091,17
46.61681036,8.68673414,17
46.61666656,8.69978730,17
46.61652126,8.71284039,17
46.60506486,9.49586974,17
46.60482829,9.50891717,17
46.60459021,9.52196449,17
46.60435064,9.53501169,17
46.62741397,8.53027265,17
46.62728810,8.54332877,17
46.62716074,8.55638482,17
46.62703188,8.56944081,17
46.62690152,8.58249674,17
46.62676967,8.59555261,17
46.62663631,8.60860841,17
46.62650147,8.62166415,17
46.62636512,8.63471982,17
46.62622728,8.64777542,17
46.62608794,8.66083096,17
46.62594711,8.67388643,17
46.62580478,8.68694183,17
46.61405733,9.49621213,17
46.61382072,9.50926173,17
46.61358260,9.52231122,17
46.61334299,9.53536060,17
46.61310188,9.54840985,17
46.63677733,8.49127910,17
46.63665594,8.50433757,17
46.63653304,8.51739598,17
46.63640865,8.53045433,17
46.63628276,8.54351262,17
46.63615538,8.55657085,17
46.63602649,8.56962902,17
46.63589611,8.58268712,17
46.63576424,8.59574516,17
46.63563087,8.60880313,17
46.63549600,8.62186104,17
46.63535963,8.63491889,17
46.63522177,8.64797667,17
46.62304980,9.49655463,17
46.62281314,9.50960641,17
46.62257499,9.52265807,17
46.62233533,9.53570962,17
46.62209418,9.54876105,17
46.62185154,9.56181236,17
46.62160739,9.57486356,17
46.62136176,9.58791463,17
46.64577207,8.49145432,17
46.64565065,8.50451497,17
46.64552774,8.51757555,17
46.64540332,8.53063608,17
46.64527741,8.54369654,17
46.64515001,8.55675694,17
46.64502110,8.56981728,17
46.64489070,8.58287756,17
46.63180556,9.50995120,17
46.63156736,9.52300504,17
46.63132767,9.53605876,17
46.63108648,9.54911236,17
46.63084380,9.56216585,17
46.63059961,9.57521922,17
46.63035393,9.58827247,17
46.63010676,9.60132560,17
46.65488674,8.47856673,17
46.65476680,8.49162960,17
46.65464536,8.50469242,17
46.65452242,8.51775518,17
46.65427206,8.54388052,17
46.65414463,8.55694310,17
46.64055974,9.52335212,17
46.64032001,9.53640802,17
46.64007878,9.54946379,17
46.63983605,9.56251946,17
46.63959183,9.57557500,17
46.63934610,9.58863042,17
46.63909889,9.60168573,17
46.63885017,9.61474091,17
46.66388148,8.47873989,17
46.66376152,8.49180494,17
46.66364006,8.50486994,17
46.66351711,8.51793487,17
46.64882830,9.56287318,17
46.64858403,9.57593090,17
46.64833827,9.58898850,17
46.64809101,9.60204598,17
46.64784225,9.61510334,17
46.64759200,9.62816058,17
46.64734025,9.64121769,17
46.67311169,8.45277848,17
46.67299470,8.46584582,17
46.67287622,8.47891311,17
46.67275624,8.49198034,17
46.67263476,8.50504751,17
46.67251178,8.51811462,17
46.65757623,9.57628691,17
46.65733043,9.58934669,17
46.65708313,9.60240635,17
46.65683433,9.61546588,17
46.65658403,9.62852530,17
46.65633224,9.64158459,17
46.68210645,8.45294741,17
46.68198945,8.46601693,17
46.68187095,8.47908639,17
46.68175095,8.49215580,17
46.68162945,8.50522514,17
46.68150645,8.51829443,17
46.66632258,9.58970500,17
46.66607524,9.60276684,17
46.66582640,9.61582855,17
46.66557606,9.62889014,17
46.66532422,9.64195161,17
46.66507089,9.65501296,17
46.69098419,8.46618809,17
46.69086567,8.47925973,17
46.69074565,8.49233131,17
46.69062413,8.50540283,17
46.67481846,9.61619134,17
46.67456808,9.62925511,17
46.67431620,9.64231875,17
46.67406283,9.65538228,17
46.70032556,8.42713750,17
46.70021151,8.44021149,17
46.70009597,8.45328543,17
46.69997892,8.46635930,17
46.69986038,8.47943312,17
46.68356009,9.62962019,17
46.68330818,9.64268602,17
46.68305476,9.65575172,17
46.68279984,9.66881730,17
46.70943291,8.41422602,17
46.70932034,8.42730224,17
46.70920628,8.44037841,17
46.70909071,8.45345452,17
46.70897365,8.46653058,17
46.70885509,8.47960657,17
46.70873503,8.49268251,17
46.69255210,9.62998540,17
46.69230014,9.64305341,17
46.69204668,9.65612129,17
46.69179172,9.66918905,17
46.71853879,8.40131017,17
46.71842770,8.41438863,17
46.71831512,8.42746703,17
46.71820103,8.44054538,17
46.71808545,8.45362367,17
46.71796837,8.46670191,17
46.70154410,9.63035073,17
46.70129209,9.64342092,17
46.70103859,9.65649098,17
46.70078359,9.66956092,17
46.70052709,9.68263073,17
46.72753359,8.40147066,17
46.72742249,8.41455129,17
46.72730988,8.42763188,17
46.72719578,8.44071240,17
46.71028404,9.64378855,17
46.71003050,9.65686079,17
46.70977545,9.66993291,17
46.70951891,9.68300491,17
46.73663801,8.38854832,17
46.73652839,8.40163120,17
46.73641727,8.41471401,17
46.73630464,8.42779678,17
46.73619052,8.44087949,17
46.71927598,9.64415630,17
46.71902240,9.65723073,17
46.71876731,9.67030503,17
46.71851072,9.68337921,17
46.74552318,8.40179179,17
46.74541203,8.41487679,17
46.74529939,8.42796173,17
46.74518525,8.44104662,17
46.72826791,9.64452418,17
46.72801428,9.65760079,17
46.72775916,9.67067727,17
46.72750253,9.68375363,17
46.72724440,9.69682986,17
46.75462761,8.38886520,17
46.75451795,8.40195243,17
46.75440680,8.41503961,17
46.75429414,8.42812674,17
46.75417998,8.44121382,17
46.73700616,9.65797097,17
46.73675099,9.67104963,17
46.73649432,9.68412818,17
46.73623615,9.69720659,17
46.73597648,9.71028488,17
46.76351272,8.40211313,17
46.76340155,8.41520250,17
46.76328887,8.42829181,17
46.74548611,9.68450285,17
46.74522790,9.69758345,17
46.74496818,9.71066392,17
46.74470697,9.72374427,17
46.77283207,8.36299891,17
46.77272537,8.37609062,17
46.77261718,8.38918228,17
46.77250748,8.40227388,17
46.77239629,8.41536543,17
46.77228359,8.42845693,17
46.75447789,9.68487764,17
46.75421963,9.69796043,17
46.75395988,9.71104309,17
46.75369862,9.72412562,17
46.75343586,9.73720802,17
46.78182687,8.36315316,17
46.78172016,8.37624706,17
46.78161195,8.38934090,17
46.78150224,8.40243469,17
46.78127831,8.42862210,17
46.76321136,9.69833753,17
46.76295156,9.71142238,17
46.76269026,9.72450709,17
46.76242746,9.73759169,17
46.76216315,9.75067615,17
46.79082167,8.36330747,17
46.79071494,8.37640354,17
46.79060671,8.38949957,17
46.79049698,8.40259555,17
46.77220307,9.69871476,17
46.77194323,9.71180179,17
46.77168189,9.72488870,17
46.77141904,9.73797547,17
46.77115469,9.75106212,17
46.79981645,8.36346182,17
46.79970971,8.37656008,17
46.79960146,8.38965830,17
46.78093489,9.71218134,17
46.78067350,9.72527043,17
46.78041062,9.73835939,17
46.78014623,9.75144822,17
46.77988034,9.76453693,17
46.80891649,8.35051572,17
46.80881123,8.36361622,17
46.80870446,8.37671668,17
46.80859620,8.38981708,17
46.78992654,9.71256100,17
46.78966511,9.72565228,17
46.78940218,9.73874343,17
46.78913775,9.75183445,17
46.78887181,9.76492535,17
46.81801505,8.33756524,17
46.81791127,8.35066799,17
46.81780599,8.36377068,17
46.81769921,8.37687332,17
46.79865671,9.72603426,17
46.79839374,9.73912760,17
46.79812926,9.75222081,17
46.79786328,9.76531389,17
46.79759580,9.77840684,17
46.82721292,8.31150536,17
46.82711213,8.32461039,17
46.82700984,8.33771537,17
46.82690604,8.35082031,17
46.82680075,8.36392519,17
46.82669395,8.37703001,17
46.80738528,9.73951190,17
46.80712076,9.75260730,17
46.80685474,9.76570257,17
46.80658721,9.77879771,17
46.83630704,8.29854390,17
46.83620773,8.31165117,17
46.83610693,8.32475838,17
46.83600462,8.33786555,17
46.83590080,8.35097267,17
46.81637681,9.73989632,17
46.81611225,9.75299391,17
46.81584618,9.76609137,17
46.81557861,9.77918870,17
46.81530954,9.79228590,17
46.84530186,8.29868756,17
46.84520253,8.31179702,17
46.84510171,8.32490642,17
46.84499938,8.33801578,17
46.84489555,8.35112509,17
46.82510373,9.75338065,17
46.82483762,9.76648030,17
46.82457000,9.77957982,17
46.82430089,9.79267921,17
46.82403027,9.80577847,17
46.85429666,8.29883127,17
46.85419732,8.31194291,17
46.85409648,8.32505451,17
46.83382904,9.76686936,17
46.83356138,9.77997107,17
46.83329222,9.79307265,17
46.83302156,9.80617410,17
46.86338931,8.28586113,17
46.86329145,8.29897502,17
46.86319210,8.31208886,17
46.86309124,8.32520265,17
46.86298888,8.33831639,17
46.84282045,9.76725855,17
46.84255275,9.78036245,17
46.84228354,9.79346623,17
46.84201283,9.80656987,17
46.84174062,9.81967338,17
46.87248047,8.27288662,17
46.87238410,8.28600274,17
46.87228624,8.29911882,17
46.87218687,8.31223485,17
46.87208599,8.32535084,17
46.87198361,8.33846677,17
46.85154410,9.78075396,17
46.85127485,9.79385993,17
46.85100410,9.80696576,17
46.85073184,9.82007146,17
46.88147527,8.27302608,17
46.88137889,8.28614440,17
46.88128101,8.29926267,17
46.88118162,8.31238090,17
46.88108073,8.32549907,17
46.86053545,9.78114560,17
46.86026615,9.79425376,17
46.85999535,9.80736179,17
46.85972305,9.82046968,17
46.89056495,8.26004503,17
46.89047006,8.27316559,17
46.89037366,8.28628610,17
46.89027576,8.29940657,17
46.89017636,8.31252699,17
46.86952678,9.78153737,17
46.86925744,9.79464772,17
46.86898660,9.80775794,17
46.86871425,9.82086803,17
46.86844040,9.83397799,17
46.89955974,8.26018240,17
46.89946484,8.27330515,17
46.89936842,8.28642786,17
46.89927051,8.29955052,17
46.87824871,9.79504182,17
46.87797782,9.80815423,17
46.87770543,9.82126652,17
46.87743154,9.83437867,17
46.87715614,9.84749069,17
46.90855452,8.26031980,17
46.90845960,8.27344475,17
46.90836317,8.28656965,17
46.90826524,8.29969451,17
46.88696904,9.80855065,17
46.88669660,9.82166513,17
46.88642266,9.83477948,17
46.88614722,9.84789369,17
46.91764272,8.24733007,17
46.91754929,8.26045726,17
46.91745435,8.27358440,17
46.91735791,8.28671150,17
46.89596024,9.80894720,17
46.89568776,9.82206388,17
46.89541378,9.83518042,17
46.89513829,9.84829683,17
46.92663749,8.24746537,17
46.92654404,8.26059476,17
46.92644909,8.27372410,17
46.92635263,8.28685339,17
46.90467891,9.82246275,17
46.90440488,9.83558149,17
46.90412934,9.84870010,17
46.93572421,8.23446909,17
46.93563225,8.24760072,17
46.93553878,8.26073230,17
46.93544381,8.27386384,17
46.91367004,9.82286176,17
46.91339596,9.83598270,17
46.91312038,9.84910350,17
46.94471897,8.23460228,17
46.94462699,8.24773611,17
46.94453351,8.26086989,17
46.94443852,8.27400362,17
46.92266116,9.82326090,17
46.92238703,9.83638404,17
46.92211141,9.84950704,17
46.95380419,8.22159945,17
46.95371371,8.23473552,17
46.95362172,8.24787154,17
46.95352822,8.26100752,17
46.95343322,8.27414346,17
46.93192492,9.81053471,17
46.93165226,9.82366018,17
46.93137809,9.83678551,17
46.93110242,9.84991071,17
46.93082524,9.86303577,17
46.96279894,8.22173053,17
46.96270844,8.23486880,17
46.96261643,8.24800703,17
46.96252292,8.26114520,17
46.94064335,9.82405958,17
46.94036914,9.83718711,17
46.94009342,9.85031451,17
46.93981620,9.86344178,17
46.97179367,8.22186166,17
46.97170315,8.23500213,17
46.97161113,8.24814255,17
46.97151760,8.26128293,17
46.94936017,9.83758885,17
46.94908440,9.85071845,17
46.94880714,9.86384791,17
46.94852836,9.87697724,17
46.98087740,8.20885012,17
46.98078838,8.22199283,17
46.98069785,8.23513550,17
46.98060581,8.24827812,17
46.98051227,8.26142070,17
46.95835118,9.83799072,17
46.95807537,9.85112252,17
46.95779806,9.86425418,17
46.95751924,9.87738572,17
46.98987212,8.20897913,17
46.98978308,8.22212404,17
46.98969253,8.23526891,17
46.98960048,8.24841374,17
46.96678897,9.86466059,17
46.96651010,9.87779432,17
46.96622973,9.89092792,17
46.99886682,8.20910818,17
46.99877776,8.22225530,17
46.99868720,8.23540237,17
46.99859514,8.24854940,17
46.97605727,9.85193106,17
46.97577986,9.86506713,17
46.97550095,9.87820306,17
46.97522053,9.89133886,17
47.00786150,8.20923728,17
47.00777243,8.22238659,17
47.00768186,8.23553587,17
47.00758978,8.24868510,17
46.98504819,9.85233553,17
46.98477074,9.86547380,17
46.98449178,9.87861194,17
47.01685617,8.20936641,17
47.01676709,8.22251794,17
47.01667650,8.23566941,17
47.01658440,8.24882085,17
46.99431509,9.83959952,17
46.99403910,9.85274013,17
46.99376160,9.86588061,17
46.99348260,9.87902095,17
47.02593841,8.19634182,17
47.02585082,8.20949559,17
47.02576172,8.22264932,17
47.02567112,8.23580300,17
47.00330603,9.84000205,17
47.00303000,9.85314486,17
47.00275245,9.86628755,17
47.00247340,9.87943009,17
47.00219284,9.89257251,17
47.03493306,8.19646884,17
47.03484546,8.20962482,17
47.03475635,8.22278075,17
47.03466573,8.23593664,17
47.01202087,9.85354973,17
47.01174328,9.86669462,17
47.01146419,9.87983937,17
47.04401381,8.18343768,17
47.04392770,8.19659590,17
47.04384008,8.20975408,17
47.04375095,8.22291222,17
47.04366032,8.23607031,17
47.02128786,9.84080751,17
47.02101173,9.85395474,17
47.02073410,9.86710183,17
47.02045496,9.88024879,17
47.02017430,9.89339561,17
47.05300844,8.18356257,17
47.05292231,8.19672300,17
47.05283468,8.20988339,17
47.05274554,8.22304373,17
47.05265489,8.23620404,17
47.03000258,9.85435987,17
47.02972490,9.86750917,17
47.02944571,9.88065834,17
47.02916501,9.89380737,17
47.06191691,8.19685015,17
47.06182927,8.21001274,17
47.06174011,8.22317529,17
47.06164945,8.23633780,17
47.03871568,9.86791665,17
47.03843644,9.88106802,17
47.03815570,9.89421926,17
47.03787345,9.90737036,17
47.07099765,8.18381249,17
47.07091150,8.19697733,17
47.07082384,8.21014213,17
47.07073467,8.22330689,17
47.04770644,9.86832426,17
47.04742716,9.88147784,17
47.04714637,9.89463128,17
47.04686407,9.90778459,17
47.07999223,8.18393751,17
47.07990607,8.19710456,17
47.07981839,8.21027157,17
47.07972920,8.22343854,17
47.05641786,9.88188779,17
47.05613703,9.89504344,17
47.05585468,9.90819896,17
47.05557083,9.92135434,17
47.08907147,8.17089326,17
47.08898680,8.18406256,17
47.08890061,8.19723183,17
47.08881292,8.21040105,17
47.08872372,8.22357023,17
47.06540855,9.88229788,17
47.06512767,9.89545574,17
47.06484527,9.90861347,17
47.06456137,9.92177106,17
47.09806603,8.17101615,17
47.09798134,8.18418766,17
47.09789515,8.19735914,17
47.09780744,8.21053057,17
47.07439921,9.88270810,17
47.07411829,9.89586817,17
47.07383585,9.90902811,17
47.07355190,9.92218791,17
47.07326644,9.93534758,17
47.10706057,8.17113908,17
47.10697587,8.18431281,17
47.10688966,8.19748649,17
47.10680194,8.21066013,17
47.08338986,9.88311846,17
47.08310889,9.89628074,17
47.08282640,9.90944289,17
47.08254241,9.92260490,17
47.08225691,9.93576678,17
47.11613830,8.15808607,17
47.11605509,8.17126205,17
47.11597038,8.18443799,17
47.11588416,8.19761388,17
47.11579642,8.21078974,17
47.09209947,9.89669344,17
47.09181694,9.90985780,17
47.09153290,9.92302203,17
47.09124735,9.93618612,17
47.12513282,8.15820687,17
47.12504960,8.17138506,17
47.12496487,8.18456321,17
47.12487863,8.19774132,17
47.10109004,9.89710628,17
47.10080746,9.91027286,17
47.10052337,9.92343929,17
47.10023778,9.93660559,17
47.13404409,8.17150811,17
47.13395934,8.18468848,17
47.13387309,8.19786880,17
47.13378533,8.21104908,17
47.11008059,9.89751926,17
47.10979796,9.91068804,17
47.10951383,9.92385669,17
47.10922818,9.93702521,17
47.14303855,8.17163120,17
47.14295380,8.18481378,17
47.14286753,8.19799632,17
47.14277975,8.21117881,17
47.11907111,9.89793237,17
47.11878844,9.91110337,17
47.11850426,9.92427423,17
47.11821857,9.93744496,17
47.15194823,8.18493913,17
47.15186195,8.19812388,17
47.15177416,8.21130858,17
47.15168486,8.22449325,17
47.12834283,9.88517226,17
47.12806162,9.89834561,17
47.12777891,9.91151882,17
47.12749468,9.92469190,17
47.16094265,8.18506451,17
47.16085635,8.19825148,17
47.16076855,8.21143840,17
47.16067923,8.22462528,17
47.13733336,9.88558342,17
47.13705211,9.89875899,17
47.13676935,9.91193442,17
47.13648508,9.92510971,17
47.16993704,8.18518994,17
47.16985074,8.19837912,17
47.16976291,8.21156826,17
47.16967358,8.22475736,17
47.16958274,8.23794641,17
47.14632388,9.88599472,17
47.14604258,9.89917251,17
47.14575977,9.91235015,17
47.14547545,9.92552766,17
47.17884510,8.19850681,17
47.17875726,8.21169817,17
47.17866792,8.22488948,17
47.17857706,8.23808075,17
47.15531438,9.88640616,17
47.15503303,9.89958616,17
47.15475018,9.91276602,17
47.15446581,9.92594575,17
47.18783944,8.19863454,17
47.18775159,8.21182811,17
47.18766223,8.22502164,17
47.18757135,8.23821513,17
47.16430485,9.88681773,17
47.16402346,9.89999994,17
47.16374056,9.91318202,17
47.16345615,9.92636397,17
47.19683376,8.19876231,17
47.19674590,8.21195810,17
47.19665652,8.22515385,17
47.19656563,8.23834955,17
47.17357524,9.87404486,17
47.17329531,9.88722943,17
47.17301387,9.90041386,17
47.17273093,9.91359816,17
47.17244646,9.92678233,17
47.20574018,8.21208813,17
47.20565079,8.22528610,17
47.20555989,8.23848402,17
47.20546747,8.25168190,17
47.18256572,9.87445448,17
47.18228575,9.88764127,17
47.18200426,9.90082792,17
47.18172127,9.91401444,17
47.18143676,9.92720082,17
47.21473445,8.21221820,17
47.21464504,8.22541839,17
47.21455413,8.23861854,17
47.21446170,8.25181864,17
47.19155618,9.87486423,17
47.19127616,9.88805324,17
47.19099463,9.90124211,17
47.19071159,9.91443085,17
47.19042704,9.92761945,17
47.22372870,8.21234832,17
47.22363928,8.22555073,17
47.22354834,8.23875309,17
47.22345590,8.25195541,17
47.22336194,8.26515769,17
47.20054662,9.87527412,17
47.20026656,9.88846535,17
47.19998498,9.90165644,17
47.19970189,9.91484740,17
47.23263348,8.22568311,17
47.23254254,8.23888769,17
47.23245007,8.25209223,17
47.23235610,8.26529673,17
47.20981563,9.86249056,17
47.20953704,9.87568414,17
47.20925693,9.88887759,17
47.20897531,9.90207090,17
47.24162767,8.22581553,17
47.24153671,8.23902234,17
47.24144423,8.25222910,17
47.24135024,8.26543582,17
47.21880608,9.86289849,17
47.21852744,9.87609429,17
47.21824728,9.88928997,17
47.21796561,9.90248550,17
47.25053086,8.23915703,17
47.25043837,8.25236601,17
47.25034436,8.26557495,17
47.25024884,8.27878385,17
47.22779650,9.86330656,17
47.22751781,9.87650458,17
47.22723761,9.88970248,17
47.22695590,9.90290024,17
47.25952499,8.23929176,17
47.25943248,8.25250297,17
47.25933846,8.26571413,17
47.25924293,8.27892525,17
47.23706412,9.85051437,17
47.23678690,9.86371475,17
47.23650817,9.87691501,17
47.23622792,9.89011512,17
47.26851910,8.23942653,17
47.26842658,8.25263997,17
47.26833254,8.26585336,17
47.26823699,8.27906670,17
47.26813992,8.29228000,17
47.24577728,9.86412309,17
47.24549850,9.87732556,17
47.24521821,9.89052790,17
47.24493640,9.90373011,17
47.27751318,8.23956136,17
47.27742064,8.25277701,17
47.27732659,8.26599263,17
47.27723103,8.27920819,17
47.27713395,8.29242372,17
47.25504494,9.85132672,17
47.25476763,9.86453155,17
47.25448881,9.87773625,17
47.25420847,9.89094082,17
47.25392662,9.90414525,17
47.28641469,8.25291410,17
47.28632062,8.26613194,17
47.28622504,8.27934974,17
47.28612795,8.29256748,17
47.26403532,9.85173309,17
47.26375796,9.86494015,17
47.26347909,9.87814708,17
47.26319871,9.89135387,17
47.29531463,8.26627130,17
47.29521904,8.27949132,17
47.29512192,8.29271130,17
47.27330156,9.83893018,17
47.27302567,9.85213960,17
47.27274827,9.86534888,17
47.27246936,9.87855804,17
47.27218893,9.89176705,17
47.30440272,8.25318842,17
47.30430862,8.26641071,17
47.30421301,8.27963296,17
47.30411588,8.29285516,17
47.28229194,9.83933459,17
47.28201601,9.85254624,17
47.28173856,9.86575775,17
47.28145960,9.87896913,17
47.28117912,9.89218037,17
47.31339670,8.25332564,17
47.31330258,8.26655016,17
47.31320695,8.27977463,17
47.31310981,8.29299906,17
47.31301115,8.30622344,17
47.29128229,9.83973914,17
47.29100632,9.85295301,17
47.29072882,9.86616675,17
47.29044982,9.87938035,17
47.32229652,8.26668966,17
47.32220088,8.27991636,17
47.32210372,8.29314302,17
47.32200504,8.30636963,17
47.32190485,8.31959619,17
47.30054713,9.82692758,17
47.30027262,9.84014381,17
47.29999660,9.85335991,17
47.29971907,9.86657588,17
47.33119478,8.28005813,17
47.33109760,8.29328702,17
47.33099891,8.30651586,17
47.33089870,8.31974465,17
47.30981051,9.81411156,17
47.30953748,9.82733016,17
47.30926293,9.84054862,17
47.30898686,9.85376695,17
47.30870928,9.86698515,17
47.34018865,8.28019995,17
47.34009146,8.29343106,17
47.33999275,8.30666213,17
47.33989253,8.31989315,17
47.31880089,9.81451204,17
47.31852781,9.82773286,17
47.31825321,9.84095356,17
47.31797710,9.85417412,17
47.31769947,9.86739454,17
47.34918250,8.28034181,17
47.34908530,8.29357516,17
47.34898657,8.30680846,17
47.34888633,8.32004171,17
47.32779123,9.81491265,17
47.32751811,9.82813570,17
47.32724347,9.84135863,17
47.32696731,9.85458142,17
47.35817633,8.28048372,17
47.35807911,8.29371930,17
47.35798037,8.30695483,17
47.35788011,8.32019031,17
47.35777833,8.33342575,17
47.33705321,9.80208797,17
47.33678156,9.81531339,17
47.33650839,9.82853867,17
47.33623371,9.84176383,17
47.33595750,9.85498885,17
47.36707289,8.29386349,17
47.36697414,8.30710125,17
47.36687386,8.32033897,17
47.36677207,8.33357663,17
47.36666876,8.34681425,17
47.34604355,9.80248661,17
47.34577186,9.81571426,17
47.34549865,9.82894178,17
47.34522392,9.84216916,17
47.37596788,8.30724772,17
47.37586759,8.32048767,17
47.37576578,8.33372757,17
47.37566246,8.34696741,17
47.35530410,9.78965537,17
47.35503387,9.80288538,17
47.35476213,9.81611526,17
47.35448887,9.82934501,17
47.35421410,9.84257463,17
47.38496160,8.30739423,17
47.38486129,8.32063641,17
47.38475947,8.33387855,17
47.38465613,8.34712063,17
47.38455127,8.36036266,17
47.36429443,9.79005203,17
47.36402417,9.80328428,17
47.36375238,9.81651639,17
47.36347908,9.82974837,17
47.39385497,8.32078521,17
47.39375313,8.33402958,17
47.39364977,8.34727390,17
47.39354490,8.36051816,17
47.37328475,9.79044883,17
47.37301443,9.80368330,17
47.37274261,9.81691765,17
47.37246926,9.83015187,17
47.40284863,8.32093406,17
47.40274677,8.33418066,17
47.40264339,8.34742721,17
47.40253850,8.36067371,17
47.38254387,9.77760891,17
47.38227503,9.79084575,17
47.38200468,9.80408246,17
47.38173280,9.81731904,17
47.38145941,9.83055549,17
47.41184225,8.32108295,17
47.41174038,8.33433179,17
47.41163699,8.34758058,17
47.41153207,8.36082931,17
47.39180154,9.76476451,17
47.39153418,9.77800372,17
47.39126529,9.79124280,17
47.39099489,9.80448175,17
47.39072298,9.81772056,17
47.42073396,8.33448297,17
47.42063055,8.34773399,17
47.42052562,8.36098497,17
47.42041918,8.37423589,17
47.40079186,9.76515722,17
47.40052446,9.77839866,17
47.40025553,9.79163998,17
47.39998509,9.80488116,17
47.42972752,8.33463419,17
47.42962409,8.34788746,17
47.42951915,8.36114067,17
47.42941268,8.37439383,17
47.41004809,9.75230625,17
47.40978216,9.76555005,17
47.40951471,9.77879373,17
47.40924574,9.79203728,17
47.40897525,9.80528071,17
47.43861761,8.34804097,17
47.43851265,8.36129642,17
47.43840616,8.37455182,17
47.43829816,8.38780717,17
47.41903840,9.75269697,17
47.41877243,9.76594302,17
47.41850493,9.77918893,17
47.41823592,9.79243472,17
47.44761110,8.34819453,17
47.44750612,8.36145222,17
47.44739962,8.37470986,17
47.44729160,8.38796745,17
47.42829319,9.73983941,17
47.42802869,9.75308782,17
47.42776267,9.76633610,17
47.42749513,9.77958426,17
47.42722608,9.79283229,17
47.45660456,8.34834815,17
47.45649956,8.36160808,17
47.45639304,8.37486795,17
47.45628501,8.38812778,17
47.45617545,8.40138755,17
47.43754652,9.72697737,17
47.43728349,9.74022815,17
47.43701895,9.75347880,17
47.43675289,9.76672932,17
47.43648531,9.77997971,17
47.46549298,8.36176398,17
47.46538644,8.37502610,17
47.46527839,8.38828816,17
47.46516882,8.40155018,17
47.44653684,9.72736400,17
47.44627377,9.74061701,17
47.44600918,9.75386990,17
47.44574308,9.76712266,17
47.44547545,9.78037530,17
47.47448636,8.36191993,17
47.47437981,8.37518429,17
47.47427174,8.38844860,17
47.47416215,8.40171285,17
47.47405104,8.41497705,17
47.45578872,9.71449536,17
47.45552713,9.72775074,17
47.45526402,9.74100600,17
47.45499939,9.75426113,17
47.45473324,9.76751613,17
47.48326507,8.38860908,17
47.48315546,8.40187558,17
47.48304433,8.41514202,17
47.48293168,8.42840841,17
47.46477902,9.71488000,17
47.46451739,9.72813762,17
47.46425424,9.74139512,17
47.46398957,9.75465249,17
47.49236647,8.37550083,17
47.49225837,8.38876962,17
47.49214874,8.40203836,17
47.49203759,8.41530705,17
47.47376930,9.71526475,17
47.47350763,9.72852462,17
47.47324443,9.74178436,17
47.47297971,9.75504397,17
47.50125164,8.38893022,17
47.50114199,8.40220120,17
47.50103083,8.41547212,17
47.50091814,8.42874300,17
47.48301975,9.70238740,17
47.48275955,9.71564963,17
47.48249783,9.72891174,17
47.48223460,9.74217372,17
47.51024488,8.38909086,17
47.51013522,8.40236408,17
47.51002403,8.41563726,17
47.50991133,8.42891037,17
47.49201001,9.70277016,17
47.49174977,9.71603464,17
47.49148801,9.72929899,17
47.49122473,9.74256322,17
47.51912841,8.40252702,17
47.51901721,8.41580244,17
47.51890449,8.42907780,17
47.51879024,8.44235311,17
47.50125901,9.68988620,17
47.50100025,9.70315305,17
47.50073997,9.71641977,17
47.50047816,9.72968637,17
47.50021484,9.74295284,17
47.52812158,8.40269002,17
47.52801036,8.41596768,17
47.52789761,8.42924528,17
47.52778335,8.44252284,17
47.51050654,9.67699776,17
47.51024926,9.69026697,17
47.50999045,9.70353606,17
47.50973013,9.71680502,17
47.50946828,9.73007387,17
47.53711471,8.40285306,17
47.53700347,8.41613297,17
47.53689071,8.42941282,17
47.53677643,8.44269262,17
47.53666063,8.45597236,17
47.51975260,9.66410482,17
47.51949680,9.67737640,17
47.51923948,9.69064786,17
47.51898063,9.70391919,17
47.51872027,9.71719040,17
47.51845838,9.73046149,17
47.54599656,8.41629831,17
47.54588379,8.42958041,17
47.54576949,8.44286246,17
47.54565366,8.45614445,17
47.52899720,9.65120738,17
47.52874288,9.66448133,17
47.52848703,9.67775516,17
47.52822967,9.69102887,17
47.52797078,9.70430245,17
47.52771037,9.71757591,17
47.55498962,8.41646371,17
47.55487683,8.42974806,17
47.55476251,8.44303235,17
47.55464667,8.45631659,17
47.55452930,8.46960077,17
47.55441042,8.48288490,17
47.53824033,9.63830546,17
47.53798748,9.65158178,17
47.53773312,9.66485797,17
47.53747724,9.67813405,17
47.53721983,9.69141000,17
47.53696090,9.70468583,17
47.56398265,8.41662916,17
47.56386984,8.42991576,17
47.56375550,8.44320230,17
47.56363964,8.45648878,17
47.56352226,8.46977521,17
47.56340335,8.48306159,17
47.56328293,8.49634790,17
47.56316098,8.50963416,17
47.56303750,8.52292036,17
47.54748198,9.62539904,17
47.54723062,9.63867772,17
47.54697774,9.65195629,17
47.54672334,9.66523473,17
47.54646741,9.67851306,17
47.54620996,9.69179126,17
47.57286282,8.43008351,17
47.57274846,8.44337230,17
47.57263259,8.45666103,17
47.57251518,8.46994971,17
47.57239626,8.48323833,17
47.57227581,8.49652690,17
47.57215384,8.50981541,17
47.57203035,8.52310386,17
47.57190534,8.53639225,17
47.57177880,8.54968058,17
47.55672217,9.61248812,17
47.55647229,9.62576917,17
47.55622089,9.63905011,17
47.55596797,9.65233092,17
47.55571352,9.66561162,17
47.55545755,9.67889219,17
47.58150808,8.47012427,17
47.58138913,8.48341514,17
47.58126867,8.49670595,17
47.58114668,8.50999671,17
47.58102317,8.52328741,17
47.58089813,8.53657805,17
47.58077157,8.54986863,17
47.58064349,8.56315915,17
47.58051389,8.57644960,17
47.58038276,8.58974000,17
47.56596088,9.59957270,17
47.56571249,9.61285613,17
47.56546257,9.62613943,17
47.56521113,9.63942261,17
47.56495816,9.65270568,17
47.56470367,9.66598862,17
47.59026149,8.49688507,17
47.59013948,8.51017807,17
47.59001595,8.52347102,17
47.58989089,8.53676391,17
47.58976432,8.55005674,17
47.58963621,8.56334951,17
47.58950659,8.57664222,17
47.58937544,8.58993486,17
47.58924277,8.60322744,17
47.57568738,9.56008085,17
47.57544351,9.57336688,17
47.57519812,9.58665279,17
47.57495121,9.59993858,17
47.57470278,9.61322425,17
47.57445282,9.62650981,17
47.57420133,9.63979524,17
47.57394833,9.65308055,17
47.59900870,8.52365469,17
47.59888363,8.53694983,17
47.59875703,8.55024491,17
47.59862891,8.56353993,17
47.59849926,8.57683489,17
47.59836809,8.59012979,17
47.59823540,8.60342462,17
47.58516104,9.53386319,17
47.58492018,9.54715170,17
47.58467780,9.56044009,17
47.58443389,9.57372837,17
47.58418846,9.58701653,17
47.58394151,9.60030457,17
47.58369303,9.61359249,17
47.58344303,9.62688030,17
47.58319151,9.64016799,17
47.60762157,8.56373042,17
47.60749190,8.57702763,17
47.60736071,8.59032478,17
47.60722799,8.60362186,17
47.60709375,8.61691888,17
47.60695799,8.63021584,17
47.59462873,9.50763619,17
47.59439088,9.52092717,17
47.59415151,9.53421805,17
47.59391061,9.54750881,17
47.59366819,9.56079945,17
47.59342424,9.57408998,17
47.59317877,9.58738039,17
47.59293178,9.60067068,17
47.59268326,9.61396086,17
47.59243322,9.62725091,17
47.61635330,8.59051983,17
47.61622056,8.60381916,17
47.61608630,8.61711844,17
47.61595051,8.63041765,17
47.61581320,8.64371679,17
47.60432377,9.46810625,17
47.60409045,9.48139983,17
47.60385561,9.49469330,17
47.60361925,9.50798665,17
47.60338136,9.52127989,17
47.60314194,9.53457301,17
47.60290100,9.54786603,17
47.60265854,9.56115892,17
47.60241456,9.57445170,17
47.60216905,9.58774436,17
47.60192201,9.60103691,17
47.60167346,9.61432934,17
47.62534585,8.59071494,17
47.62521309,8.60401653,17
47.62507881,8.61731806,17
47.62494300,8.63061952,17
47.62480567,8.64392092,17
47.62466682,8.65722225,17
47.62452644,8.67052351,17
47.61331437,9.46845007,17
47.61308101,9.48174590,17
47.61284613,9.49504162,17
47.61260973,9.50833722,17
47.61237180,9.52163272,17
47.61213235,9.53492810,17
47.61189137,9.54822336,17
47.61164887,9.56151851,17
47.61140484,9.57481354,17
47.63420560,8.60421396,17
47.63407129,8.61751774,17
47.63393546,8.63082146,17
47.63379811,8.64412511,17
47.63365923,8.65742869,17
47.63351883,8.67073221,17
47.63337690,8.68403566,17
47.62299597,9.42889908,17
47.62276715,9.44219750,17
47.62253680,9.45549580,17
47.62230493,9.46879400,17
47.62207154,9.48209208,17
47.62183662,9.49539005,17
47.62160018,9.50868791,17
47.62136221,9.52198566,17
47.62112272,9.53528329,17
47.62088170,9.54858081,17
47.64306374,8.61771749,17
47.64292789,8.63102346,17
47.64279051,8.64432937,17
47.64265161,8.65763521,17
47.64251119,8.67094098,17
47.64236924,8.68424668,17
47.64222576,8.69755232,17
47.64208076,8.71085789,17
47.63288680,9.37603260,17
47.63266404,9.38933370,17
47.63243975,9.40263470,17
47.63221395,9.41593558,17
47.63198661,9.42923636,17
47.63175775,9.44253703,17
47.63152737,9.45583759,17
47.63129546,9.46913804,17
47.63106203,9.48243837,17
47.63082708,9.49573860,17
47.63059059,9.50903871,17
47.63035259,9.52233871,17
47.65178289,8.64453369,17
47.65164396,8.65784179,17
47.65150351,8.67114981,17
47.65136154,8.68445777,17
47.65121804,8.69776567,17
47.65107302,8.71107349,17
47.65092647,8.72438124,17
47.64209883,9.36305751,17
47.64187756,9.37636097,17
47.64165476,9.38966432,17
47.64143044,9.40296757,17
47.64120460,9.41627071,17
47.64097723,9.42957374,17
47.64074833,9.44287667,17
47.64051791,9.45617948,17
47.64028596,9.46948218,17
47.64005249,9.48278478,17
47.66063628,8.65804843,17
47.66049581,8.67135872,17
47.66035381,8.68466893,17
47.66021029,8.69797908,17
47.66006524,8.71128916,17
47.65991867,8.72459917,17
47.65977058,8.73790911,17
47.65962095,8.75121898,17
47.65946981,8.76452878,17
47.65174436,9.32346594,17
47.65152763,9.33677197,17
47.65130937,9.35007790,17
47.65108959,9.36338372,17
47.65086828,9.37668943,17
47.65064545,9.38999504,17
47.65042110,9.40330055,17
47.65019521,9.41660594,17
47.64996781,9.42991123,17
47.64973887,9.44321641,17
47.64950842,9.45652148,17
47.64927643,9.46982644,17
47.66934605,8.68488016,17
47.66920251,8.69819256,17
47.66905744,8.71150490,17
47.66891084,8.72481717,17
47.66876272,8.73812936,17
47.66861307,8.75144149,17
47.66846190,8.76475354,17
47.66830920,8.77806552,17
47.66815498,8.79137743,17
47.66799923,8.80468927,17
47.66179615,9.25724253,17
47.66158701,9.27055132,17
47.66137634,9.28386002,17
47.66116415,9.29716861,17
47.66095044,9.31047710,17
47.66073520,9.32378549,17
47.66051843,9.33709377,17
47.66030014,9.35040196,17
47.66008032,9.36371003,17
47.65985898,9.37701801,17
47.65963611,9.39032587,17
47.65941172,9.40363363,17
47.65918580,9.41694129,17
47.65895835,9.43024883,17
47.65872938,9.44355627,17
47.67804959,8.71172071,17
47.67790298,8.72503523,17
47.67775483,8.73834969,17
47.67760516,8.75166407,17
47.67745396,8.76497838,17
47.67730124,8.77829262,17
47.67714699,8.79160678,17
47.67699122,8.80492088,17
47.67683392,8.81823489,17
47.67667509,8.83154884,17
47.67651474,8.84486270,17
47.67635287,8.85817649,17
47.67160856,9.20430571,17
47.67140549,9.21761715,17
47.67120089,9.23092850,17
47.67099477,9.24423974,17
47.67078712,9.25755089,17
47.67057795,9.27086194,17
47.67036725,9.28417289,17
47.67015503,9.29748374,17
47.66994128,9.31079449,17
47.66972600,9.32410514,17
47.66950920,9.33741568,17
47.66929087,9.35072612,17
47.66907102,9.36403646,17
47.66884964,9.37734669,17
47.68689508,8.72525337,17
47.68674691,8.73857008,17
47.68659721,8.75188672,17
47.68644599,8.76520329,17
47.68629324,8.77851979,17
47.68613897,8.79183621,17
47.68598317,8.80515256,17
47.68582585,8.81846884,17
47.68566700,8.83178504,17
47.68550662,8.84510116,17
47.68534472,8.85841721,17
47.68518129,8.87173318,17
47.68501633,8.88504907,17
47.68484985,8.89836489,17
47.68468185,8.91168062,17
47.68119979,9.16466346,17
47.68100126,9.17797744,17
47.68080121,9.19129134,17
47.68059964,9.20460514,17
47.68039653,9.21791884,17
47.68019190,9.23123244,17
47.67998575,9.24454595,17
47.67977807,9.25785935,17
47.67956886,9.27117266,17
47.67935813,9.28448587,17
47.67914587,9.29779898,17
47.67893208,9.31111199,17
47.67871677,9.32442489,17
47.67849993,9.33773769,17
47.67828157,9.35105039,17
47.67806168,9.36436298,17
47.69558923,8.75210944,17
47.69543799,8.76542827,17
47.69528521,8.77874703,17
47.69513092,8.79206571,17
47.69497509,8.80538432,17
47.69481774,8.81870286,17
47.69465886,8.83202131,17
47.69449846,8.84533970,17
47.69433653,8.85865800,17
47.69417308,8.87197623,17
47.69400810,8.88529438,17
47.69384159,8.89861246,17
47.69367355,8.91193045,17
47.69350399,8.92524836,17
47.69333291,8.93856619,17
47.69316029,8.95188394,17
47.69298616,8.96520161,17
47.69281049,8.97851919,17
47.69096990,9.11169028,17
47.69077745,9.12500690,17
47.69058347,9.13832343,17
47.69038796,9.15163986,17
47.69019093,9.16495621,17
47.68999237,9.17827245,17
47.68979229,9.19158860,17
47.68959068,9.20490466,17
47.68938754,9.21822062,17
47.68918288,9.23153648,17
47.68897669,9.24485225,17
47.68876898,9.25816792,17
47.68855974,9.27148348,17
47.68834897,9.28479895,17
47.68813667,9.29811432,17
47.68792285,9.31142958,17
47.68770751,9.32474474,17
47.70396698,8.80561615,17
47.70380960,8.81893695,17
47.70365070,8.83225767,17
47.70349027,8.84557831,17
47.70332832,8.85889888,17
47.70316483,8.87221936,17
47.70299982,8.88553978,17
47.70283329,8.89886011,17
47.70266523,8.91218036,17
47.70249564,8.92550053,17
47.70232453,8.93882062,17
47.70215189,8.95214063,17
47.70197772,8.96546056,17
47.70180203,8.97878040,17
47.70162481,8.99210016,17
47.70144606,9.00541983,17
47.70126579,9.01873942,17
47.70108399,9.03205892,17
47.70090066,9.04537834,17
47.70071581,9.05869767,17
47.70052943,9.07201691,17
47.70034153,9.08533606,17
47.70015209,9.09865512,17
47.69996114,9.11197409,17
47.69976865,9.12529297,17
47.69957464,9.13861175,17
47.69937910,9.15193045,17
47.69918204,9.16524905,17
47.69898345,9.17856755,17
47.69878333,9.19188597,17
47.69858169,9.20520428,17
47.69837852,9.21852250,17
47.69817382,9.23184062,17
47.69796760,9.24515865,17
47.69775985,9.25847657,17
47.71248205,8.84581700,17
47.71232006,8.85913983,17
47.71215656,8.87246257,17
47.71199152,8.88578525,17
47.71182496,8.89910784,17
47.71165687,8.91243035,17
47.71148725,8.92575278,17
47.71131611,8.93907513,17
47.71114344,8.95239740,17
47.71096925,8.96571959,17
47.71079353,8.97904169,17
47.71061628,8.99236371,17
47.71043750,9.00568564,17
47.71025720,9.01900749,17
47.71007537,9.03232926,17
47.70989202,9.04565093,17
47.70970713,9.05897252,17
47.70952072,9.07229402,17
47.70933279,9.08561543,17
47.70914333,9.09893675,17
47.70895234,9.11225798,17
47.70875982,9.12557912,17
47.70856578,9.13890017,17
47.70837021,9.15222112,17
47.70817311,9.16554198,17
47.70797449,9.17886275,17
47.70777434,9.19218342,17
47.70757267,9.20550400,17
47.72047883,8.92600511,17
47.72030766,8.93932972,17
47.72013497,8.95265425,17
47.71996074,8.96597870,17
47.71978499,8.97930307,17
47.71960772,8.99262735,17
47.71942891,9.00595154,17
47.71924858,9.01927565,17
47.71906672,9.03259968,17
47.71888334,9.04592361,17
47.71869842,9.05924746,17
47.71851198,9.07257122,17
47.71832402,9.08589489,17
47.71813452,9.09921848,17
47.71794350,9.11254197,17
47.71775096,9.12586537,17
47.71755688,9.13918868,17
47.71736128,9.15251189,17
47.71716415,9.16583501,17
47.72877643,8.97956453,17
47.72859912,8.99289107,17
47.72842029,9.00621753,17
47.72823992,9.01954390,17
47.72805804,9.03287018,17
47.72787462,9.04619638,17
47.72768968,9.05952249,17
47.72750321,9.07284852,17
47.72731521,9.08617445,17
47.72712569,9.09950029,17
47.72693464,9.11282605,17
47.72674206,9.12615171,17
47.72654795,9.13947728,17
