45.816488438890,6.623012972402,18
45.816581165630,6.635876757491,18
45.816672418177,6.648740587924,18
45.816762196530,6.661604462975,18
45.816850500691,6.674468381916,18
45.816937330659,6.687332344021,18
45.817022686434,6.700196348563,18
45.818667885822,7.858039283457,18
45.818619090033,7.870904107970,18
45.818568820052,7.883768908067,18
45.818517075878,7.896633683022,18
45.818463857510,7.909498432107,18
45.825388851076,6.610013500430,18
45.825483067877,6.622879347103,18
45.825575810237,6.635745239847,18
45.825667078155,6.648611177935,18
45.825756871633,6.661477160640,18
45.825845190668,6.674343187235,18
45.827710211511,7.845241037139,18
45.827662881944,7.858107992996,18
45.827614077936,7.870974925163,18
45.827563799487,7.883841832915,18
45.827512046596,7.896708715524,18
45.827458819264,7.909575572263,18
45.834383479269,6.609877720751,18
45.834477711939,6.622745675804,18
45.834570469919,6.635613676928,18
45.834661753210,6.648481723396,18
45.836705230681,7.845307661950,18
45.836609080914,7.871045766735,18
45.836558793997,7.883914782867,18
45.836507032389,7.896783773856,18
45.836453796093,7.909652738975,18
45.836399085106,7.922521677499,18
45.836342899430,7.935390588700,18
45.843378122305,6.609741894346,18
45.843472370844,6.622611958505,18
45.843565144444,6.635482068734,18
45.845553803349,7.883987757923,18
45.845502033025,7.896858858017,18
45.845448787764,7.909729932243,18
45.845394067564,7.922600979872,18
45.845337872426,7.935472000179,18
45.852081135612,6.570989782937,18
45.852179825578,6.583861814354,18
45.852277040357,6.596733894023,18
45.852372779950,6.609606021216,18
45.852467044357,6.622478195206,18
45.852559833577,6.635350415266,18
45.852651147611,6.648222680671,18
45.854548827311,7.884060758083,18
45.854497048270,7.896933968009,18
45.854443794044,7.909807152066,18
45.854389064631,7.922680309526,18
45.854332860031,7.935553439664,18
45.861075758537,6.570847531410,18
45.861174465116,6.583721673384,18
45.861271696261,6.596595863610,18
45.861367451971,6.609470101359,18
45.861461732246,6.622344385906,18
45.861554537086,6.635218716523,18
45.863438814699,7.909884398444,18
45.863384076073,7.922759666461,18
45.863327862012,7.935634907156,18
45.863270172517,7.948510119801,18
45.863211007587,7.961385303670,18
45.869970196728,6.557829026701,18
45.870070395604,6.570705230980,18
45.870169118797,6.583581484237,18
45.870266366306,6.596457785745,18
45.870362138133,6.609334134777,18
45.870456434277,6.622210530606,18
45.872433849497,7.909961671377,18
45.872379101658,7.922839050677,18
45.872322878135,7.935716402654,18
45.872265178930,7.948593726582,18
45.872206004042,7.961471021733,18
45.878964830842,6.557684565361,18
45.879065046580,6.570562881649,18
45.879163786386,6.583441246914,18
45.879261050261,6.596319660429,18
45.879356838205,6.609198121469,18
45.881428898203,7.910038970866,18
45.881374141151,7.922918462173,18
45.881317908167,7.935797926158,18
45.881260199252,7.948677362094,18
45.881201014406,7.961556769254,18
45.887959478632,6.557540054394,18
45.888059711232,6.570420483415,18
45.888158467651,6.583300961413,18
45.888255747891,6.596181487662,18
45.890312951875,7.935879477669,18
45.890255233250,7.948761026338,18
45.890196038445,7.961642546231,18
45.890135367461,7.974524036622,18
45.890073220297,7.987405496783,18
45.890009596953,8.000286925988,18
45.889944497430,8.013168323510,18
45.889877921727,8.026049688623,18
45.896954139864,6.557395493798,18
45.897054389325,6.570278036278,18
45.897153162358,6.583160627735,18
45.897250458964,6.596043267443,18
45.899308009024,7.935961057187,18
45.899250280690,7.948844719315,18
45.899191075927,7.961728352667,18
45.899130394736,7.974611956516,18
45.899068237117,7.987495530136,18
45.899004603070,8.000379072800,18
45.898939492596,8.013262583782,18
45.898872905693,8.026146062354,18
45.898804842362,8.039029507790,18
45.905948814305,6.557250883574,18
45.906049080628,6.570135540239,18
45.906147870275,6.583020245881,18
45.906245183245,6.595904999773,18
45.908245341338,7.948928441023,18
45.907999622397,8.000471251247,18
45.907934500970,8.013356876413,18
45.907867902868,8.026242469169,18
45.907799828089,8.039128028790,18
45.914738504577,6.531332830412,18
45.914841741612,6.544219501852,18
45.914943501721,6.557106223723,18
45.915043784906,6.569992995297,18
45.915142591166,6.582879815849,18
45.915239920502,6.595766684652,18
45.916994654698,8.000563461328,18
45.916929522320,8.013451201404,18
45.916862913018,8.026338909070,18
45.916794826791,8.039226583601,18
45.923628438702,6.518295153743,18
45.923733170267,6.531183889661,18
45.923836424660,6.544072676737,18
45.923938201880,6.556961514243,18
45.924038501927,6.569850401453,18
45.924137324800,6.582739337641,18
45.925989699742,8.000655703043,18
45.925924556413,8.013545558754,18
45.925857935911,8.026435382057,18
45.925789838235,8.039325172223,18
45.925720263387,8.052214928527,18
45.925649211366,8.065104650241,18
45.932623099294,6.518144045551,18
45.932727848466,6.531034897831,18
45.932831120217,6.543925801268,18
45.932932914547,6.556816755136,18
45.933033231456,6.569707758707,18
45.934984757295,8.000747976392,18
45.934919603014,8.013639948465,18
45.934852971312,8.026531888129,18
45.934784862189,8.039423794656,18
45.934715275644,8.052315667321,18
45.934644211678,8.065207505397,18
45.934571670290,8.078099308156,18
45.941617772161,6.517992885555,18
45.941722538941,6.530885854922,18
45.941825828050,6.543778875446,18
45.941927639490,6.556671946400,18
45.943779898417,8.039522450900,18
45.943710300176,8.052416440652,18
45.943639224265,8.065310395814,18
45.943566670685,8.078204315660,18
45.950506194767,6.504946638460,18
45.950612457071,6.517841673755,18
45.950717241457,6.530736760934,18
45.950820547925,6.543631899270,18
45.950922376476,6.556527088036,18
45.952774946689,8.039621140955,18
45.952705336751,8.052517248519,18
45.952634248895,8.065413321494,18
45.952561683121,8.078309359152,18
45.959393115304,6.491896155095,18
45.959500873630,6.504793256317,18
45.959607153790,6.517690410150,18
45.959711955783,6.530587615866,18
45.959815279609,6.543484872740,18
45.961770006768,8.039719864820,18
45.961700385134,8.052618090922,18
45.961629285334,8.065516282435,18
45.961556707367,8.078414438632,18
45.961482651233,8.091312558785,18
45.961407116934,8.104210642170,18
45.968387787640,6.491740601158,18
45.968495564069,6.504639821644,18
45.968601862084,6.517539094740,18
45.968706681684,6.530438419720,18
45.968810022869,6.543337795857,18
45.970765078424,8.039818622497,18
45.970695445093,8.052718967862,18
45.970624333348,8.065619278638,18
45.970551743188,8.078519554098,18
45.970477674613,8.091419793516,18
45.970402127623,8.104319996164,18
45.977382471318,6.491584993966,18
45.977490265850,6.504486334440,18
45.977596581720,6.517387727525,18
45.979619392704,8.065722310104,18
45.979546790351,8.078624705553,18
45.979472709335,8.091527064959,18
45.986377166104,6.491429333517,18
45.986484978741,6.504332794706,18
45.986591312465,6.517236308506,18
45.986696167279,6.530139874189,18
45.988614463169,8.065825376831,18
45.988541848623,8.078729892995,18
45.988467755165,8.091634373116,18
45.995371871767,6.491273619813,18
45.995479702506,6.504179202442,18
45.995586054086,6.517084837682,18
45.995690926507,6.529990524806,18
45.997680692090,8.053021805901,18
45.997609544510,8.065928478821,18
45.997536917771,8.078835116424,18
45.997462811871,8.091741717985,18
45.997387226812,8.104648282777,18
46.004257259820,6.478210201396,18
46.004366588071,6.491117852853,18
46.004474436914,6.504025557648,18
46.004580806349,6.516933315053,18
46.004685696377,6.529841124343,18
46.006604636493,8.066031616072,18
46.006531997561,8.078940375841,18
46.006457879220,8.091849099568,18
46.006382281471,8.104757786525,18
46.006305204314,8.117666435987,18
46.013251968181,6.478052258289,18
46.013361314784,6.490962032637,18
46.013469181731,6.503871860323,18
46.013575569021,6.516781740620,18
46.015527087759,8.079045671246,18
46.015452956977,8.091956517864,18
46.015377346538,8.104867327712,18
46.022246686718,6.477894261201,18
46.022356051673,6.490806159166,18
46.022463936723,6.503718110469,18
46.022570341869,6.516630114382,18
46.024522188134,8.079151002638,18
46.024448044910,8.092063972873,18
46.024372421781,8.104976906338,18
46.024295318748,8.117889802308,18
46.031241415198,6.477736210131,18
46.031350798504,6.490650232439,18
46.031458701658,6.503564308084,18
46.031565124659,6.516478436339,18
46.033517298450,8.079256370018,18
46.033443142785,8.092171464595,18
46.033367506967,8.105086522403,18
46.033290390995,8.118001542714,18
46.040236153386,6.477578105080,18
46.040345555044,6.490494252456,18
46.040453476301,6.503410453169,18
46.040559917157,6.516326706492,18
46.042512418476,8.079361773385,18
46.042438250369,8.092278993030,18
46.042362601861,8.105196175906,18
46.042285472951,8.118113321285,18
46.042206863641,8.131030428442,18
46.042126773928,8.143947496650,18
46.049007619080,6.451583562628,18
46.049120000389,6.464501726943,18
46.049230901049,6.477419946048,18
46.049340321060,6.490338219217,18
46.049448260420,6.503256545723,18
46.049554719131,6.516174924840,18
46.051357706231,8.105305866847,18
46.051280564383,8.118225138020,18
46.051201941886,8.131144370971,18
46.058002338537,6.451421096577,18
46.058114738695,6.464341387410,18
46.058225657955,6.477261733034,18
46.058335096317,6.490182132722,18
46.060352819842,8.105415595228,18
46.060275665057,8.118336992920,18
46.060197029373,8.131258352389,18
46.060116912791,8.144179672909,18
46.060035315311,8.157100953753,18
46.066883166850,6.438336212532,18
46.066997067003,6.451258575093,18
46.067109486010,6.464180993171,18
46.067220423870,6.477103466039,18
46.067329880584,6.490025992972,18
46.069347942463,8.105525361047,18
46.069270774739,8.118448885983,18
46.069192125869,8.131372372697,18
46.069111995852,8.144295820462,18
46.069030384689,8.157219228551,18
46.068947292380,8.170142596237,18
46.075991804245,6.451095998176,18
46.076104242100,6.464020544224,18
46.076215198560,6.476945145063,18
46.078187231141,8.131486431895,18
46.078107087689,8.144412007630,18
46.078025462843,8.157337543689,18
46.077942356602,8.170263039345,18
46.077857768967,8.183188493872,18
46.084986550029,6.450933365827,18
46.085099006732,6.463860040571,18
46.085209981793,6.476786770105,18
46.085319475211,6.489713553704,18
46.087182344955,8.131600529983,18
46.087102188068,8.144528234413,18
46.087020549539,8.157455899168,18
46.086937429367,8.170383523520,18
46.093981304121,6.450770678046,18
46.094093779674,6.463699482211,18
46.094204773334,6.476628341166,18
46.094314285104,6.489557254186,18
46.096177467077,8.131714666961,18
46.096097296756,8.144644500812,18
46.096015644544,8.157574294988,18
46.095932510440,8.170504048761,18
46.095847894445,8.183433761404,18
46.102976066290,6.450607934832,18
46.103088560690,6.463538869144,18
46.103199572951,6.476469858246,18
46.103309103073,6.489400901413,18
46.105172597276,8.131828842828,18
46.105092413520,8.144760806826,18
46.105010747624,8.157692731149,18
46.104927599589,8.170624615068,18
46.111856840663,6.437512126519,18
46.111970836300,6.450445136186,18
46.112083349550,6.463378201370,18
46.112194380411,6.476311321345,18
46.112303928884,6.489244495383,18
46.114246450119,8.119008923765,18
46.114167735316,8.131943057585,18
46.114087538126,8.144877152456,18
46.114005858547,8.157811207650,18
46.113922696580,8.170745222442,18
46.113838052225,8.183679196105,18
46.120736101815,6.424412055822,18
46.120851599186,6.437347140843,18
46.120965613920,6.450282282107,18
46.121078146018,6.463217478889,18
46.121189195479,6.476152730462,18
46.123162880966,8.132057311232,18
46.123082670340,8.144993537700,18
46.123000977078,8.157929724493,18
46.122917801180,8.170865870883,18
46.122833142645,8.183801976144,18
46.122747001474,8.196738039548,18
46.129730848368,6.424244881664,18
46.129846365084,6.437182099008,18
46.129960398915,6.450119372596,18
46.130072949861,6.463056701701,18
46.130184017923,6.475994085597,18
46.131996102985,8.158048281676,18
46.131912913155,8.170986560390,18
46.131828240441,8.183924797974,18
46.138841138124,6.437017001015,18
46.138955191052,6.449956407652,18
46.139067760847,6.462895869807,18
46.139178847508,6.475835386752,18
46.141072956663,8.145226427036,18
46.140991236034,8.158166879201,18
46.140908032273,8.171107290963,18
46.147720362668,6.423910362697,18
46.147835918074,6.436851846865,18
46.147949990098,6.449793387276,18
46.148062578741,6.462734983205,18
46.148173684003,6.475676633925,18
46.150068110304,8.145342931127,18
46.149986375993,8.158285517066,18
46.149903158300,8.171228062603,18
46.149818457226,8.184170567011,18
46.156715129948,6.423743017888,18
46.156830704699,6.436686636556,18
46.156944795820,6.449630311468,18
46.157057403312,6.462574041897,18
46.158981522626,8.158404195272,18
46.158898291002,8.171348875309,18
46.158813575748,8.184293514217,18
46.165592825695,6.410629919273,18
46.165709903669,6.423575616196,18
46.165825497766,6.436521370090,18
46.165939607984,6.449467180227,18
46.166052234324,6.462413045882,18
46.167976675702,8.158522913819,18
46.167893430146,8.171469729082,18
46.167808700713,8.184416503216,18
46.167722487401,8.197363235493,18
46.174704683600,6.423408157620,18
46.174820297042,6.436356047465,18
46.174934426357,6.449303993554,18
46.175047071545,6.462251995159,18
46.176888575500,8.171590623921,18
46.176803831886,8.184539534006,18
46.176717604146,8.197488402235,18
46.176629892280,8.210437227880,18
46.183699469507,6.423240642161,18
46.183815102293,6.436190668682,18
46.183929250705,6.449140751448,18
46.184041914742,6.462090889730,18
46.185798969035,8.184662606588,18
46.185712726867,8.197613611494,18
46.185625000324,8.210564573816,18
46.185535789407,8.223515492830,18
46.192577124400,6.410120962865,18
46.192694261155,6.423073069818,18
46.192809913287,6.436025233742,18
46.192924080796,6.448977453909,18
46.194794111926,8.184785720963,18
46.194707855330,8.197738863270,18
46.194620114111,8.210691962995,18
46.194530888268,8.223645019411,18
46.201571901964,6.409951195511,18
46.201689058313,6.422905440592,18
46.201804729789,6.435859742643,18
46.201918916395,6.448814100939,18
46.203789260326,8.184908877129,18
46.203702989302,8.197864157565,18
46.203615233406,8.210819395418,18
46.203525992639,8.223774589961,18
46.203435267001,8.236729740469,18
46.210566684804,6.409781370547,18
46.210683860746,6.422737754481,18
46.210799551568,6.435694195387,18
46.210913757270,6.448650692536,18
46.212784414002,8.185032075088,18
46.212698128550,8.197989494377,18
46.212610357977,8.210946871083,18
46.212521102285,8.223904204480,18
46.219561472686,6.409611487974,18
46.219678668221,6.422570011488,18
46.219794378388,6.435528591972,18
46.219908603187,6.448487228700,18
46.221779572720,8.185155314838,18
46.221693272839,8.198114873706,18
46.221605487590,8.211074389991,18
46.221516216974,8.224033862967,18
46.221425460989,8.236993291907,18
46.228556265376,6.409441547793,18
46.228673480505,6.422402211611,18
46.228789210017,6.435362932399,18
46.228903453913,6.448323709432,18
46.230774736247,8.185278596380,18
46.230688421938,8.198240295553,18
46.230600622013,8.211201952143,18
46.230511336471,8.224163565423,18
46.237551062642,6.409271550002,18
46.237668297365,6.422234354850,18
46.237784046222,6.435197216669,18
46.237898309215,6.448160134731,18
46.239854747222,8.172438037656,18
46.239769904349,8.185401919715,18
46.239683575612,8.198365759917,18
46.239595761010,8.211329557537,18
46.246545864251,6.409101494602,18
46.246663118567,6.422066441206,18
46.246778886769,6.435031444780,18
46.246893168859,6.447996504598,18
46.248849933846,8.172559261027,18
46.248765076794,8.185525284841,18
46.248678733629,8.198491266799,18
46.248590904350,8.211457206175,18
46.255540669968,6.408931381593,18
46.255657943877,6.421898470678,18
46.255773731425,6.434865616734,18
46.255888032612,6.447832819033,18
46.257760253347,8.185648691760,18
46.257673895754,8.198616816199,18
46.257586051799,8.211584898056,18
46.264535479561,6.408761210975,18
46.264652773064,6.421730443267,18
46.264768579957,6.434699732529,18
46.264882900240,6.447669078035,18
46.266755433776,8.185772140470,18
46.266669061755,8.198742408116,18
46.266581203123,8.211712633180,18
46.266491857882,8.224682814934,18
46.266401026032,8.237652952653,18
46.273647605892,6.421562358972,18
46.273763432131,6.434533792166,18
46.273877771511,6.447505281605,18
46.273990624033,6.460476826561,18
46.275750617848,8.185895630972,18
46.275664231398,8.198868042551,18
46.275576358090,8.211840411547,18
46.275486997924,8.224812737234,18
46.282642442130,6.421394217793,18
46.282758287713,6.434367795646,18
46.282872646190,6.447341429742,18
46.282985517561,6.460315119356,18
46.284745805328,8.186019163267,18
46.284659404450,8.198993719503,18
46.284571516465,8.211968233157,18
46.284482141375,8.224942703502,18
46.291753146471,6.434201742967,18
46.291867524045,6.447177522447,18
46.291980414264,6.460153357445,18
46.292091817129,6.473129247233,18
46.293740995983,8.186142737353,18
46.293654580677,8.199119438973,18
46.293566678016,8.212096098011,18
46.293477288001,8.225072713739,18
46.293386410631,8.238049285431,18
46.300748008172,6.434035634131,18
46.300862404842,6.447013559720,18
46.300975313910,6.459991540826,18
46.301086735375,6.472969576723,18
46.302736189581,8.186266353232,18
46.302649759847,8.199245200961,18
46.302561842510,8.212224006107,18
46.302472437569,8.225202767944,18
46.309857288349,6.446849541560,18
46.309970216265,6.459829669500,18
46.310081656330,6.472809852232,18
46.310191608543,6.485790089028,18
46.311731385888,8.186390010902,18
46.311644941726,8.199371005466,18
46.311557009712,8.212351957446,18
46.318852174330,6.446685467967,18
46.318965121095,6.459667743468,18
46.319076579760,6.472650073760,18
46.319186550325,6.485632458115,18
46.320726584670,8.186513710364,18
46.320640126080,8.199496852488,18
46.320552179389,8.212479952029,18
46.320462744600,8.225463008261,18
46.327847062554,6.446521338942,18
46.327960028167,6.459505762729,18
46.328071505433,6.472490241306,18
46.328181494350,6.485474773948,18
46.328289994919,6.498459359926,18
46.329721785695,8.186637451619,18
46.329635312676,8.199622742028,18
46.329547351309,8.212607989855,18
46.329457901595,8.225593194372,18
46.336954937249,6.459343727283,18
46.337066433114,6.472330354871,18
46.337176440383,6.485317036524,18
46.337284959056,6.498303771514,18
46.338801987579,8.173773753389,18
46.338716988728,8.186761234665,18
46.338630501281,8.199748674086,18
46.338542525238,8.212736070924,18
46.338453060599,8.225723424452,18
46.345949848106,6.459181637130,18
46.346061362571,6.472170414455,18
46.346171388192,6.485159245844,18
46.346279924968,6.498148130571,18
46.347797206568,8.173895428490,18
46.347712193537,8.186885059504,18
46.347625691662,8.199874648661,18
46.347537700943,8.212864195236,18
46.347448221378,8.225853698501,18
46.355056293570,6.472010420057,18
46.355166337543,6.485001401909,18
46.355274892423,6.497992437098,18
46.355381958209,6.510983524898,18
46.356707399889,8.187008926134,18
46.356620883585,8.200000665754,18
46.356532878189,8.212992362791,18
46.364051225878,6.471850371678,18
46.364161288203,6.484843504718,18
46.364269861186,6.497836691095,18
46.364376944828,6.510829930083,18
46.365702607549,8.187132834556,18
46.365616076817,8.200126725364,18
46.365528056745,8.213120573589,18
46.365438547330,8.226114378504,18
46.373046159262,6.471690269318,18
46.373156239939,6.484685554271,18
46.373264831025,6.497680892562,18
46.373371932522,6.510676283463,18
46.374611271125,8.200252827492,18
46.374523236376,8.213248827630,18
46.374433712037,8.226244784459,18
46.382041093488,6.471530112977,18
46.382151192516,6.484527550569,18
46.382259801706,6.497525041498,18
46.383693025862,8.187380776777,18
46.383606466275,8.200378972137,18
46.383518416849,8.213377124915,18
46.383428877585,8.226375234383,18
46.383337848483,8.239373299815,18
46.391036028323,6.471369902654,18
46.391146145703,6.484369493610,18
46.391254772997,6.497369137904,18
46.391361910204,6.510368834809,18
46.392856913822,8.161503988285,18
46.392773319979,8.174504419995,18
46.392688236049,8.187504810576,18
46.392601662033,8.200505159300,18
46.392513597931,8.213505465442,18
46.400030963533,6.471209638349,18
46.400141099265,6.484211383396,18
46.400249744662,6.497213181780,18
46.400356899725,6.510215032775,18
46.401852152496,8.161623755695,18
46.401768544721,8.174626341495,18
46.401683446612,8.187628886166,18
46.401596858167,8.200631388981,18
46.401508779389,8.213633849213,18
46.409025898886,6.471049320064,18
46.409136052969,6.484053219926,18
46.409244716470,6.497057173126,18
46.409351889388,6.510061178936,18
46.409457571723,6.523065236631,18
46.410847391312,8.161743563446,18
46.410763769605,8.174748304062,18
46.410678657316,8.187753003548,18
46.410592054444,8.200757661179,18
46.418020834147,6.470888947797,18
46.418131006583,6.483895003200,18
46.418239688187,6.496901111941,18
46.418346878960,6.509907273293,18
46.418452578901,6.522913486529,18
46.419924774843,8.148856474979,18
46.419842630037,8.161863411538,18
46.419758994399,8.174870307695,18
46.419673867930,8.187877162723,18
46.419587250629,8.200883975894,18
46.427125959872,6.483736733219,18
46.427234659579,6.496744998227,18
46.427341868207,6.509753315845,18
46.428920026927,8.148974207145,18
46.428837868437,8.161983299971,18
46.428754218868,8.174992352395,18
46.428669078219,8.188001363689,18
46.436120912603,6.483578409982,18
46.436229630414,6.496588831982,18
46.436336856897,6.509599306592,18
46.436442592052,6.522609833087,18
46.437995959297,8.136080689431,18
46.437915278452,8.149091978926,18
46.437833106280,8.162103228745,18
46.437749442779,8.175114438161,18
46.445115864543,6.483420033489,18
46.445224600457,6.496432613207,18
46.445331844796,6.509445245535,18
46.445437597558,6.522457929748,18
46.447070426170,8.123182856948,18
46.446991223467,8.136196343110,18
46.446910529187,8.149209790323,18
46.446828343331,8.162223197859,18
46.446744665899,8.175236564993,18
46.454110815458,6.483261603740,18
46.454219569476,6.496276341901,18
46.454326831670,6.509291132673,18
46.454432602039,6.522305975329,18
46.456219658807,8.097264987921,18
46.456143426567,8.110280708245,18
46.456065702501,8.123296391073,18
46.455986486612,8.136312035679,18
46.455905778897,8.149327641335,18
46.455823579358,8.162343207315,18
46.463105765116,6.483103120735,18
46.463214537238,6.496120018066,18
46.463321817286,6.509136968007,18
46.463427605262,6.522153969832,18
46.463531901165,6.535171022814,18
46.465362973150,8.071338373305,18
46.465289712366,8.084356325610,18
46.465214959509,8.097374241873,18
46.465138714578,8.110392121366,18
46.465060977575,8.123409963363,18
46.464981748499,8.136427767137,18
46.472209503508,6.495963641700,18
46.472316801412,6.508982751535,18
46.472422606994,6.522001913255,18
46.472526920255,6.535021126132,18
46.472629741195,6.548040389440,18
46.474285024018,8.084463456380,18
46.474210258719,8.097483532537,18
46.474134001099,8.110503571925,18
46.474056251158,8.123523573816,18
46.481204468053,6.495807212804,18
46.481311783813,6.508828483259,18
46.481417607002,6.521849805599,18
46.481521937622,6.534871179096,18
46.481624775672,6.547892603024,18
46.483495711749,8.045503699457,18
46.483425411717,8.058526042182,18
46.483353619117,8.071548350318,18
46.483280333946,8.084570623138,18
46.483205556206,8.097592859915,18
46.483129285896,8.110615059923,18
46.490306764256,6.508674163179,18
46.490412605052,6.521697646864,18
46.490516953030,6.534721181707,18
46.490619808190,6.547744766980,18
46.490721170532,6.560768401958,18
46.492420743825,8.058628922236,18
46.492348939280,8.071653391718,18
46.492275641916,8.084677825883,18
46.492200851734,8.097702224006,18
46.492124568734,8.110726585359,18
46.499407600911,6.521545437050,18
46.499511966247,6.534571133964,18
46.499614838518,6.547596881309,18
46.499716217722,6.560622678357,18
46.501416073742,8.058731836826,18
46.501344257252,8.071758468379,18
46.501270947695,8.084785064616,18
46.508402594345,6.521393176157,18
46.508506977040,6.534421035868,18
46.508609866421,6.547448946009,18
46.508711262487,6.560476905854,18
46.510339572799,8.071863580302,18
46.510266251049,8.084892339336,18
46.517397585122,6.521240864185,18
46.517501985175,6.534270887418,18
46.517604891666,6.547300961082,18
46.517706304594,6.560331084449,18
46.519477072886,8.045906777155,18
46.519406726069,8.058937769616,18
46.519334885689,8.071968727488,18
46.519261551746,8.084999650043,18
46.526392573007,6.521088501133,18
46.526496990419,6.534120688614,18
46.526599914020,6.547152926526,18
46.526701343810,6.560185214142,18
46.528541271229,8.032974440535,18
46.528472406526,8.046007631107,18
46.528402048013,8.059040787816,18
46.528330195687,8.072073909935,18
46.528256849551,8.085106996739,18
46.535387557768,6.520936087003,18
46.535491992539,6.533970439457,18
46.535594933250,6.547004842342,18
46.535696379901,6.560039294931,18
46.537603995284,8.020037774643,18
46.537536613193,8.033073163324,18
46.537467737042,8.046108518869,18
46.537397366832,8.059143840551,18
46.537325502562,8.072179127645,18
46.544382539171,6.520783621793,18
46.544486991300,6.533820139947,18
46.544589949122,6.546856708531,18
46.544691412635,6.559893326819,18
46.544791381840,6.572929994084,18
46.546792559114,7.981021510129,18
46.546665244072,8.007096778029,18
46.546599345089,8.020134364818,18
46.546531951798,8.033171919198,18
46.546463064200,8.046209440442,18
46.546392682293,8.059246927824,18
46.553377516983,6.520631105505,18
46.553481986471,6.533669790083,18
46.553584961402,6.546708525091,18
46.553686441778,6.559747309804,18
46.553786427596,6.572786143494,18
46.553884918859,6.585825025434,18
46.555725016616,7.994151449243,18
46.555660601238,8.007191234140,18
46.555594691304,8.020230987354,18
46.555527286813,8.033270708158,18
46.555458387766,8.046310395827,18
46.562476977817,6.533519389865,18
46.562579969859,6.546560292024,18
46.562681467096,6.559601243886,18
46.562781469528,6.572642244726,18
46.562879977155,6.585683293817,18
46.562976989978,6.598724390432,18
46.563072507996,6.611765533844,18
46.563166531210,6.624806723326,18
46.564720380661,7.994243769838,18
46.564655954580,8.007285721884,18
46.564590033694,8.020327642249,18
46.564522618004,8.033369530203,18
46.571574974257,6.546412009328,18
46.571676488356,6.559455129066,18
46.571776507402,6.572498297782,18
46.571875031394,6.585541514748,18
46.571972060334,6.598584779239,18
46.572067594221,6.611628090526,18
46.572161633055,6.624671447885,18
46.572254176835,6.637714850587,18
46.573651303864,8.007380241264,18
46.573585372027,8.020424329503,18
46.580967126399,6.598445121320,18
46.581062676154,6.611490601209,18
46.581156730608,6.624536127169,18
46.581249289761,6.637581698472,18
46.582774048530,7.981382184274,18
46.582711096344,7.994428503753,18
46.582646648857,8.007474792277,18
46.582580706068,8.020521049118,18
46.589962187939,6.598305416676,18
46.590057753563,6.611353065891,18
46.590151823637,6.624400761178,18
46.590244398161,6.637448501808,18
46.590335477136,6.650496287056,18
46.591830877248,7.968423909232,18
46.591769410157,7.981472428268,18
46.591706447516,7.994520917074,18
46.591641989325,8.007569374924,18
46.591576035585,8.020617801092,18
46.599052826214,6.611215484573,18
46.599146911908,6.624265349912,18
46.599239501805,6.637315260595,18
46.599330595903,6.650365215895,18
46.600826244323,7.968512013357,18
46.600764767025,7.981562702445,18
46.600701793929,7.994613361303,18
46.600637325036,8.007663989206,18
46.600571360344,8.020714585426,18
46.600503899854,8.033765149237,18
46.608047893874,6.611077857255,18
46.608141995188,6.624129893372,18
46.608234600457,6.637181974832,18
46.608325709678,6.650234100910,18
46.609881597865,7.955547257570,18
46.609821606407,7.968600146939,18
46.609760118903,7.981653006805,18
46.609697135352,7.994705836441,18
46.609632655755,8.007758635122,18
46.617137073244,6.623994391557,18
46.617229693884,6.637048644521,18
46.617320818229,6.650102942102,18
46.617410446280,6.663157283574,18
46.618876964683,7.955633249107,18
46.618816963266,7.968688309979,18
46.618755465556,7.981743341348,18
46.618692471550,7.994798342488,18
46.626132145842,6.623858844467,18
46.626224781854,6.636915269660,18
46.626315921322,6.649971739471,18
46.626405564248,6.663028253172,18
46.626493710631,6.676084810037,18
46.627872326042,7.955719269375,18
46.627812314668,7.968776502476,18
46.627750806751,7.981833706075,18
46.627687802291,7.994890879444,18
46.635127212749,6.623723252103,18
46.635219864132,6.636781850251,18
46.635311018725,6.649840493016,18
46.635400676525,6.662899179671,18
46.635488837535,6.675957909491,18
46.635575501753,6.689016681748,18
46.635660669180,6.702075495715,18
46.636926206252,7.942745883544,18
46.636867681711,7.955805318376,18
46.636807660379,7.968864724431,18
46.636746142255,7.981924100984,18
46.644214940487,6.636648386292,18
46.644306110202,6.649709202737,18
46.644395782878,6.662770063073,18
46.644483958515,6.675830966572,18
46.644570637111,6.688891912509,18
46.644655818668,6.701952900157,18
46.644739503186,6.715013928789,18
46.644821690663,6.728074997678,18
46.644902381102,6.741136106097,18
46.645978602918,7.929768151035,18
46.645921565707,7.942829787596,18
46.645863031456,7.955891396108,18
46.645803000165,7.968952975844,18
46.645741471835,7.982014526077,18
46.645678446465,7.995076046080,18
46.653301195522,6.649577868635,18
46.653390883073,6.662640903376,18
46.653479073337,6.675703981281,18
46.653565766312,6.688767101624,18
46.653650961999,6.701830263677,18
46.653734660398,6.714893466715,18
46.653816861509,6.727956710009,18
46.653897565333,6.741019992835,18
46.653976771868,6.754083314464,18
46.654054481115,6.767146674171,18
46.655029515061,7.916786070399,18
46.654973965676,7.929849908688,18
46.654916919003,7.942913719655,18
46.654858375042,7.955977502572,18
46.654798333793,7.969041256714,18
46.654736795257,7.982104981352,18
46.662560889121,6.688642249092,18
46.662646098938,6.701707586276,18
46.662729811219,6.714772964445,18
46.662812025964,6.727838382871,18
46.662892743173,6.740903840828,18
46.662971962845,6.753969337588,18
46.663049684980,6.767034872426,18
46.664078941702,7.903799640185,18
46.664024880641,7.916865680202,18
46.663969322043,7.929931693622,18
46.663912265908,7.942997679720,18
46.663853712238,7.956063637769,18
46.663793661031,7.969129567041,18
46.671724955416,6.714652421980,18
46.671807183795,6.727720016262,18
46.671887914388,6.740787650076,18
46.671967147197,6.753855322693,18
46.672044882221,6.766923033388,18
46.672121119461,6.779990781433,18
46.672195858916,6.793058566102,18
46.673177956321,7.877740592058,18
46.673126881864,7.890808858944,18
46.673074309623,7.903877100686,18
46.673020239596,7.916945316560,18
46.672964671785,7.930013505837,18
46.672907606189,7.943081667792,18
46.672849042809,7.956149801697,18
46.680883078746,6.740671420579,18
46.680962324692,6.753741269779,18
46.681040072604,6.766811157056,18
46.681116322484,6.779881081684,18
46.681191074331,6.792951042935,18
46.682222919461,7.864743257341,18
46.682173334569,7.877813725225,18
46.682122251643,7.890884168692,18
46.682069670685,7.903954587017,18
46.682015591694,7.917024979473,18
46.681960014670,7.930095345333,18
46.681902939612,7.943165683870,18
46.689878236012,6.740555152338,18
46.689957495095,6.753627178845,18
46.690035255896,6.766699243430,18
46.690111518416,6.779771345366,18
46.690186282655,6.792843483926,18
46.690259548612,6.805915658382,18
46.690331316288,6.818987868010,18
46.691266393668,7.851741568697,18
46.691218298837,7.864814237578,18
46.691168705725,7.877886882770,18
46.691117614331,7.890959503545,18
46.691065024657,7.904032099178,18
46.691010936700,7.917104668942,18
46.699030431864,6.766587292511,18
46.699106707024,6.779661572480,18
46.699181483654,6.792735889073,18
46.699254761755,6.805810241564,18
46.699326541326,6.818884629225,18
46.699396822367,6.831959051330,18
46.699465604879,6.845033507152,18
46.700308377963,7.838735524677,18
46.700261773691,7.851810394554,18
46.700213670889,7.864885241468,18
46.700164069557,7.877960064693,18
46.700112969695,7.891034863502,18
46.700060371304,7.904109637169,18
46.708025600273,6.766475304299,18
46.708101888074,6.779551763027,18
46.708176677096,6.792628258379,18
46.708249967340,6.805704789628,18
46.708321758806,6.818781356048,18
46.708392051494,6.831857956912,18
46.708460845405,6.844934591494,18
46.708528140537,6.858011259066,18
46.708593936891,6.871087958902,18
46.709303758152,7.838802194702,18
46.709257146156,7.851879243338,18
46.709209035382,7.864956269012,18
46.709159425830,7.878033270996,18
46.709108317501,7.891110248564,18
46.717171862746,6.792520591842,18
46.717245165134,6.805599302576,18
46.717316968496,6.818678048480,18
46.717387272831,6.831756828829,18
46.717456078139,6.844835642895,18
46.717523384422,6.857914489951,18
46.717589191678,6.870993369272,18
46.717653499907,6.884072280130,18
46.718387872908,7.812710364707,18
46.718344251242,7.825789636573,18
46.718299130549,7.838868886930,18
46.718252510830,7.851948115050,18
46.718204392085,7.865027320208,18
46.726312170160,6.818574706521,18
46.726382486142,6.831655667080,18
46.726451302849,6.844736661356,18
46.726518620282,6.857817688622,18
46.726584438440,6.870898748153,18
46.726648757323,6.883979839221,18
46.726711576932,6.897060961100,18
46.727466011944,7.786609752943,18
46.727425381600,7.799691245858,18
46.727383251982,7.812772718716,18
46.727339623089,7.825854170792,18
46.727294494922,7.838935601359,18
46.727247867480,7.852017009690,18
46.727199740763,7.865098395058,18
46.735513847885,6.857720855079,18
46.735579676944,6.870804095545,18
46.735644006481,6.883887367549,18
46.735706836495,6.896970670363,18
46.735768166985,6.910054003262,18
46.736500534019,7.773584072652,18
46.736461396468,7.786667765832,18
46.736420759395,7.799751439682,18
46.736378622799,7.812835093476,18
46.736334986679,7.825918726488,18
46.736289851037,7.839002337991,18
46.736243215872,7.852085927257,18
46.736195081183,7.865169493561,18
46.744509066996,6.857623989321,18
46.744574906958,6.870709411448,18
46.744639247148,6.883794865113,18
46.744702087567,6.896880349589,18
46.744763428214,6.909965864148,18
46.744823269090,6.923051408065,18
46.744881610195,6.936136980613,18
46.745533560794,7.760554029736,18
46.745495916533,7.773639923179,18
46.745456772502,7.786725798020,18
46.745416128698,7.799811653532,18
46.745373985124,7.812897488987,18
46.745330341778,7.825983303660,18
46.745285198661,7.839069096824,18
46.745238555773,7.852154867752,18
46.753570128246,6.870614695862,18
46.753634479090,6.883702331914,18
46.753697329914,6.896789998776,18
46.753758680719,6.909877695722,18
46.753818531503,6.922965422026,18
46.753876882268,6.936053176961,18
46.753933733014,6.949140959799,18
46.753989083739,6.962228769815,18
46.754599741746,7.734431511888,18
46.754565091291,7.747519622744,18
46.754528940817,7.760607716450,18
46.754491290324,7.773695792281,18
46.754452139810,7.786783849508,18
46.754411489277,7.799871887407,18
46.754369338725,7.812959905249,18
46.754325688153,7.826047902309,18
46.762629702075,6.883609767951,18
46.762692563304,6.896699617926,18
46.762753924265,6.909789497984,18
46.762813784958,6.922879407400,18
46.762872145384,6.935969345447,18
46.762929005541,6.949059311398,18
46.762984365430,6.962149304526,18
46.763038225051,6.975239324104,18
46.763090584404,6.988329369407,18
46.763628280456,7.721390539836,18
46.763595124533,7.734480850227,18
46.763560468342,7.747571144195,18
46.763524311883,7.760661421014,18
46.763486655156,7.773751679956,18
46.763447498162,7.786841920297,18
46.763406840899,7.799932141307,18
46.771749158621,6.909701270934,18
46.771809029222,6.922793364187,18
46.771867399308,6.935885486072,18
46.771924268877,6.948977635861,18
46.771979637929,6.962069812827,18
46.772033506466,6.975162016243,18
46.772085874486,6.988254245384,18
46.772136741990,7.001346499522,18
46.772186108977,7.014438777930,18
46.772233975448,7.027531079883,18
46.772741300020,7.669067584127,18
46.772714140675,7.682160136780,18
46.772685480813,7.695252675916,18
46.772655320434,7.708345200810,18
46.772623659540,7.721437710735,18
46.772590498129,7.734530204963,18
46.772555836201,7.747622682769,18
46.772519673758,7.760715143426,18
46.772482010798,7.773807586206,18
46.772442847322,7.786900010384,18
46.780804264062,6.922707292388,18
46.780862643807,6.935801598836,18
46.780919522788,6.948895933188,18
46.780974901004,6.961990294717,18
46.781028778456,6.975084682697,18
46.781081155143,6.988179096401,18
46.781132031065,7.001273535103,18
46.781181406223,7.014367998075,18
46.781229280615,7.027462484591,18
46.781275654244,7.040556993924,18
46.781953249491,7.498873549312,18
46.781945595591,7.511968396110,18
46.781936440926,7.525063238838,18
46.781809176083,7.629821746966,18
46.781786514536,7.642916520370,18
46.781762352225,7.656011282438,18
46.781736689149,7.669106032444,18
46.781709525309,7.682200769660,18
46.781680860704,7.695295493360,18
46.781650695334,7.708390202817,18
46.781619029199,7.721484897305,18
46.781585862300,7.734579576097,18
46.781551194636,7.747674238467,18
46.781515026208,7.760768883687,18
46.789914767042,6.948814203379,18
46.789970154422,6.961910750198,18
46.790024040788,6.975007323467,18
46.790076426142,6.988103922460,18
46.790127310483,7.001200546450,18
46.790176693810,7.014297194711,18
46.790224576125,7.027393866516,18
46.790270957427,7.040490561139,18
46.790315837716,7.053587277852,18
46.790959472090,7.472689528168,18
46.790954818950,7.485786566213,18
46.790948664796,7.498883601642,18
46.790941009630,7.511980633728,18
46.790931853451,7.525077661745,18
46.790921196258,7.538174684966,18
46.790909038053,7.551271702665,18
46.790880218604,7.577465718587,18
46.790845395102,7.603659703698,18
46.790825731832,7.616756682883,18
46.790804567548,7.629853652186,18
46.790781902252,7.642950610879,18
46.790757735943,7.656047558236,18
46.790732068620,7.669144493530,18
46.790704900285,7.682241416035,18
46.790676230937,7.695338325024,18
46.790646060576,7.708435219770,18
46.790614389201,7.721532099548,18
46.790581216814,7.734628963629,18
46.790546543414,7.747725811287,18
46.799019293230,6.974929938551,18
46.799071687250,6.988028723559,18
46.799122580009,7.001127533564,18
46.799171971507,7.014226367840,18
46.799219861744,7.027325225659,18
46.799266250719,7.040424106296,18
46.799311138433,7.053523009024,18
46.799354524885,7.066621933115,18
46.799958031941,7.459595985857,18
46.799954879293,7.472695211806,18
46.799950225382,7.485794435865,18
46.799944070211,7.498893657309,18
46.799936413778,7.511992875410,18
46.799927256084,7.525092089441,18
46.799916597129,7.538191298677,18
46.799904436912,7.551290502390,18
46.799890775434,7.564389699853,18
46.799875612694,7.577488890341,18
46.799858948693,7.590588073126,18
46.799840783431,7.603687247482,18
46.799821116908,7.616786412681,18
46.799799949123,7.629885567998,18
46.799777280077,7.642984712706,18
46.799753109769,7.656083846077,18
46.799727438201,7.669182967386,18
46.799700265370,7.682282075906,18
46.799671591279,7.695381170909,18
46.799641415926,7.708480251670,18
46.799609739312,7.721579317462,18
46.799576561437,7.734678367558,18
46.808215137238,7.027256562020,18
46.808261533887,7.040357629397,18
46.808306429026,7.053458718864,18
46.808349822655,7.066559829696,18
46.808391714775,7.079660961165,18
46.808432105385,7.092762112545,18
46.808933459463,7.367889603956,18
46.808955081202,7.446498070789,18
46.808953429541,7.459599484641,18
46.808950276371,7.472700897330,18
46.808945621691,7.485802308130,18
46.808939465501,7.498903716313,18
46.808931807802,7.512005121154,18
46.808922648593,7.525106521926,18
46.808911987874,7.538207917902,18
46.808899825646,7.551309308355,18
46.808886161908,7.564410692558,18
46.808870996660,7.577512069786,18
46.808854329903,7.590613439311,18
46.808836161636,7.603714800407,18
46.808816491859,7.616816152347,18
46.808795320573,7.629917494404,18
46.808772647777,7.643018825851,18
46.808748473472,7.656120145963,18
46.808722797656,7.669221454012,18
46.817256806697,7.040291130440,18
46.817301709261,7.053394407374,18
46.817345110067,7.066497705671,18
46.817387009115,7.079601024606,18
46.817427406405,7.092704363451,18
46.817466301938,7.105807721481,18
46.817503695712,7.118911097967,18
46.817772660570,7.236842197028,18
46.817795036764,7.249945718121,18
46.817815911200,7.263049249678,18
46.817897757011,7.328567038992,18
46.817909620899,7.341670618073,18
46.817919983029,7.354774202532,18
46.817928843402,7.367877791642,18
46.817936202016,7.380981384675,18
46.817942058872,7.394084980906,18
46.817946413970,7.407188579607,18
46.817949267310,7.420292180052,18
46.817950618893,7.433395781515,18
46.817950468717,7.446499383268,18
46.817948816783,7.459602984586,18
46.817945663091,7.472706584741,18
46.817941007641,7.485810183006,18
46.817934850434,7.498913778655,18
46.817895204022,7.551328120559,18
46.817881538025,7.564431692229,18
46.817866370269,7.577535256922,18
46.817849700755,7.590638813913,18
46.817831529483,7.603742362474,18
46.817811856453,7.616845901880,18
46.817790681666,7.629949431402,18
46.817768005120,7.643052950316,18
46.826252068915,7.040224609427,18
46.826296978905,7.053330074552,18
46.826340386888,7.066435561040,18
46.826382292865,7.079541068166,18
46.826422696835,7.092646595203,18
46.826461598799,7.105752141424,18
46.826498998757,7.118857706102,18
46.826534896708,7.131963288510,18
46.826569292653,7.145068887923,18
46.826602186592,7.158174503613,18
46.826633578524,7.171280134853,18
46.826663468450,7.184385780918,18
46.826691856370,7.197491441080,18
46.826718742283,7.210597114612,18
46.826744126190,7.223702800789,18
46.826768008091,7.236808498883,18
46.826790387985,7.249914208168,18
46.826811265873,7.263019927916,18
46.826830641755,7.276125657402,18
46.826848515630,7.289231395899,18
46.826864887499,7.302337142679,18
46.826879757362,7.315442897017,18
46.826893125218,7.328548658186,18
46.826904991069,7.341654425458,18
46.826915354912,7.354760198108,18
46.826924216750,7.367865975409,18
46.826931576581,7.380971756634,18
46.826937434405,7.394077541055,18
46.826941790224,7.407183327948,18
46.826944644036,7.420289116585,18
46.826945995841,7.433394906239,18
46.826945845641,7.446500696183,18
46.826944193434,7.459606485692,18
46.826941039221,7.472712274038,18
46.826861733286,7.577558451749,18
46.835335652884,7.066373395804,18
46.835377565789,7.079481091847,18
46.835417976440,7.092588807800,18
46.835456884836,7.105696542937,18
46.835494290977,7.118804296532,18
46.835530194863,7.131912067858,18
46.835564596495,7.145019856187,18
46.835597495873,7.158127660794,18
46.835628892995,7.171235480951,18
46.835658787863,7.184343315932,18
46.835687180476,7.197451165011,18
46.835714070835,7.210559027460,18
46.835739458939,7.223666902554,18
46.835763344788,7.236774789565,18
46.835785728382,7.249882687766,18
46.835806609722,7.262990596431,18
46.835825988807,7.276098514834,18
46.835843865638,7.289206442247,18
46.835860240214,7.302314377945,18
46.835875112535,7.315422321199,18
46.835888482601,7.328530271285,18
46.835900350413,7.341638227474,18
46.835910715971,7.354746189041,18
46.835919579273,7.367854155258,18
46.835926940321,7.380962125400,18
46.835932799114,7.394070098738,18
46.835937155653,7.407178074548,18
46.835940009937,7.420286052101,18
46.835941361966,7.433394030672,18
46.835941211740,7.446502009533,18
46.835939559260,7.459609987959,18
46.844413244987,7.092531001242,18
46.844452159815,7.105640926022,18
46.844489572140,7.118750869259,18
46.844525481961,7.131860830227,18
46.844559889280,7.144970808199,18
46.844592794096,7.158080802448,18
46.844624196408,7.171190812247,18
46.844654096218,7.184300836871,18
46.844682493525,7.197410875592,18
46.844709388328,7.210520927684,18
46.844734780629,7.223630992420,18
46.844758670427,7.236741069073,18
46.844781057722,7.249851156916,18
46.844801942513,7.262961255224,18
46.844821324802,7.276071363269,18
46.844839204588,7.289181480325,18
46.844855581870,7.302291605664,18
46.844870456650,7.315401738562,18
46.844883828927,7.328511878289,18
46.844895698700,7.341622024121,18
46.844906065971,7.354732175330,18
46.844914930739,7.367842331190,18
46.844922293004,7.380952490973,18
46.844928152765,7.394062653954,18
46.844932510024,7.407172819406,18
46.844935364780,7.420282986602,18
46.844936717032,7.433393154815,18
46.844936566782,7.446503323319,18
46.853484842011,7.118697424283,18
46.853520757768,7.131809575618,18
46.853555170773,7.144921743958,18
46.853588081028,7.158033928575,18
46.853619488530,7.171146128742,18
46.853649393282,7.184258343734,18
46.853677795282,7.197370572823,18
46.853704694531,7.210482815283,18
46.853730091029,7.223595070386,18
46.853797264013,7.262931904294,18
46.853816649505,7.276044202707,18
46.853834532246,7.289156510131,18
46.853850912236,7.302268825838,18
46.853865789474,7.315381149103,18
