46.101910178709,9.735621467389,18
46.101646121178,9.748547232473,18
46.101380581011,9.761472867775,18
46.100575064691,9.800248987719,18
46.100303593978,9.813174096623,18
46.100030640630,9.826099072112,18
46.113709020987,9.593784938715,18
46.113461230960,9.606714215772,18
46.113211958047,9.619643371040,18
46.112708963568,9.645501313302,18
46.112455242002,9.658430098842,18
46.112200037551,9.671358759686,18
46.111943350215,9.684287295107,18
46.111685179994,9.697215704379,18
46.111425526889,9.710143986775,18
46.111164390899,9.723072141569,18
46.110901772025,9.736000168033,18
46.110637670266,9.748928065441,18
46.110372085622,9.761855833066,18
46.110105018094,9.774783470182,18
46.109836467680,9.787710976062,18
46.109566434383,9.800638349979,18
46.109294918200,9.813565591208,18
46.109021919133,9.826492699020,18
46.108747437181,9.839419672689,18
46.123192305215,9.568277122004,18
46.122947439956,9.581208773509,18
46.122701091565,9.594140304678,18
46.122453260041,9.607071714785,18
46.122203945384,9.620003003102,18
46.121953147593,9.632934168903,18
46.121700866670,9.645865211461,18
46.121447102614,9.658796130050,18
46.121191855424,9.671726923943,18
46.120935125102,9.684657592413,18
46.120676911647,9.697588134735,18
46.120417215058,9.710518550180,18
46.120156035337,9.723448838022,18
46.119893372483,9.736378997535,18
46.119629226496,9.749309027992,18
46.119363597375,9.762238928666,18
46.119096485122,9.775168698831,18
46.118827889736,9.788098337760,18
46.118557811216,9.801027844727,18
46.118286249564,9.813957219004,18
46.118013204779,9.826886459865,18
46.117738676860,9.839815566583,18
46.117462665809,9.852744538432,18
46.117185171625,9.865673374685,18
46.133622751490,9.491023143256,18
46.133386745520,9.503957635291,18
46.133149256169,9.516892011351,18
46.132910283436,9.529826270708,18
46.132669827322,9.542760412635,18
46.132427887826,9.555694436407,18
46.132184464949,9.568628341296,18
46.131939558691,9.581562126576,18
46.131693169052,9.594495791519,18
46.131445296031,9.607429335400,18
46.131195939629,9.620362757492,18
46.130945099845,9.633296057067,18
46.130692776681,9.646229233400,18
46.130438970134,9.659162285764,18
46.130183680207,9.672095213431,18
46.129926906898,9.685028015676,18
46.129668650208,9.697960691772,18
46.129408910137,9.710893240992,18
46.129147686684,9.723825662608,18
46.128884979850,9.736757955896,18
46.128620789634,9.749690120128,18
46.128355116037,9.762622154577,18
46.128087959059,9.775554058516,18
46.127819318700,9.788485831220,18
46.127549194959,9.801417471961,18
46.127277587837,9.814348980012,18
46.127004497333,9.827280354648,18
46.126729923449,9.840211595141,18
46.126453866182,9.853142700764,18
46.126176325535,9.866073670792,18
46.125897301506,9.879004504497,18
46.125616794096,9.891935201153,18
46.125334803305,9.904865760032,18
46.125051329132,9.917796180409,18
46.143773131639,9.426676828088,18
46.143544504308,9.439614023604,18
46.143314393346,9.452551106777,18
46.143082798755,9.465488076881,18
46.142849720535,9.478424933188,18
46.142615158684,9.491361674973,18
46.142379113204,9.504298301509,18
46.142141584095,9.517234812069,18
46.141902571355,9.530171205926,18
46.141662074987,9.543107482353,18
46.141420094988,9.556043640625,18
46.141176631360,9.568979680014,18
46.140931684102,9.581915599794,18
46.140685253214,9.594851399238,18
46.140437338697,9.607787077619,18
46.140187940550,9.620722634210,18
46.139937058773,9.633658068286,18
46.139684693367,9.646593379119,18
46.139430844331,9.659528565983,18
46.139175511665,9.672463628151,18
46.138918695370,9.685398564896,18
46.138660395445,9.698333375491,18
46.138400611890,9.711268059211,18
46.138139344706,9.724202615328,18
46.137079439672,9.775939549236,18
46.136810754340,9.788873456440,18
46.136268932785,9.814740874233,18
46.135721176712,9.840607758361,18
46.135445073231,9.853540998485,18
46.135167486121,9.866474103013,18
46.134888415380,9.879407071218,18
46.134607861010,9.892339902374,18
46.134325823011,9.905272595753,18
46.134042301381,9.918205150630,18
46.133757296123,9.931137566278,18
46.153218618665,9.401125803146,18
46.152992920822,9.414065356393,18
46.152765739100,9.427004798750,18
46.152537073500,9.439944129492,18
46.152306924022,9.452883347891,18
46.152075290666,9.465822453220,18
46.151842173433,9.478761444753,18
46.151607572321,9.491700321764,18
46.151371487331,9.504639083525,18
46.151133918463,9.517577729311,18
46.150894865717,9.530516258393,18
46.150654329094,9.543454670047,18
46.150412308592,9.556392963544,18
46.150168804212,9.569331138159,18
46.149923815954,9.582269193164,18
46.149677343818,9.595207127834,18
46.144712436418,9.841004056245,18
46.144436286722,9.853939431595,18
46.144158653149,9.866874671348,18
46.143879535697,9.879809774779,18
46.143598934367,9.892744741160,18
46.143316849159,9.905679569765,18
46.143033280073,9.918614259868,18
46.142748227110,9.931548810742,18
46.142173669548,9.957417491894,18
46.162658326978,9.375565905194,18
46.162435559615,9.388507813991,18
46.162211308126,9.401449613352,18
46.161985572511,9.414391302550,18
46.161758352769,9.427332880858,18
46.161529648901,9.440274347551,18
46.161299460907,9.453215701901,18
46.161067788786,9.466156943181,18
46.160834632539,9.479098070666,18
46.160599992166,9.492039083628,18
46.160363867666,9.504979981340,18
46.160126259041,9.517920763077,18
46.159887166288,9.530861428111,18
46.159646589410,9.543801975716,18
46.159160983273,9.569682715730,18
46.152870662222,9.880212615179,18
46.152590013932,9.893149717512,18
46.152307881517,9.906086682068,18
46.152024264974,9.919023508122,18
46.151739164306,9.931960194947,18
46.151452579511,9.944896741816,18
46.151164510589,9.957833148001,18
46.150874957542,9.970769412778,18
46.150583920368,9.983705535419,18
46.150291399067,9.996641515197,18
46.149997393641,10.009577351385,18
46.172092253363,9.349997135692,18
46.171872417475,9.362941397858,18
46.171651097212,9.375885552040,18
46.171428292575,9.388829597514,18
46.171204003563,9.401773533551,18
46.170978230176,9.414717359426,18
46.170750972414,9.427661074411,18
46.170522230278,9.440604677781,18
46.170292003767,9.453548168807,18
46.170060292882,9.466491546765,18
46.169827097622,9.479434810926,18
46.169592417987,9.492377960565,18
46.169356253977,9.505320994954,18
46.161015255851,9.919432895393,18
46.160730107477,9.932371718894,18
46.160443474729,9.945310402440,18
46.160155357606,9.958248945302,18
46.159865756109,9.971187346756,18
46.159574670237,9.984125606073,18
46.159282099990,9.997063722528,18
46.158988045368,10.010001695393,18
46.158692506372,10.022939523943,18
46.158395483001,10.035877207449,18
46.158096975256,10.048814745187,18
46.157192545771,10.087626476516,18
46.156582170909,10.113500221900,18
46.156274756915,10.126436869762,18
46.155965858547,10.139373366767,18
46.181303491188,9.337366109453,18
46.181085103144,9.350312616277,18
46.180865230478,9.363259015844,18
46.180643873189,9.376205307429,18
46.180421031276,9.389151490305,18
46.180196704741,9.402097563745,18
46.179970893583,9.415043527022,18
46.179743597802,9.427989379410,18
46.179514817397,9.440935120181,18
46.169721056391,9.932783382584,18
46.169434375690,9.945724203531,18
46.169146210365,9.958664883796,18
46.168856560418,9.971605422652,18
46.168565425848,9.984545819372,18
46.168272806654,9.997486073229,18
46.167978702838,10.010426183497,18
46.167683114399,10.023366149448,18
46.167386041336,10.036305970357,18
46.167087483651,10.049245645497,18
46.166787441343,10.062185174141,18
46.166485914412,10.075124555562,18
46.166182902857,10.088063789034,18
46.165878406680,10.101002873829,18
46.165572425880,10.113941809222,18
46.165264960456,10.126880594486,18
46.164956010410,10.139819228894,18
46.164645575741,10.152757711719,18
46.190942747499,9.298832987877,18
46.190513322709,9.324730807521,18
46.190296383008,9.337679559002,18
46.190077958434,9.350628203953,18
46.189858048990,9.363576741649,18
46.189636654674,9.376525171362,18
46.189413775487,9.389473492365,18
46.178712010813,9.933195186015,18
46.178137068633,9.959080963484,18
46.177847370236,9.972023640467,18
46.177556186968,9.984966175315,18
46.177263518828,9.997908567300,18
46.176969365817,10.010850815695,18
46.176673727934,10.023792919775,18
46.176376605180,10.036734878812,18
46.176077997555,10.049676692080,18
46.175777905059,10.062618358851,18
46.175476327691,10.075559878400,18
46.175173265452,10.088501250000,18
46.174868718341,10.101442472923,18
46.174562686360,10.114383546444,18
46.174255169506,10.127324469836,18
46.173946167782,10.140265242371,18
46.173635681186,10.153205863324,18
46.173323709719,10.166146331968,18
46.200359308823,9.273237612485,18
46.200148273318,9.286188921670,18
46.199935752694,9.299140127232,18
46.199721746950,9.312091228445,18
46.199506256086,9.325042224582,18
46.199289280103,9.337993114916,18
46.199070819000,9.350943898722,18
46.198850872778,9.363894575271,18
46.198629441435,9.376845143837,18
46.186254236277,9.998331204740,18
46.185960034071,10.011275591989,18
46.185664346745,10.024219834922,18
46.185367174300,10.037163932813,18
46.185068516735,10.050107884934,18
46.184768374050,10.063051690559,18
46.184466746246,10.075995348961,18
46.184163633322,10.088938859414,18
46.183859035278,10.101882221191,18
46.183552952115,10.114825433566,18
46.183245383832,10.127768495811,18
46.182936330430,10.140711407200,18
46.182625791907,10.153654167006,18
46.182313768265,10.166596774503,18
46.182000259504,10.179539228964,18
46.181685265622,10.192481529663,18
46.181368786621,10.205423675872,18
46.209561975310,9.260587025211,18
46.209352389885,9.273540576871,18
46.209141319092,9.286494025635,18
46.208928762931,9.299447370776,18
46.208714721402,9.312400611568,18
46.208499194506,9.325353747284,18
46.208282182241,9.338306777198,18
46.208063684608,9.351259700582,18
46.194059040957,10.050539224060,18
46.193758848084,10.063485169264,18
46.192235603200,10.128212672411,18
46.191926498119,10.141157723379,18
46.191615907670,10.154102622765,18
46.191303831854,10.167047369841,18
46.190990270669,10.179991963881,18
46.190675224116,10.192936404158,18
46.190358692195,10.205880689946,18
46.190040674906,10.218824820518,18
46.219175043916,9.222020266028,18
46.218969880301,9.234976262321,18
46.218763231069,9.247932157898,18
46.218555096220,9.260887952031,18
46.218345475756,9.273843643996,18
46.218134369675,9.286799233065,18
46.217921777977,9.299754718511,18
46.217707700664,9.312710099607,18
46.217492137734,9.325665375628,18
46.217275089187,9.338620545846,18
46.200916670618,10.141604190910,18
46.200606028243,10.154551230600,18
46.200293900251,10.167498117980,18
46.199980286643,10.180444852325,18
46.199665187419,10.193391432907,18
46.199348602578,10.206337858999,18
46.199030532121,10.219284129876,18
46.198710976048,10.232230244810,18
46.198389934358,10.245176203074,18
46.228371985078,9.209356634460,18
46.228168273032,9.222314871772,18
46.227963075121,9.235273009094,18
46.227756391346,9.248231045701,18
46.227548221706,9.261188980865,18
46.227338566202,9.274146813860,18
46.227127424833,9.287104543958,18
46.226914797599,9.300062170435,18
46.209283973224,10.167949018922,18
46.208970307193,10.180897894296,18
46.208655155297,10.193846615908,18
46.208338517536,10.206795183031,18
46.208020393911,10.219743594938,18
46.207700784421,10.232691850902,18
46.207379689067,10.245639950196,18
46.237768286428,9.183728143087,18
46.237567512561,9.196688719953,18
46.237365252582,9.209649198284,18
46.237161506490,9.222609577351,18
46.236956274285,9.235569856430,18
46.236749555966,9.248530034792,18
46.236541351535,9.261490111712,18
46.236331660991,9.274450086462,18
46.236120484333,9.287409958317,18
46.235907821563,9.300369726548,18
46.217328436837,10.207252662041,18
46.217010260044,10.220203215704,18
46.216690597137,10.233153613423,18
46.216369448118,10.246103854474,18
46.216046812986,10.259053938128,18
46.246960946444,9.171053703902,18
46.246761625389,9.184016521059,18
46.246560817973,9.196979240407,18
46.246358524195,9.209941861219,18
46.246154744057,9.222904382768,18
46.245949477556,9.235866804327,18
46.245742724695,9.248829125171,18
46.245324759888,9.274753461803,18
46.226000130285,10.220662992174,18
46.225680413962,10.233615532375,18
46.225359211278,10.246567915907,18
46.225036522233,10.259520142042,18
46.224712346826,10.272472210055,18
46.224386685058,10.285424119219,18
46.255954322582,9.171340036328,18
46.255754968226,9.184304996692,18
46.255554127260,9.197269859246,18
46.255351799684,9.210234623264,18
46.255147985499,9.223199288020,18
46.234670234663,10.234077607756,18
46.234348978314,10.247032134495,18
46.234026235355,10.259986503837,18
46.233702005787,10.272940715057,18
46.233376289609,10.285894767427,18
46.233049086821,10.298848660221,18
46.264947702363,9.171626465688,18
46.264748314705,9.184593569984,18
46.264547440189,9.197560576470,18
46.264345078815,9.210527484421,18
46.243338748991,10.247496510238,18
46.243015952120,10.260453023513,18
46.242691668390,10.273409378665,18
46.242365897802,10.286365574968,18
46.242038640356,10.299321611694,18
46.241709896052,10.312277488118,18
46.241379664891,10.325233203513,18
46.274335466152,9.145974203552,18
46.274139019405,9.158943645945,18
46.273941085552,9.171912991982,18
46.273741664593,9.184882240936,18
46.273540756527,9.197851392080,18
46.251681334402,10.273878200879,18
46.251355509404,10.286836541840,18
46.251028197300,10.299794723225,18
46.250699398090,10.312752744306,18
46.250369111773,10.325710604359,18
46.283523910572,9.133284852608,18
46.283328918375,9.146256536014,18
46.283132438823,9.159228123790,18
46.282934471917,9.172199615210,18
46.282735017656,9.185171009547,18
46.282534076041,9.198142306075,18
46.260671003589,10.274347181700,18
46.260345124182,10.287307668044,18
46.260017757420,10.300267994812,18
46.259688903303,10.313228161278,18
46.259358561831,10.326188166714,18
46.259026733005,10.339148010394,18
46.258693416824,10.352107691591,18
46.258358613289,10.365067209579,18
46.292902984991,9.107617191434,18
46.292710935444,9.120591210027,18
46.292517398293,9.133565134444,18
46.292322373540,9.146538963958,18
46.292125861184,9.159512697843,18
46.291927861224,9.172486335372,18
46.291728373662,9.185459875819,18
46.269334741902,10.287778953581,18
46.269007320481,10.300741426458,18
46.268678411458,10.313703739032,18
46.268348014832,10.326665890577,18
46.268016130602,10.339627880366,18
46.267682758770,10.352589707673,18
46.267347899335,10.365551371770,18
46.267011552297,10.378512871931,18
46.266673717655,10.391474207429,18
46.302087133545,9.094917015481,18
46.301896539790,9.107893274358,18
46.301704458182,9.120869439785,18
46.301510888724,9.133845511037,18
46.301315831414,9.146821487386,18
46.301119286253,9.159797368105,18
46.300921253241,9.172773152469,18
46.277996886252,10.301215018161,18
46.277667922322,10.314179477570,18
46.277337470541,10.327143775949,18
46.277005530909,10.340107912573,18
46.276672103425,10.353071886714,18
46.276337188090,10.366035697645,18
46.276000784903,10.378999344641,18
46.275662893865,10.391962826974,18
46.275323514976,10.404926143918,18
46.311269860099,9.082212544991,18
46.311080722631,9.095191044151,18
46.310890097064,9.108169450588,18
46.310697983397,9.121147763576,18
46.310504381630,9.134125982387,18
46.310309291764,9.147104106296,18
46.310112713798,9.160082134576,18
46.286326928726,10.327621822830,18
46.285994933690,10.340588107014,18
46.285661450555,10.353554228715,18
46.285326479320,10.366520187206,18
46.284990019985,10.379485981762,18
46.284652072551,10.392451611655,18
46.284312637017,10.405417076159,18
46.283971713383,10.418382374547,18
46.320263482990,9.082484517956,18
46.320074313959,9.095465165402,18
46.319883656580,9.108445720125,18
46.319691510853,9.121426181398,18
46.319497876779,9.134406548495,18
46.294315772793,10.367004840453,18
46.293979257310,10.379972783294,18
46.293641253479,10.392940561473,18
46.293301761300,10.405908174262,18
46.292960780773,10.418875620936,18
46.292618311899,10.431842900766,18
46.329444819887,9.069773694325,18
46.329257107890,9.082756582777,18
46.329067907296,9.095739379234,18
46.328877218105,9.108722082968,18
46.328685040319,9.121704693252,18
46.302968496643,10.380459749237,18
46.302630436416,10.393429676427,18
46.302290887592,10.406399438228,18
46.301949850172,10.419369033912,18
46.301607324156,10.432338462754,18
46.338438477878,9.070043701264,18
46.338250734565,9.083028739453,18
46.338061502408,9.096013685647,18
46.337870781406,9.108998539117,18
46.311619621128,10.393918956518,18
46.311280015660,10.406890868055,18
46.310938921347,10.419862613476,18
46.310596338189,10.432834192055,18
46.310252266186,10.445805603065,18
46.347618422945,9.057326519412,18
46.347432137410,9.070313799333,18
46.347244362783,9.083300987985,18
46.347055099063,9.096288084640,18
46.346864346249,9.109275088573,18
46.320269145269,10.407382463745,18
46.319927994063,10.420356359628,18
46.319585353764,10.433330088669,18
46.319241224372,10.446303650141,18
46.318895605886,10.459277043317,18
46.356796942112,9.044605035771,18
46.356612114853,9.057594557423,18
46.356425798252,9.070583988532,18
46.356237992310,9.083573328371,18
46.356048697026,9.096562576215,18
46.328917068089,10.420850272368,18
46.328574370648,10.433826152596,18
46.328230183866,10.446801865256,18
46.327884507742,10.459777409620,18
46.327537342277,10.472752784961,18
46.365790665914,9.044871012273,18
46.365605807836,9.057862685838,18
46.365419460169,9.070854268860,18
46.365231622912,9.083845760613,18
46.337563388607,10.434322383837,18
46.337219144435,10.447300248410,18
46.336873410674,10.460277944687,18
46.336526187322,10.473255471941,18
46.375149698835,9.019149157324,18
46.374967789615,9.032143162433,18
46.374784390558,9.045137078453,18
46.374599501662,9.058130904657,18
46.374413122928,9.071124640319,18
46.346552407409,10.434818782390,18
46.346208105847,10.447798799602,18
46.345862314447,10.460778648518,18
46.345515033210,10.473758328412,18
46.345166262134,10.486737838556,18
46.344816001220,10.499717178224,18
46.384323934434,9.006414759617,18
46.384143484979,9.019411006454,18
46.383961545438,9.032407164928,18
46.383778115810,9.045403234312,18
46.383593196097,9.058399213881,18
46.383406786296,9.071395102907,18
46.355197067868,10.448297518833,18
46.354851218830,10.461279521114,18
46.354503879706,10.474261354372,18
46.354155050495,10.487243017880,18
46.353804731198,10.500224510913,18
46.353452921815,10.513205832743,18
46.393317751027,9.006674542885,18
46.393137271499,9.019672943811,18
46.392955301636,9.032671256375,18
46.392771841439,9.045669479850,18
46.392586890907,9.058667613509,18
46.363840123588,10.461780562474,18
46.363492726577,10.474764549822,18
46.363143839232,10.487748367420,18
46.362793461552,10.500732014543,18
46.362441593537,10.513715490463,18
46.402311567762,9.006934413654,18
46.402131058161,9.019934969396,18
46.401949057977,9.032935436776,18
46.372481573591,10.475267914761,18
46.372132628111,10.488253887176,18
46.371782192048,10.501239689114,18
46.371430265401,10.514225319850,18
46.371076848172,10.527210778656,18
46.411484433249,8.994191573006,18
46.411305384406,9.007194371926,18
46.411124844732,9.020197083209,18
46.410942814226,9.033199706130,18
46.381470420514,10.475771449191,18
46.381121416899,10.488759577147,18
46.380770922453,10.501747534626,18
46.380418937175,10.514735320903,18
46.380065461066,10.527722935251,18
46.379710494125,10.540710376942,18
46.420655866982,8.981444420417,18
46.420478279394,8.994449462513,18
46.420299200726,9.007454417699,18
46.420118630978,9.020459285249,18
46.419936570151,9.033464064437,18
46.389759652533,10.502255551079,18
46.389407608624,10.515245493623,18
46.389054073635,10.528235264237,18
46.388699047566,10.541224862195,18
46.429649742145,8.981700239708,18
46.429472124980,8.994707438796,18
46.429293016488,9.007714550974,18
46.429112416667,9.020721575517,18
46.398396279515,10.515755838009,18
46.398042685646,10.528747765616,18
46.397687600449,10.541739520566,18
46.397331023924,10.554731102134,18
46.438819771682,8.968946702061,18
46.438643616517,8.981956145049,18
46.438465969776,8.994965501855,18
46.438286831458,9.007974771752,18
46.438106201564,9.020983954012,18
46.407737110787,10.503272096807,18
46.407384949615,10.516266354061,18
46.407031296866,10.529260439386,18
46.406676152541,10.542254352055,18
46.406319516640,10.555248091340,18
46.405961389162,10.568241656517,18
46.447988367026,8.956188848122,18
46.447813674358,8.969200535010,18
46.447637489865,8.982212136442,18
46.447459813547,8.995223651691,18
46.447280645404,9.008235080031,18
46.447099985437,9.021246420735,18
46.416019907062,10.529773285548,18
46.415664703609,10.542769356660,18
46.415308008331,10.555765254390,18
46.414949821228,10.568760978010,18
46.456982297524,8.956440607227,18
46.456807575776,8.969454453284,18
46.456631361954,8.982468213885,18
46.456453656060,8.995481888303,18
46.456274458093,9.008495475813,18
46.425008516000,10.530286304103,18
46.424653253418,10.543284534384,18
46.424296498764,10.556282591282,18
46.423938252037,10.569280474071,18
46.423578513236,10.582278182024,18
46.465976226531,8.956692450932,18
46.465801475702,8.969708456884,18
46.465625232553,8.982724377379,18
46.465447497082,8.995740211692,18
46.433641801737,10.543799885225,18
46.433284987706,10.556800102018,18
46.432926681354,10.569800144701,18
46.432566882681,10.582800012549,18
46.474970153813,8.956944379237,18
46.474795373905,8.969962545809,18
46.474619101427,8.982980626925,18
46.474441336380,8.995998621858,18
46.442630348331,10.544315409183,18
46.442273474924,10.557317786596,18
46.441915108947,10.570319989900,18
46.441555250400,10.583322018368,18
46.441193899284,10.596323871273,18
46.484309218659,8.931155482846,18
46.484137395307,8.944175979495,18
46.483964079137,8.957196392142,18
46.483789270149,8.970216720059,18
46.483612968344,8.983236962521,18
46.483435173720,8.996257118799,18
46.451261960184,10.557835645018,18
46.450903534582,10.570840009667,18
46.450543616162,10.583844199481,18
46.450182204924,10.596848213731,18
46.493473558075,8.918380514211,18
46.493303199207,8.931403256208,18
46.493131347272,8.944425914928,18
46.492958002270,8.957448489646,18
46.492783164203,8.970470979635,18
46.492606833069,8.983493384168,18
46.492429008869,8.996515702518,18
46.460250443253,10.558353677283,18
46.459891958026,10.571360204003,18
46.459531979733,10.584366555888,18
46.459170508374,10.597372732210,18
46.458807543948,10.610378732243,18
46.458443086456,10.623384555259,18
46.502467564534,8.918626207925,18
46.502297177330,8.931651112719,18
46.502125296812,8.944675934236,18
46.501951922979,8.957700671751,18
46.501777055832,8.970725324536,18
46.468880379045,10.571880572908,18
46.468520340879,10.584889087590,18
46.468158809399,10.597897426708,18
46.467795784603,10.610905589538,18
46.511630490310,8.905844833197,18
46.511461568334,8.918871984062,18
46.511291152796,8.931899052378,18
46.511119243695,8.944926037418,18
46.510945841030,8.957952938455,18
46.477508699368,10.585411794585,18
46.477147107766,10.598422297226,18
46.476784022600,10.611432623578,18
46.476419443872,10.624442772914,18
46.520624519306,8.906088527510,18
46.520455569244,8.919117842622,18
46.520285125371,8.932147075186,18
46.520113187686,8.945176224474,18
46.519939756190,8.958205289759,18
46.486497054965,10.585934676875,18
46.486135403242,10.598947343764,18
46.485772257706,10.611959834364,18
46.485407618360,10.624972147947,18
46.529786029266,8.893300741610,18
46.529618545177,8.906332303519,18
46.529449567029,8.919363783606,18
46.529279094821,8.932395181143,18
46.529107128553,8.945426495404,18
46.495123695593,10.599472566322,18
46.494760489688,10.612487221895,18
46.494395789724,10.625501700452,18
46.494029595699,10.638516001266,18
46.538780079618,8.893542433619,18
46.538612567691,8.906576161227,18
46.538443561456,8.919609807012,18
46.538273060913,8.932643370248,18
46.538101066062,8.945676850208,18
46.504111984587,10.599997964899,18
46.503748718312,10.613014786171,18
46.503383957729,10.626031430427,18
46.503017702838,10.639047896941,18
46.547774126378,8.893784206599,18
46.547606586614,8.906820100632,18
46.547437552292,8.919855912842,18
46.547267023415,8.932891642502,18
46.513100269989,10.600523539496,18
46.512736943345,10.613542527193,18
46.512372122144,10.626561337874,18
46.512005806387,10.639579970812,18
46.511637996073,10.652598425280,18
46.556934242113,8.880987918273,18
46.556768169315,8.894026060552,18
46.556600601712,8.907064121734,18
46.556431539304,8.920102101094,18
46.556260982091,8.933139997905,18
46.521725164553,10.614070444960,18
46.521360282734,10.627091422791,18
46.520993906110,10.640112222879,18
46.520626034682,10.653132844498,18
46.565928308582,8.881227685322,18
46.565762208193,8.894267995476,18
46.565594612752,8.907308224534,18
46.565425522258,8.920348371770,18
46.530713381704,10.614598539472,18
46.530348439267,10.627621685179,18
46.529982001776,10.640644653143,18
46.574922370759,8.881467532617,18
46.574756242781,8.894510011372,18
46.574588619501,8.907552409032,18
46.574419500921,8.920594724869,18
46.539336591508,10.628152125038,18
46.538970093151,10.641177261603,18
46.584081088430,8.868662731707,18
46.583916428412,8.881707460158,18
46.583750272844,8.894752108241,18
46.583582621726,8.907796675227,18
46.583413475059,8.920841160391,18
46.548324739225,10.628682742368,18
46.547958180001,10.641710048259,18
46.547590125228,10.654737175682,18
46.593075168667,8.868900569442,18
46.592910481307,8.881947467946,18
46.592744298149,8.894994286081,18
46.592576619193,8.908041023120,18
46.557312882184,10.629213537168,18
46.556946262094,10.642243013112,18
46.556578146206,10.655272310587,18
46.556208534520,10.668301428866,18
46.601904529211,8.882187555981,18
46.601738318463,8.895236544894,18
46.601570611669,8.908285452710,18
46.566301020152,10.629744509440,18
46.565934339195,10.642776156162,18
46.565566162193,10.655807624415,18
46.565196489144,10.668838913471,18
46.564825320048,10.681870022605,18
46.610898571890,8.882427724262,18
46.610732333553,8.895478884678,18
46.610564598921,8.908529963998,18
46.574922411072,10.643309477408,18
46.574554172955,10.656343117164,18
46.574184438543,10.669376577724,18
46.573813207836,10.682409858361,18
46.620057378496,8.869614559775,18
46.619892609112,8.882667972789,18
46.619726343185,8.895721305434,18
46.619558580715,8.908774556983,18
46.619389321701,8.921827726710,18
46.583910477492,10.643842976850,18
46.583542178259,10.656878788835,18
46.583172382484,10.669914421624,18
46.582801090166,10.682949874491,18
46.582428301304,10.695985146708,18
46.629051437369,8.869852715594,18
46.628886640643,8.882908301563,18
46.628720347126,8.895963807163,18
46.628552556817,8.909019231666,18
46.592530177873,10.657414639429,18
46.592160320734,10.670452445172,18
46.591788966804,10.683490070993,18
46.591416116083,10.696527516165,18
46.638208817344,8.857033111643,18
46.638045490316,8.870090950934,18
46.637880666249,8.883148710583,18
46.637714345142,8.896206389863,18
46.601518171562,10.657950668944,18
46.601148253060,10.670990648368,18
46.600776837519,10.684030447869,18
46.600403924938,10.697070066721,18
46.647202891227,8.857269252098,18
46.647039537106,8.870329265795,18
46.646874685697,8.883389199850,18
46.646708337001,8.896449053536,18
46.610506159093,10.658486877382,18
46.610136179228,10.671529031211,18
46.609764702075,10.684571005118,18
46.609391727634,10.697612798375,18
46.656196958719,8.857505471349,18
46.656033577505,8.870567660177,18
46.655868698755,8.883629769363,18
46.655702322468,8.896691798180,18
46.619494140233,10.659023264741,18
46.619124099005,10.672067593702,18
46.618752560240,10.685111742739,18
46.618379523940,10.698155711128,18
46.665191019587,8.857741769395,18
46.665027611279,8.870806134080,18
46.664862705188,8.883870419123,18
46.664696301311,8.896934623796,18
46.628482114748,10.659559831022,18
46.628112012157,10.672606335840,18
46.627740411781,10.685652660734,18
46.627367313621,10.698698804980,18
46.674347010964,8.844911526053,18
46.674185073596,8.857978146236,18
46.674021638196,8.871044687504,18
46.673856704763,8.884111149129,18
46.673690273296,8.897177530385,18
46.637099918452,10.673145257625,18
46.636728256464,10.686193759102,18
46.636355096444,10.699242079930,18
46.635980438391,10.712290219382,18
46.683341084727,8.845145804381,18
46.683179120515,8.858214601873,18
46.683015658021,8.871283320449,18
46.682850697247,8.884351959382,18
46.682684238190,8.897420517945,18
46.646087817655,10.673684359059,18
46.645716094056,10.686735037844,18
46.645342872176,10.699785535979,18
46.644968152015,10.712835852739,18
46.692173160109,8.858451136305,18
46.692009670522,8.871522032914,18
46.691844682406,8.884592849880,18
46.691678195760,8.897663586478,18
46.655075709534,10.674223640140,18
46.654703924324,10.687276496958,18
46.654330640584,10.700329173127,18
46.653955858314,10.713381667920,18
46.701329210047,8.845614595248,18
46.701167192145,8.858687749532,18
46.701003675466,8.871760824900,18
46.700838660008,8.884833820626,18
46.664063593855,10.674763100868,18
46.663691747033,10.687818136445,18
46.663318401434,10.700872991373,18
46.662943557056,10.713927664925,18
46.710323261137,8.845849107787,18
46.710161216391,8.858924441555,18
46.709997672618,8.871999696408,18
46.709832629819,8.885074871618,18
46.673051470385,10.675302741244,18
46.672679561952,10.688359956306,18
46.672306154492,10.701416990718,18
46.671931248006,10.714473843755,18
46.719317304203,8.846083698395,18
46.719155232612,8.859161212373,18
46.718991661745,8.872238647436,18
46.718826591605,8.885316002856,18
46.682039338891,10.675842561267,18
46.681667368846,10.688901956539,18
46.681293899527,10.701961171162,18
46.680918930933,10.715020204409,18
46.728311339011,8.846318367072,18
46.728149240575,8.859398061987,18
46.727985642615,8.872477677985,18
46.727820545133,8.885557214341,18
46.691027199139,10.676382560938,18
46.690655167483,10.689444137146,18
46.690281636303,10.702505532705,18
46.689906605601,10.715566746887,18
46.737305365328,8.846553113820,18
46.737143240047,8.859634990395,18
46.736979614994,8.872716788055,18
46.736814490170,8.885798506072,18
46.700015050896,10.676922740257,18
46.699642957628,10.689986498126,18
46.699269364589,10.703050075346,18
46.698894271778,10.716113471189,18
46.746460035026,8.833703801485,18
46.746299382920,8.846787938637,18
46.746137230794,8.859871997599,18
46.745973578649,8.872955977646,18
46.708630739049,10.690529039479,18
46.708257084150,10.703594799085,18
46.707881929231,10.716660377316,18
46.707505274293,10.729725773443,18
46.755454070258,8.833936521260,18
46.755293391555,8.847022841524,18
46.755131212584,8.860109083599,18
46.754967533345,8.873195246758,18
46.717618511512,10.691071761205,18
46.717244794753,10.704139703924,18
46.716869577726,10.717207465266,18
46.716492860432,10.730275044507,18
46.764448096298,8.834169318379,18
46.764287390998,8.847257822481,18
46.764125185183,8.860346248394,18
46.763961478851,8.873434595390,18
46.726606274784,10.691614663304,18
46.726232496165,10.704684789861,18
46.725857217030,10.717754735041,18
46.773442112913,8.834402192842,18
46.773281381017,8.847492881508,18
46.773119148357,8.860583491984,18
46.772955414932,8.873674023544,18
46.735594028631,10.692157745777,18
46.735220188153,10.705230056897,18
46.734844846910,10.718302186641,18
46.734468004902,10.731374134282,18
46.782436119871,8.834635144650,18
46.782275361378,8.847728018604,18
46.782113101873,8.860820814369,18
46.781949341355,8.873913531218,18
46.744581772821,10.692701008622,18
46.744207870483,10.705775505031,18
46.743832467132,10.718849820064,18
46.743455562767,10.731923952994,18
46.791269331849,8.847963233770,18
46.791107045498,8.861058215550,18
46.790943257887,8.874153118413,18
46.790777969014,8.887247941634,18
46.753569507120,10.693244451840,18
46.753195542922,10.706321134264,18
46.752820077462,10.719397635312,18
46.752443110741,10.732473954257,18
46.800100978999,8.861295695526,18
46.799937164295,8.874392785130,18
46.799771848080,8.887489795091,18
46.799605030356,8.900586724682,18
46.799436711123,8.913683573178,18
46.762929755842,10.680709025619,18
46.762557231294,10.693788075432,18
46.762183205236,10.706866944596,18
46.761807677668,10.719945632383,18
46.809094902142,8.861533254297,18
46.808931060345,8.874632531367,18
46.808765716789,8.887731728793,18
46.808598871475,8.900830845851,18
46.808430524403,8.913929881812,18
46.771917531270,10.681250642118,18
46.771544945110,10.694331879397,18
46.771170857193,10.707412936026,18
46.770795267517,10.720493811280,18
46.817924945803,8.874872357125,18
46.817759574906,8.887973742743,18
46.817592702002,8.901075047991,18
46.817424327092,8.914176272144,18
46.780905296107,10.681792438265,18
46.780532648336,10.694875863735,18
46.780158498558,10.707959108555,18
46.779782846774,10.721042172000,18
46.827082716422,8.862008608226,18
46.826918820438,8.875112262403,18
46.826753422199,8.888215836938,18
46.789893050119,10.682334414059,18
46.789520340737,10.695420028446,18
46.789146129099,10.708505462183,18
46.788770415207,10.721590714544,18
46.836076607092,8.862246403383,18
46.835912684014,8.875352247203,18
46.835747258434,8.888458011380,18
46.835580330351,8.901563695188,18
46.798880793074,10.682876569501,18
46.798508022080,10.695964373530,18
46.798133748582,10.709051996909,18
46.844906536300,8.875592311524,18
46.844741083378,8.888700266069,18
46.844574127705,8.901808140244,18
46.807868524737,10.683418904590,18
46.807495692132,10.696508898987,18
46.807121356774,10.709598712734,18
46.806745518666,10.722688345106,18
46.853900377061,8.875832455365,18
46.853734896798,8.888942601004,18
46.853567913535,8.902052666273,18
46.816856244876,10.683961419327,18
46.816483350659,10.697053604817,18
46.816108953442,10.710145609658,18
46.815733053226,10.723237433123,18
46.815355650009,10.736329074486,18
46.862894206064,8.876072678728,18
46.862728698459,8.889185016185,18
46.862561687606,8.902297273273,18
46.862393173506,8.915409449265,18
46.825843953258,10.684504113711,18
46.825470997429,10.697598491021,18
46.825096538352,10.710692687681,18
46.824720576027,10.723786702965,18
46.824343110454,10.736880536146,18
46.871888023076,8.876312981611,18
46.871722488130,8.889427511613,18
46.871555449687,8.902541961246,18
46.871386907748,8.915656329782,18
46.834458632207,10.698143557597,18
46.834084111271,10.711239946802,18
46.833708086838,10.724336154630,18
46.880881827864,8.876553364015,18
46.880716265576,8.889670087287,18
46.880549199544,8.902786730190,18
46.880380629766,8.915903291997,18
46.843819333813,10.685590041423,18
46.843446254762,10.698688804547,18
46.843071671965,10.711787387021,18
46.889710030565,8.889912743208,18
46.889542936942,8.903031580106,18
46.889374339327,8.916150335909,18
46.852807005521,10.686133274750,18
46.852433864858,10.699234231869,18
46.852059220202,10.712335008340,18
46.898869399833,8.877034367386,18
46.898703782862,8.890155479375,18
46.898536661650,8.903276510995,18
46.898368036196,8.916397461518,18
46.898197906501,8.929518330219,18
46.861794664538,10.686676687724,18
46.861421462263,10.699779839565,18
46.861046755747,10.712882810757,18
46.860670544990,10.725985600572,18
46.907697522235,8.890398295789,18
46.907530373433,8.903521522855,18
46.907361720141,8.916644668825,18
46.907191562360,8.929767732973,18
46.871154070027,10.674114753136,18
46.870782310631,10.687220280346,18
46.870409046744,10.700325627634,18
46.870034278368,10.713430794273,18
46.869658005503,10.726535779535,18
46.916691248450,8.890641192449,18
46.916524072058,8.903766615688,18
46.916355390928,8.916891957830,18
46.916185205060,8.930017218150,18
46.880512080347,10.661548426655,18
46.880141764325,10.674656329234,18
46.879769943565,10.687764052616,18
46.879396618067,10.700871596076,18
46.879021787832,10.713978958887,18
46.925684961274,8.890884169355,18
46.925517757292,8.904011789492,18
46.925349048324,8.917139328533,18
46.925178834370,8.930266785750,18
46.889499822368,10.662087984776,18
46.889129445232,10.675198084253,18
46.888757563109,10.688308004534,18
46.888384175999,10.701417744891,18
46.888009283904,10.714527304600,18
46.934678660473,8.891127226508,18
46.934511428902,8.904257044268,18
46.934342692096,8.917386780932,18
46.898117112514,10.675740018194,18
46.897745169028,10.688852136098,18
46.897371720307,10.701964074080,18
46.943838099493,8.878238267429,18
46.943672345815,8.891370363908,18
46.943505086654,8.904502380017,18
46.943336322009,8.917634315030,18
46.943166051882,8.930766168220,18
46.907104765938,10.676282131058,18
46.906732761089,10.689396447311,18
46.906359250757,10.702510583641,18
46.952666017066,8.891613581554,18
46.952498730314,8.904747796737,18
46.952329937832,8.917881930825,18
46.952159639618,8.931015983090,18
46.916462965753,10.663707728320,18
46.916092405271,10.676824422843,18
46.915720339059,10.689940938171,18
46.915346767115,10.703057273576,18
46.914971689440,10.716173428331,18
46.961659673992,8.891856879446,18
46.961492359651,8.904993294430,18
46.961323539330,8.918129628317,18
46.961153213030,8.931265880382,18
46.925080030280,10.677366893551,18
46.924707902705,10.690485608678,18
46.924334269149,10.703604143883,18
46.923959129614,10.716722498439,18
46.970653316360,8.892100257585,18
46.970485974429,8.905238873094,18
46.970317126271,8.918377407507,18
46.970146771884,8.931515860098,18
46.969974911269,8.944654230139,18
46.934438323442,10.664788448331,18
46.934067640731,10.677909543180,18
46.933695451793,10.691030458833,18
46.933321756626,10.704151194564,18
46.979646943938,8.892343715970,18
46.979479574417,8.905484532730,18
46.979310698420,8.918625268395,18
46.979140315947,8.931765922237,18
46.978968426997,8.944906493529,18
46.943795217566,10.652205601061,18
46.943425980217,10.665329075631,18
46.943055236391,10.678452371731,18
46.942682986089,10.691575488636,18
46.942309229311,10.704698425618,18
46.988473159380,8.905730273339,18
46.988304255545,8.918873210980,18
46.988133844985,8.932016066799,18
46.987961927700,8.945158840068,18
46.987788503691,8.958301530062,18
46.952782920183,10.652744204581,18
46.952413621967,10.665869881127,18
46.952042817027,10.678995379205,18
46.951670505362,10.692120698086,18
46.997297797412,8.919121235263,18
46.997127358766,8.932266293784,18
46.996955413146,8.945411269756,18
46.996781960554,8.958556162451,18
46.962138459652,10.640154928580,18
46.961770607542,10.653282985571,18
46.961401248460,10.666410864820,18
46.961030382405,10.679538565600,18
46.960658009376,10.692666087184,18
47.006291323788,8.919369341243,18
47.006120857055,8.932516603192,18
47.005948883101,8.945663782592,18
47.005775401925,8.958810878715,18
47.005600413529,8.971957890836,18
46.971126192138,10.640691683613,18
46.970758279410,10.653821944033,18
46.970388859461,10.666952026710,18
46.970017932291,10.680081930918,18
46.969645497900,10.693211655929,18
47.015114339620,8.932766995023,18
47.014942337331,8.945916378576,18
47.014768827572,8.959065678853,18
47.014593810344,8.972214895128,18
47.014417285646,8.985364026673,18
46.980480374775,10.628095973803,18
46.980113908899,10.641228615392,18
46.979745935554,10.654361079965,18
46.979376454738,10.667493366796,18
46.979005466453,10.680625475157,18
47.023935775603,8.946169057710,18
47.023762237262,8.959320562866,18
47.023587191202,8.972471984019,18
47.023410637424,8.985623320443,18
46.989468135949,10.628630877449,18
46.989101609703,10.641765723917,18
46.988733575739,10.654900393369,18
46.988364034058,10.668034885078,18
47.032929197685,8.946421819992,18
47.032755630760,8.959575530752,18
47.032580555869,8.972729157510,18
47.032403973011,8.985882699539,18
46.998820959581,10.616028728752,18
46.998455880932,10.629165957114,18
46.998089294316,10.642303009187,18
46.997721199734,10.655439884243,18
46.997351597186,10.668576581557,18
47.041922603342,8.946674665423,18
47.041749007833,8.959830582513,18
47.041573904111,8.972986415601,18
47.007808748261,10.616561778107,18
47.007443609490,10.629701212799,18
47.007076962504,10.642840471202,18
47.006708807304,10.655979552588,18
47.006339143889,10.669118456232,18
47.050915992341,8.946927594002,18
47.050742368249,8.960085718148,18
47.050567235695,8.973243758292,18
47.050390594678,8.986401713706,18
47.016796520283,10.617095002756,18
47.016431321390,10.630236644504,18
47.016064614035,10.643378109962,18
47.015696398217,10.656519398404,18
47.059909364449,8.947180605730,18
47.059735711774,8.960340937658,18
47.059560550388,8.973501185583,18
47.059383880291,8.986661348778,18
47.059205701483,8.999821426518,18
47.025784275413,10.617628402699,18
47.025419016400,10.630772252228,18
47.025052248674,10.643915925468,18
47.024683972238,10.657059421691,18
47.068729038175,8.960596241041,18
47.068553847957,8.973758697473,18
47.068377148780,8.986921069175,18
47.068198940644,9.000083355422,18
47.035135823595,10.605015744338,18
47.034772013420,10.618161977937,18
47.034406694284,10.631308035972,18
47.034039866189,10.644453917719,18
47.077722347217,8.960851628299,18
47.077547128168,8.974016293963,18
47.077370399912,8.987180874898,18
47.077192162447,9.000345370376,18
47.077012415774,9.013509779672,18
47.044485964958,10.592398667971,18
47.044123604117,10.605547285638,18
47.043759734068,10.618695728468,18
47.043394354812,10.631843995737,18
47.043027466347,10.644992086715,18
47.086715638669,8.961107099431,18
47.086540390788,8.974273975053,18
47.086363633452,8.987440765945,18
47.086185366659,9.000607471382,18
47.086005590409,9.013774090636,18
47.085824304704,9.026940622981,18
47.053473787513,10.592928173881,18
47.053111367048,10.606079001506,18
47.052747437126,10.619229654294,18
47.052381997748,10.632380131520,18
47.052015048913,10.645530432457,18
47.095533635584,8.974531740742,18
47.095356849167,8.987700742318,18
47.095178553046,9.000869658438,18
47.094998747220,9.014038488376,18
47.094817431690,9.027207231404,18
47.094634606455,9.040375886796,18
47.062461592244,10.593457853635,18
47.062099112154,10.606610891943,18
47.061735122359,10.619763755415,18
47.061369622859,10.632916443324,18
47.104350046825,8.987960804017,18
47.104171721376,9.001131931546,18
47.103991885974,9.014302972892,18
47.103810540618,9.027473927329,18
47.103627685310,9.040644794130,18
47.103443320049,9.053815572569,18
47.071810408680,10.580832283405,18
47.071449378918,10.593987707231,18
47.071086839202,10.607142956948,18
47.070722789534,10.620298031829,18
47.070357229913,10.633452931147,18
47.113164871415,9.001394290704,18
47.112985006436,9.014567544185,18
47.112803631256,9.027740710757,18
47.112620745874,9.040913789692,18
47.112436350291,9.054086780265,18
47.080798236439,10.581360098710,18
47.080437147300,10.594517734670,18
47.080074547960,10.607675196522,18
47.079710438418,10.620832483538,18
47.079344818675,10.633989594991,18
47.121978108373,9.014832202254,18
47.121796703369,9.028007581686,18
47.121613787914,9.041182873482,18
47.121429362010,9.054358076915,18
47.121243425656,9.067533191259,18
47.089786045673,10.581888087132,18
47.089424897158,10.595047935953,18
47.089062238193,10.608207610665,18
47.088698068778,10.621367110540,18
47.130789756724,9.028274540118,18
47.130606811196,9.041452045499,18
47.130422354970,9.054629462518,18
47.130236388046,9.067806790447,18
47.130048910424,9.080984028560,18
47.099133533343,10.569254012883,18
47.098773836149,10.582416248672,18
47.098412628257,10.595578311079,18
47.098049909668,10.608740199376,18
47.097685680380,10.621901912838,18
47.139599815487,9.041721305744,18
47.139415328939,9.054900937073,18
47.139229331446,9.068080479314,18
47.139041823006,9.081259931739,18
47.108121363956,10.569780133229,18
47.107761607635,10.582944583330,18
47.107400340366,10.596108860048,18
47.107037562152,10.609272962656,18
47.148592800553,9.041990654216,18
47.148408283684,9.055172500582,18
47.148222255621,9.068354257860,18
47.148034716363,9.081535925321,18
47.117824272662,10.543972578451,18
47.117467479601,10.557139588174,18
47.117109175345,10.570306425968,18
47.116749359895,10.583473091105,18
47.116388033251,10.596639582860,18
47.157585766162,9.042260090915,18
47.157401218971,9.055444153044,18
47.157215160338,9.068628126084,18
47.157027590262,9.081812009308,18
47.156838508742,9.094995801989,18
47.126812182104,10.544494612057,18
47.126455330412,10.557663837542,18
47.126096967277,10.570832891098,18
47.125737092698,10.584001771998,18
47.125375706677,10.597170479515,18
47.166394134567,9.055715894460,18
47.166208045364,9.068902083987,18
47.166020444470,9.082088183699,18
47.165831331884,9.095274192868,18
47.136155470488,10.531845203428,18
47.135800071856,10.545016816604,18
47.135443161532,10.558188258577,18
47.135084739517,10.571359528620,18
47.134724805810,10.584530626008,18
47.134363360413,10.597701550013,18
47.175387030239,9.055987724828,18
47.175200910466,9.069176131569,18
47.175013278753,9.082364448494,18
47.174824135101,9.095552674876,18
47.174633479509,9.108740809989,18
47.145849776911,10.506017190223,18
47.145497343774,10.519191360837,18
47.145143398698,10.532365361702,18
47.144787941683,10.545539192091,18
47.144430972728,10.558712851278,18
47.144072491833,10.571886338535,18
47.184193755410,9.069450268829,18
47.184006092879,9.082640803693,18
47.183816918160,9.095831248015,18
47.183626231253,9.109021601067,18
47.183434032158,9.122211862123,18
47.154837800984,10.506533082834,18
47.154485309962,10.519709471388,18
47.154131306751,10.532885690192,18
47.153775791352,10.546061738520,18
47.153418763765,10.559237615645,18
47.193186579962,9.069724495768,18
47.192998886614,9.082917249297,18
47.192809680828,9.096109912283,18
47.192618962607,9.109302484000,18
47.192426731949,9.122494963720,18
47.163825804667,10.507049144210,18
47.163473255758,10.520227751428,18
47.163119194412,10.533406188896,18
47.162763620630,10.546584455889,18
47.201991659724,9.083193785305,18
47.201802422872,9.096388667681,18
47.201611673335,9.109583458788,18
47.201419411114,9.122778157898,18
47.201225636208,9.135972764286,18
47.201030348618,9.149167277225,18
47.173862532005,10.468021883296,18
47.173164881836,10.494384378719,18
47.172813787725,10.507565374350,18
47.172461180929,10.520746200958,18
47.172107061449,10.533926857816,18
47.171751429284,10.547107344199,18
47.210795144058,9.096667514209,18
47.210604363206,9.109864525431,18
47.210412069422,9.123061444657,18
47.210218262705,9.136258271161,18
47.210022943055,9.149455004216,18
47.182850666375,10.468531621853,18
47.182502540491,10.481715173465,18
47.182152901675,10.494898557507,18
47.181801749926,10.508081773254,18
47.181449085243,10.521264819977,18
47.181094907628,10.534447696952,18
47.219787844153,9.096946451866,18
47.219597031986,9.110145683930,18
47.219404706639,9.123344823997,18
47.219210868110,9.136543871342,18
47.219015516400,9.149742825238,18
47.218818651509,9.162941684958,18
47.218620273436,9.176140449774,18
47.192185449497,10.455855587702,18
47.191838779653,10.469041526998,18
47.191490596629,10.482227299451,18
47.191140900422,10.495412904334,18
47.190789691035,10.508598340922,18
47.190436968466,10.521783608487,18
47.228397322531,9.123628295918,18
47.228203452191,9.136829564830,18
47.228008068421,9.150030740292,18
47.227811171221,9.163231821579,18
47.227612760592,9.176432807962,18
47.201173598344,10.456363437868,18
47.200826871608,10.469551598730,18
47.200478631441,10.482739592750,18
47.200128877845,10.495927419200,18
47.237196014714,9.137115351624,18
47.237000598884,9.150318749379,18
47.236803669377,9.163522052957,18
47.236605226191,9.176725261633,18
47.236405269327,9.189928374680,18
47.210506995586,10.443680904624,18
47.210161725634,10.456871453895,18
47.209814942004,10.470061837050,18
47.209466644697,10.483252053362,18
47.209116833711,10.496442102105,18
47.245993107556,9.150606852497,18
47.245796145740,9.163812379094,18
47.245597669998,9.177017810788,18
47.245397680330,9.190223146852,18
47.245196176735,9.203428386561,18
47.244993159213,9.216633529187,18
47.219838970400,10.430993925818,18
47.219495157729,10.444186863496,18
47.219149831133,10.457379635785,18
47.218802990610,10.470572241957,18
47.218454636161,10.483764681287,18
47.254985594204,9.150895049648,18
47.254788600080,9.164102799988,18
47.254590091781,9.177310455425,18
47.254390069308,9.190518015233,18
47.254188532660,9.203725478685,18
47.253985481837,9.216932845054,18
47.253780916839,9.230140113614,18
47.229169521807,10.418302499998,18
47.228827166915,10.431497826082,18
47.228483297848,10.444692987504,18
47.228137914607,10.457887983536,18
47.227791017191,10.471082813452,18
47.263781032162,9.164393315639,18
47.263582491306,9.177603195545,18
47.263382436028,9.190812979822,18
47.263180866327,9.204022667743,18
47.262977782203,9.217232258582,18
47.262773183655,9.230441751611,18
47.262567070685,9.243651146104,18
47.238498648831,10.405606625716,18
47.238157752213,10.418804340205,18
47.237815341173,10.432001890758,18
47.237471415710,10.445199276648,18
47.237125975823,10.458396497149,18
47.236779021514,10.471593551534,18
47.272374780257,9.191108040620,18
47.272173177503,9.204319953736,18
47.271970060077,9.217531769769,18
47.271765427980,9.230743487993,18
47.271559281212,9.243955107680,18
47.271351619772,9.257166628105,18
47.271142443661,9.270378048541,18
47.247826350491,10.392906301520,18
47.247486912645,10.406106404413,18
47.247145960128,10.419306344097,18
47.246803492940,10.432506119844,18
47.246459511080,10.445705730929,18
47.246114014549,10.458905176625,18
47.281165465955,9.204617336663,18
47.280962315227,9.217831378616,18
47.280757649580,9.231045322760,18
47.280551469014,9.244259168367,18
47.280343773527,9.257472914712,18
47.280134563122,9.270686561068,18
47.279923837796,9.283900106708,18
47.257489089468,10.366998872909,18
47.257152625810,10.380201525961,18
47.256814647233,10.393404017257,18
47.256475153735,10.406606346070,18
47.256134145318,10.419808511674,18
47.255791621982,10.433010513341,18
47.255447583725,10.446212350346,18
47.289954547420,9.218131085123,18
47.289749848223,9.231347255912,18
47.289543633858,9.244563328165,18
47.289335904325,9.257779301156,18
47.289126659625,9.270995174158,18
47.288915899756,9.284210946443,18
47.288703624719,9.297426617286,18
47.267145965932,10.341082055833,18
47.266812477455,10.354287256862,18
47.266477473810,10.367492297589,18
47.266140954997,10.380697177287,18
47.265802921017,10.393901895228,18
47.265463371868,10.407106450687,18
47.265122307551,10.420310842936,18
47.264779728066,10.433515071249,18
47.298535775512,9.244867587074,18
47.298328011932,9.258085787436,18
47.298118732937,9.271303887809,18
47.297907938525,9.284521887466,18
47.297695628696,9.297739785679,18
47.297481803452,9.310957581724,18
47.276466464366,10.328363598577,18
47.276134436647,10.341571186554,18
47.275800893512,10.354778614954,18
47.275465834961,10.367985883052,18
47.275129260993,10.381192990121,18
47.274791171609,10.394399935433,18
47.274451566809,10.407606718263,18
47.274110446592,10.420813337884,18
47.307320096115,9.258392373553,18
47.307110782824,9.271612702022,18
47.306899953869,9.284832929776,18
47.306687609249,9.298053056086,18
47.306473748965,9.311273080228,18
47.306258373016,9.324493001473,18
47.306041481402,9.337712819096,18
47.285454966067,10.328850660533,18
47.285122883938,10.342060476606,18
47.284789286145,10.355270133103,18
47.284454172687,10.368479629298,18
47.284117543565,10.381688964463,18
47.283779398778,10.394898137873,18
47.283439738326,10.408107148799,18
47.316102809054,9.271921616798,18
47.315891945556,9.285144073373,18
47.315679566144,9.298366428506,18
47.315465670820,9.311588681470,18
47.315250259583,9.324810831538,18
47.315033332432,9.338032877983,18
47.314814889369,9.351254820079,18
47.314594930393,9.364476657098,18
47.314373455503,9.377698388315,18
47.295103169447,10.302913315482,18
47.294774064735,10.316125677350,18
47.294443444110,10.329337881095,18
47.294111307572,10.342549925990,18
47.293777655120,10.355761811310,18
47.293442486756,10.368973536327,18
47.293105802479,10.382185100315,18
47.324883913351,9.285455318259,18
47.324671499148,9.298679902940,18
47.324457568784,9.311904385451,18
47.324242122259,9.325128765067,18
47.324025159572,9.338353041060,18
47.323806680724,9.351577212703,18
47.323586685714,9.364801279271,18
47.323365174543,9.378025240036,18
47.323142147211,9.391249094272,18
47.322917603718,9.404472841251,18
47.304745500441,10.276966581262,18
47.304419374138,10.290181486743,18
47.304091731674,10.303396235555,18
47.303762573049,10.316610826970,18
47.303431898262,10.329825260263,18
47.303099707314,10.343039534707,18
47.302766000204,10.356253649574,18
47.333663408028,9.298993479386,18
47.333449442624,9.312220192171,18
47.333233960810,9.325446802060,18
47.333016962587,9.338673308326,18
47.332798447954,9.351899710243,18
47.332578416911,9.365126007084,18
47.332356869459,9.378352198123,18
47.332133805597,9.391578282632,18
47.331909225325,9.404804259885,18
47.331683128644,9.418030129155,18
47.331455515553,9.431255889716,18
47.331226386052,9.444481540841,18
47.314381955834,10.251010459333,18
47.314058808934,10.264227906246,18
47.313734145625,10.277445197943,18
47.313407965905,10.290662333698,18
47.313080269776,10.303879312783,18
47.312751057238,10.317096134472,18
47.312420328289,10.330312798038,18
47.312088082931,10.343529302755,18
47.342008741244,9.338993679783,18
47.341790190826,9.352222312699,18
47.341570123750,9.365450840539,18
47.341348540017,9.378679262576,18
47.341125439625,9.391907578084,18
47.340900822575,9.405135786336,18
47.340674688867,9.418363886606,18
47.340447038501,9.431591878166,18
47.340217871478,9.444819760290,18
47.339987187796,9.458047532251,18
47.339754987456,9.471275193323,18
47.323692365910,10.238264937319,18
47.323370682748,10.251484769721,18
47.323047482928,10.264704447633,18
47.322722766450,10.277923970329,18
47.322396533314,10.291143337082,18
47.322068783521,10.304362547166,18
47.321739517069,10.317581599854,18
47.321408733959,10.330800494419,18
47.350340185983,9.379006433396,18
47.350117049062,9.392236980629,18
47.349892395234,9.405467420605,18
47.349666224499,9.418697752599,18
47.349438536859,9.431927975884,18
47.349209332312,9.445158089732,18
47.348978610858,9.458388093418,18
47.348746372499,9.471617986215,18
47.348512617233,9.484847767396,18
47.348277345061,9.498077436234,18
47.333001339831,10.225514952347,18
47.332681120904,10.238737170235,18
47.332359385071,10.251959234361,18
47.332036132331,10.265181143998,18
47.331711362685,10.278402898418,18
47.331385076133,10.291624496896,18
47.331057272674,10.304845938705,18
47.330727952309,10.318067223117,18
47.358883943068,9.405799162692,18
47.358657735307,9.419031727136,18
47.358430010392,9.432264182871,18
47.358200768321,9.445496529169,18
47.357970009097,9.458728765305,18
47.357737732717,9.471960890552,18
47.357503939183,9.485192904183,18
47.357268628494,9.498424805471,18
47.357031800651,9.511656593690,18
47.356793455653,9.524888268112,18
47.342941833546,10.186310840014,18
47.342626113660,10.199535747281,18
47.342308876619,10.212760502965,18
47.341990122424,10.225985106340,18
47.341669851073,10.239209556679,18
47.341348062569,10.252433853255,18
47.341024756909,10.265657995341,18
47.340699934095,10.278881982212,18
47.340373594126,10.292105813140,18
47.367421458867,9.432600499126,18
47.367192179273,9.445835078600,18
47.366961382277,9.459069547912,18
47.366729067878,9.472303906334,18
47.366495236075,9.485538153141,18
47.366259886870,9.498772287605,18
47.366023020262,9.512006308999,18
47.365784636251,9.525240216597,18
47.365544734836,9.538474009673,18
47.365303316019,9.551707687499,18
47.365060379799,9.564941249350,18
47.364815926175,9.578174694497,18
47.364569955149,9.591408022216,18
47.364322466720,9.604641231778,18
47.353486843637,10.120636496764,18
47.353178659088,10.133864384220,18
47.352868957135,10.147092123726,18
47.352557737780,10.160319714557,18
47.352245001022,10.173547155984,18
47.351930746861,10.186774447283,18
47.351614975296,10.200001587725,18
47.351297686329,10.213228576585,18
47.350978879959,10.226455413135,18
47.350658556185,10.239682096650,18
47.350336715009,10.252908626401,18
47.350013356430,10.266135001664,18
47.375952730166,9.459410441239,18
47.375720377747,9.472647033562,18
47.375486507677,9.485883514270,18
47.375251119955,9.499119882635,18
47.375014214582,9.512356137930,18
47.374775791557,9.525592279430,18
47.374535850882,9.538828306407,18
47.374294392554,9.552064218134,18
47.374051416576,9.565300013886,18
47.373806922946,9.578535692935,18
47.373560911665,9.591771254555,18
47.373313382733,9.605006698018,18
47.373064336149,9.618242022599,18
47.372813771914,9.631477227571,18
47.372561690027,9.644712312206,18
47.363391585376,10.081397840652,18
47.363087903344,10.094628401497,18
47.362782703661,10.107858816572,18
47.362475986326,10.121089085152,18
47.362167751341,10.134319206509,18
47.361857998703,10.147549179916,18
47.361546728415,10.160779004648,18
47.361233940475,10.174008679977,18
47.360919634884,10.187238205177,18
47.360603811642,10.200467579520,18
47.360286470748,10.213696802281,18
47.359967612203,10.226925872733,18
47.359647236006,10.240154790148,18
47.384242327515,9.499467590561,18
47.384005383377,9.512706080484,18
47.383766921340,9.525944456610,18
47.383526941402,9.539182718214,18
47.383285443565,9.552420864568,18
47.383042427829,9.565658894947,18
47.382797894193,9.578896808622,18
47.382551842657,9.592134604869,18
47.382304273221,9.605372282959,18
47.382055185886,9.618609842167,18
47.381804580651,9.631847281765,18
47.381552457516,9.645084601027,18
47.381298816482,9.658321799227,18
47.381043657548,9.671558875638,18
47.380786980714,9.684795829532,18
47.380528785981,9.698032660184,18
47.372983762108,10.055377846812,18
47.372683066184,10.068610931642,18
47.372380852360,10.081843872157,18
47.372077120637,10.095076667628,18
47.371771871014,10.108309317331,18
47.371465103491,10.121541820537,18
47.371156818069,10.134774176521,18
47.370847014747,10.148006384555,18
47.370535693525,10.161238443914,18
47.370222854404,10.174470353869,18
47.369908497383,10.187702113696,18
47.369592622462,10.200933722666,18
47.369275229642,10.214165180054,18
47.368956318922,10.227396485132,18
47.368635890303,10.240627637174,18
47.392758025364,9.526296748138,18
47.392518006166,9.539537245094,18
47.392276468819,9.552777626801,18
47.392033413324,9.566017892531,18
47.391788839681,9.579258041559,18
47.391542747890,9.592498073158,18
47.391295137952,9.605737986601,18
47.391046009865,9.618977781161,18
47.390795363630,9.632217456112,18
47.390543199247,9.645457010726,18
47.390289516716,9.658696444278,18
47.390034316038,9.671935756041,18
47.389777597211,9.685174945288,18
47.389519360236,9.698414011292,18
47.389259605113,9.711652953326,18
47.388998331842,9.724891770665,18
47.388735540424,9.738130462581,18
47.388471230857,9.751369028348,18
47.388205403142,9.764607467239,18
47.387938057279,9.777845778527,18
47.387669193268,9.791083961485,18
47.386853492348,9.830797733119,18
47.386302100994,9.857272925906,18
47.386024128096,9.870510323628,18
47.385744637049,9.883747587935,18
47.385463627854,9.896984718099,18
47.385181100511,9.910221713394,18
47.384897055020,9.923458573092,18
47.384611491382,9.936695296469,18
47.384324409595,9.949931882795,18
47.384035809660,9.963168331346,18
47.383745691577,9.976404641394,18
47.383454055346,9.989640812213,18
47.383160900968,10.002876843075,18
47.382866228441,10.016112733255,18
47.382570037766,10.029348482026,18
47.382272328943,10.042584088661,18
47.381973101972,10.055819552433,18
47.381672356854,10.069054872616,18
47.381370093587,10.082290048482,18
47.381066312172,10.095525079306,18
47.380761012609,10.108759964361,18
47.380454194898,10.121994702920,18
47.380145859040,10.135229294256,18
47.379836005033,10.148463737643,18
47.379524632878,10.161698032353,18
47.379211742575,10.174932177661,18
47.378897334124,10.188166172840,18
47.400533627133,9.592861659423,18
47.400285976691,9.606103808943,18
47.399786120618,9.632587750610,18
47.399533914987,9.645829541303,18
47.399280190960,9.659071210932,18
47.399024948536,9.672312758773,18
47.398768187716,9.685554184098,18
47.398509908500,9.698795486180,18
47.398250110887,9.712036664292,18
47.397988794878,9.725277717709,18
47.397725960473,9.738518645703,18
47.397461607671,9.751759447547,18
47.397195736473,9.765000122516,18
47.396928346879,9.778240669882,18
47.396659438888,9.791481088918,18
47.396389012501,9.804721378899,18
47.396117067718,9.817961539097,18
47.395843604539,9.831201568786,18
47.395568622963,9.844441467238,18
47.395292122990,9.857681233728,18
47.395014104622,9.870920867529,18
47.394734567857,9.884160367913,18
47.394453512695,9.897399734155,18
47.394170939138,9.910638965528,18
47.393886847184,9.923878061304,18
47.393601236833,9.937117020758,18
47.393314108087,9.950355843163,18
47.393025460944,9.963594527792,18
47.392735295405,9.976833073918,18
47.392443611469,9.990071480814,18
47.392150409137,10.003309747755,18
47.391855688409,10.016547874013,18
47.391559449284,10.029785858861,18
47.391261691763,10.043023701574,18
47.390962415846,10.056261401424,18
47.390661621532,10.069498957684,18
47.390359308822,10.082736369629,18
47.390055477716,10.095973636531,18
47.389750128213,10.109210757664,18
47.389443260314,10.122447732300,18
47.408524604503,9.646202192756,18
47.408270838979,9.659446099190,18
47.408015554810,9.672689883834,18
47.407758751997,9.685933545962,18
47.407500430539,9.699177084847,18
47.407240590437,9.712420499763,18
47.406979231690,9.725663789983,18
47.406716354298,9.738906954781,18
47.406451958262,9.752149993429,18
47.406186043580,9.765392905201,18
47.405918610255,9.778635689370,18
47.405649658284,9.791878345210,18
47.405379187669,9.805120871994,18
47.405107198409,9.818363268996,18
47.404833690505,9.831605535488,18
47.404558663956,9.844847670744,18
47.404282118762,9.858089674037,18
47.404004054923,9.871331544641,18
47.403724472440,9.884573281829,18
47.403443371312,9.897814884875,18
47.403160751540,9.911056353051,18
47.402876613123,9.924297685631,18
47.402590956061,9.937538881888,18
47.402303780355,9.950779941096,18
47.402015086003,9.964020862528,18
47.401724873008,9.977261645457,18
47.401433141367,9.990502289158,18
47.401139891082,10.003742792902,18
47.400845122152,10.016983155963,18
47.400548834578,10.030223377615,18
47.400251028359,10.043463457131,18
47.399951703495,10.056703393784,18
47.399650859986,10.069943186848,18
47.399348497833,10.083182835596,18
47.416749289820,9.686313030880,18
47.416490926121,9.699558807295,18
47.416231043529,9.712804459740,18
47.415969642044,9.726049987489,18
47.415706721665,9.739295389815,18
47.415442282394,9.752540665992,18
47.415176324230,9.765785815293,18
47.414908847172,9.779030836992,18
47.414639851222,9.792275730361,18
47.414369336379,9.805520494674,18
47.414097302642,9.818765129204,18
47.413823750013,9.832009633225,18
47.413548678491,9.845254006010,18
47.413272088076,9.858498246832,18
47.412993978767,9.871742354966,18
47.412714350566,9.884986329683,18
47.412433203472,9.898230170257,18
47.412150537484,9.911473875962,18
47.411866352604,9.924717446071,18
47.411580648831,9.937960879857,18
47.411293426164,9.951204176594,18
47.411004684605,9.964447335555,18
47.410714424153,9.977690356014,18
47.410422644808,9.990933237243,18
47.410129346569,10.004175978516,18
47.409834529438,10.017418579106,18
47.409538193414,10.030661038287,18
47.409240338496,10.043903355332,18
47.408940964686,10.057145529515,18
47.423630017469,9.792673244370,18
47.423359458397,9.805920246937,18
47.423087380185,9.819167119722,18
47.422813782830,9.832413861998,18
47.422538666335,9.845660473037,18
47.422262030698,9.858906952114,18
