46.06891493,7.80826324,18
46.06863412,7.88580557,18
46.06858213,7.89872921,18
46.06852866,7.91165282,18
46.07806791,7.75662027,18
46.07803072,7.76954626,18
46.07799206,7.78247222,18
46.07795192,7.79539817,18
46.07791029,7.80832410,18
46.07786718,7.82125000,18
46.07767994,7.87295340,18
46.07762943,7.88587919,18
46.07757743,7.89880496,18
46.07752396,7.91173070,18
46.07746900,7.92465641,18
46.07741256,7.93758210,18
46.07735464,7.95050776,18
46.07729524,7.96343339,18
46.07723435,7.97635899,18
46.07717199,7.98928456,18
46.07710814,8.00221009,18
46.08709901,7.74374450,18
46.08706330,7.75667263,18
46.08702611,7.76960075,18
46.08698744,7.78252884,18
46.08694729,7.79545692,18
46.08690566,7.80838497,18
46.08686254,7.82131301,18
46.08681795,7.83424102,18
46.08677187,7.84716901,18
46.08667527,7.87302492,18
46.08662475,7.88595284,18
46.08657274,7.89888074,18
46.08651926,7.91180860,18
46.08646429,7.92473645,18
46.08640784,7.93766426,18
46.08634991,7.95059205,18
46.08629050,7.96351981,18
46.08622961,7.97644753,18
46.08616723,7.98937523,18
46.08610338,8.00230290,18
46.08603804,8.01523053,18
46.08590292,8.04108571,18
46.08583313,8.05401324,18
46.08576187,8.06694074,18
46.09627757,7.66621286,18
46.09609441,7.74379475,18
46.09605870,7.75672501,18
46.09602151,7.76965526,18
46.09598283,7.78258548,18
46.09594267,7.79551569,18
46.09590103,7.80844587,18
46.09585791,7.82137603,18
46.09581331,7.83430618,18
46.09576722,7.84723630,18
46.09567061,7.87309647,18
46.09562008,7.88602651,18
46.09556806,7.89895654,18
46.09551457,7.91188654,18
46.09545959,7.92481651,18
46.09540314,7.93774645,18
46.09534520,7.95067637,18
46.09528577,7.96360625,18
46.09522487,7.97653611,18
46.09516248,7.98946594,18
46.09509862,8.00239574,18
46.09503327,8.01532550,18
46.09496644,8.02825523,18
46.09489812,8.04118493,18
46.09482833,8.05411460,18
46.09475705,8.06704423,18
46.09468429,8.07997382,18
46.09461005,8.09290338,18
46.09453433,8.10583290,18
46.09445713,8.11876239,18
46.10536550,7.61452030,18
46.10534460,7.62745283,18
46.10532222,7.64038534,18
46.10529836,7.65331785,18
46.10527302,7.66625035,18
46.10524619,7.67918283,18
46.10521788,7.69211530,18
46.10518809,7.70504775,18
46.10512407,7.73091261,18
46.10508983,7.74384502,18
46.10505411,7.75677741,18
46.10501691,7.76970978,18
46.10497823,7.78264214,18
46.10493806,7.79557447,18
46.10489642,7.80850679,18
46.10485329,7.82143908,18
46.10480868,7.83437135,18
46.10476259,7.84730360,18
46.10471501,7.86023583,18
46.10466595,7.87316803,18
46.10450989,7.91196449,18
46.10445490,7.92489659,18
46.10439844,7.93782867,18
46.10434049,7.95076071,18
46.10428105,7.96369273,18
46.10422014,7.97662472,18
46.10415774,7.98955668,18
46.10409387,8.00248860,18
46.10402851,8.01542050,18
46.10396166,8.02835236,18
46.10389334,8.04128419,18
46.10382353,8.05421598,18
46.10375224,8.06714775,18
46.10367947,8.08007947,18
46.10360522,8.09301116,18
46.10352949,8.10594281,18
46.10345227,8.11887443,18
46.10337357,8.13180600,18
46.11441478,7.57574524,18
46.11436097,7.61454927,18
46.11434007,7.62748393,18
46.11431769,7.64041858,18
46.11429382,7.65335322,18
46.11426847,7.66628785,18
46.11424164,7.67922246,18
46.11421333,7.69215706,18
46.11418353,7.70509164,18
46.11415226,7.71802621,18
46.11411950,7.73096077,18
46.11408525,7.74389531,18
46.11404953,7.75682983,18
46.11375795,7.84737093,18
46.11371037,7.86030529,18
46.11366131,7.87323963,18
46.11321542,7.97671336,18
46.11315301,7.98964745,18
46.11302375,8.01551553,18
46.11295690,8.02844952,18
46.11288856,8.04138348,18
46.11281875,8.05431741,18
46.11274744,8.06725130,18
46.11267466,8.08018515,18
46.11260040,8.09311897,18
46.11252465,8.10605276,18
46.11244742,8.11898650,18
46.11236871,8.13192021,18
46.11228851,8.14485388,18
46.12346127,7.52402049,18
46.12345074,7.53695733,18
46.12343873,7.54989417,18
46.12342524,7.56283100,18
46.12341027,7.57576783,18
46.12339381,7.58870465,18
46.12335645,7.61457826,18
46.12333554,7.62751505,18
46.12331316,7.64045183,18
46.12328929,7.65338860,18
46.12326393,7.66632536,18
46.12323710,7.67926210,18
46.12320878,7.69219884,18
46.12317898,7.70513555,18
46.12314770,7.71807225,18
46.12311493,7.73100894,18
46.12308069,7.74394561,18
46.12201901,8.01561059,18
46.12174265,8.06735489,18
46.12166986,8.08029087,18
46.12159558,8.09322683,18
46.12151982,8.10616274,18
46.12144258,8.11909862,18
46.12136385,8.13203446,18
46.12128364,8.14497026,18
46.13246581,7.51109558,18
46.13245677,7.52403456,18
46.13244624,7.53697354,18
46.13243423,7.54991251,18
46.13242074,7.56285147,18
46.13240576,7.57579043,18
46.13238930,7.58872938,18
46.13237136,7.60166833,18
46.13235193,7.61460726,18
46.13233103,7.62754618,18
46.13230863,7.64048510,18
46.13228476,7.65342400,18
46.13225940,7.66636289,18
46.13217444,7.70517948,18
46.13043774,8.11921077,18
46.13035900,8.13214874,18
46.13027878,8.14508667,18
46.14147601,7.39463739,18
46.14148268,7.45934303,18
46.14147957,7.47228415,18
46.14147497,7.48522528,18
46.14146889,7.49816640,18
46.14146133,7.51110752,18
46.14145228,7.52404864,18
46.14144175,7.53698975,18
46.14142974,7.54993085,18
46.14141624,7.56287195,18
46.14140126,7.57581304,18
46.14138480,7.58875413,18
46.14136685,7.60169520,18
46.14125488,7.66640043,18
46.13935416,8.13226307,18
46.13927393,8.14520313,18
46.15045848,7.36874363,18
46.15046574,7.38168688,18
46.15047153,7.39463014,18
46.15047583,7.40757339,18
46.15047865,7.42051666,18
46.15047998,7.43345992,18
46.15047984,7.44640318,18
46.15047820,7.45934644,18
46.15047509,7.47228970,18
46.15047049,7.48523296,18
46.15046441,7.49817622,18
46.15045684,7.51111947,18
46.15044780,7.52406272,18
46.15043726,7.53700596,18
46.15042525,7.54994920,18
46.15041175,7.56289243,18
46.15038030,7.58877888,18
46.14818735,8.15826179,18
46.14810413,8.17120390,18
46.15944525,7.35578672,18
46.15945400,7.36873210,18
46.15946127,7.38167749,18
46.15946706,7.39462288,18
46.15947136,7.40756827,18
46.15947418,7.42051367,18
46.15947551,7.43345906,18
46.15947537,7.44640446,18
46.15947373,7.45934986,18
46.15947062,7.47229525,18
46.15946602,7.48524064,18
46.15945994,7.49818603,18
46.15945237,7.51113142,18
46.15944332,7.52407680,18
46.15943279,7.53702218,18
46.15709926,8.17132471,18
46.16841882,7.32987803,18
46.16843054,7.34282554,18
46.16844078,7.35577305,18
46.16844953,7.36872057,18
46.16845680,7.38166809,18
46.16846259,7.39461562,18
46.16846689,7.40756315,18
46.16846971,7.42051068,18
46.16847105,7.43345821,18
46.16847090,7.44640574,18
46.16846927,7.45935327,18
46.16846615,7.47230080,18
46.16846155,7.48524833,18
46.16845547,7.49819586,18
46.16844790,7.51114338,18
46.16843885,7.52409090,18
46.16609440,8.17144556,18
46.17740114,7.31691045,18
46.17741435,7.32986009,18
46.17742608,7.34280973,18
46.17743632,7.35575938,18
46.17744507,7.36870904,18
46.17745234,7.38165870,18
46.17745813,7.39460836,18
46.17746244,7.40755802,18
46.17746644,7.44640702,18
46.17746481,7.45935669,18
46.18638199,7.30393860,18
46.18639668,7.31689037,18
46.18640989,7.32984214,18
46.18642162,7.34279392,18
46.18643186,7.35574571,18
46.18644062,7.36869750,18
46.18644789,7.38164929,18
46.19536134,7.29096247,18
46.19537753,7.30391637,18
46.19539222,7.31687027,18
46.19540544,7.32982419,18
46.19541716,7.34277811,18
46.19542741,7.35573203,18
46.20433922,7.27798207,18
46.20435689,7.29093810,18
46.20437307,7.30389413,18
46.20438777,7.31685018,18
46.20440099,7.32980623,18
46.20441272,7.34276228,18
46.21327284,7.23908111,18
46.21329496,7.25203925,18
46.21331561,7.26499739,18
46.21333476,7.27795555,18
46.21335244,7.29091372,18
46.21336862,7.30387189,18
46.21338333,7.31683007,18
46.21339654,7.32978826,18
46.20942665,8.39231378,18
46.20931661,8.40527000,18
46.22224476,7.22608790,18
46.22226838,7.23904816,18
46.22229051,7.25200844,18
46.22231115,7.26496872,18
46.22233031,7.27792902,18
46.22234799,7.29088933,18
46.22236418,7.30384964,18
46.22237888,7.31680996,18
46.21842155,8.39247124,18
46.21831149,8.40542960,18
46.21819994,8.41838791,18
46.21808691,8.43134616,18
46.21797239,8.44430436,18
46.23121519,7.21309040,18
46.23124030,7.22605280,18
46.23126392,7.23901520,18
46.23128606,7.25197762,18
46.23130671,7.26494005,18
46.23132587,7.27790248,18
46.23134355,7.29086493,18
46.22741645,8.39262876,18
46.22730637,8.40558926,18
46.22719481,8.41854971,18
46.22708175,8.43151010,18
46.22696722,8.44447044,18
46.22685119,8.45743072,18
46.24021074,7.21305315,18
46.24023585,7.22601769,18
46.24025947,7.23898223,18
46.24028161,7.25194679,18
46.24030226,7.26491136,18
46.23641136,8.39278633,18
46.23630126,8.40574897,18
46.23618968,8.41871156,18
46.23607660,8.43167409,18
46.23596205,8.44463657,18
46.23584601,8.45759899,18
46.24920628,7.21301589,18
46.24923140,7.22598256,18
46.24925503,7.23894925,18
46.24927717,7.25191595,18
46.24518455,8.41887346,18
46.24507146,8.43183814,18
46.24495688,8.44480276,18
46.24484082,8.45776732,18
46.24472328,8.47073183,18
46.25820183,7.21297861,18
46.25822695,7.22594743,18
46.25825058,7.23891626,18
46.25406632,8.43200224,18
46.25395172,8.44496901,18
46.25383564,8.45793571,18
46.25371808,8.47090236,18
46.25359902,8.48386895,18
46.26714268,7.18699944,18
46.26717078,7.19997037,18
46.26719739,7.21294132,18
46.26722251,7.22591228,18
46.26724615,7.23888326,18
46.26306118,8.43216640,18
46.26294657,8.44513531,18
46.26283047,8.45810416,18
46.26271288,8.47107295,18
46.26259381,8.48404168,18
46.26247325,8.49701036,18
46.27610864,7.17398478,18
46.27613823,7.18695785,18
46.27616633,7.19993093,18
46.27619294,7.21290402,18
46.27621807,7.22587712,18
46.27624171,7.23885024,18
46.27194142,8.44530167,18
46.27182530,8.45827266,18
46.27170769,8.47124359,18
46.27158860,8.48421447,18
46.27146802,8.49718529,18
46.27134595,8.51015605,18
46.28510419,7.17394103,18
46.28513378,7.18691624,18
46.28516189,7.19989147,18
46.28518851,7.21286671,18
46.28521364,7.22584195,18
46.28082013,8.45844122,18
46.28070250,8.47141430,18
46.28058339,8.48438732,18
46.28046279,8.49736028,18
46.28034070,8.51033319,18
46.28021713,8.52330603,18
46.29406866,7.16091993,18
46.29409974,7.17389727,18
46.29412934,7.18687463,18
46.29415745,7.19985200,18
46.28969732,8.47158506,18
46.28957818,8.48456023,18
46.28945756,8.49753534,18
46.28933546,8.51051039,18
46.28921186,8.52348538,18
46.30296201,7.12193564,18
46.30299756,7.13491508,18
46.30303163,7.14789454,18
46.30306420,7.16087401,18
46.30309529,7.17385349,18
46.30312490,7.18683299,18
46.30315301,7.19981251,18
46.29857298,8.48473319,18
46.29845234,8.49771045,18
46.29833021,8.51068764,18
46.29820660,8.52366478,18
46.29808149,8.53664185,18
46.31195754,7.12188327,18
46.31199310,7.13486485,18
46.31202717,7.14784645,18
46.31205975,7.16082807,18
46.31209085,7.17380970,18
46.31212046,7.18679135,18
46.31214858,7.19977301,18
46.30744712,8.49788562,18
46.30732497,8.51086496,18
46.30720134,8.52384424,18
46.30707621,8.53682346,18
46.30694960,8.54980262,18
46.32095308,7.12183087,18
46.32098864,7.13481460,18
46.32102272,7.14779835,18
46.32105531,7.16078211,18
46.32111602,7.18674969,18
46.31644191,8.49806084,18
46.31631974,8.51104233,18
46.31619608,8.52402376,18
46.31607094,8.53700513,18
46.31594430,8.54998644,18
46.32994862,7.12177845,18
46.32998419,7.13476433,18
46.33001827,7.14775023,18
46.33005086,7.16073614,18
46.32531450,8.51121977,18
46.32519082,8.52420335,18
46.32506566,8.53718687,18
46.32493900,8.55017032,18
46.32481086,8.56315372,18
46.33886854,7.09575002,18
46.33890709,7.10873801,18
46.33894416,7.12172602,18
46.33897973,7.13471405,18
46.33901382,7.14770210,18
46.33904642,7.16069016,18
46.33418557,8.52438299,18
46.33406038,8.53736866,18
46.33393371,8.55035427,18
46.33380555,8.56333981,18
46.34782402,7.08270315,18
46.34786407,7.09569327,18
46.34790263,7.10868341,18
46.34793970,7.12167357,18
46.34797528,7.13466375,18
46.34800938,7.14765394,18
46.34318032,8.52456270,18
46.34305511,8.53755052,18
46.34292842,8.55053827,18
46.34280023,8.56352596,18
46.34267056,8.57651359,18
46.35681955,7.08264423,18
46.35685960,7.09563650,18
46.35689817,7.10862879,18
46.35693524,7.12162110,18
46.35204984,8.53773243,18
46.35192312,8.55072234,18
46.35179492,8.56371218,18
46.35166522,8.57670196,18
46.36581507,7.08258529,18
46.36585513,7.09557971,18
46.36589371,7.10857416,18
46.36593079,7.12156862,18
46.36104457,8.53791441,18
46.36091783,8.55090647,18
46.36078961,8.56389846,18
46.36065989,8.57689039,18
46.37476904,7.06952978,18
46.37481060,7.08252633,18
46.37485067,7.09552291,18
46.37488925,7.10851950,18
46.36991254,8.55109066,18
46.36978430,8.56408480,18
46.36965456,8.57707889,18
46.36952333,8.59007290,18
46.38372151,7.05646996,18
46.38376456,7.06946864,18
46.38380613,7.08246735,18
46.38384620,7.09546608,18
46.38388479,7.10846483,18
46.37890726,8.55127491,18
46.37877899,8.56427121,18
46.37864922,8.57726744,18
46.37851797,8.59026362,18
46.39267247,7.04340583,18
46.39271702,7.05640665,18
46.39276008,7.06940749,18
46.39280166,7.08240835,18
46.39284174,7.09540924,18
46.39288033,7.10841014,18
46.38790197,8.55145923,18
46.38777368,8.56445768,18
46.38764389,8.57745607,18
46.38751262,8.59045439,18
46.38737986,8.60345265,18
46.40166798,7.04334035,18
46.40171254,7.05634333,18
46.40175561,7.06934632,18
46.40179719,7.08234934,18
46.39676837,8.56464421,18
46.39663856,8.57764475,18
46.39650727,8.59064523,18
46.39637449,8.60364564,18
46.41061743,7.03026974,18
46.41066349,7.04327485,18
46.41070805,7.05627998,18
46.41075113,7.06928513,18
46.41079271,7.08229030,18
46.40576306,8.56483080,18
46.40563323,8.57783350,18
46.40550192,8.59083613,18
46.40536911,8.60383870,18
46.40523481,8.61684121,18
46.41956537,7.01719483,18
46.41961293,7.03020206,18
46.41965899,7.04320933,18
46.41970357,7.05621661,18
46.41974665,7.06922391,18
46.41978824,7.08223124,18
46.41462790,8.57802231,18
46.41449657,8.59102710,18
46.41436374,8.60403183,18
46.41422942,8.61703649,18
46.42856086,7.01712497,18
46.42860843,7.03013436,18
46.42865450,7.04314378,18
46.42869908,7.05615322,18
46.42362257,8.57821119,18
46.42349121,8.59121813,18
46.42335836,8.60422501,18
46.42322402,8.61723183,18
46.43750729,7.00404356,18
46.43755636,7.01705509,18
46.43760393,7.03006664,18
46.43765001,7.04307821,18
46.43769460,7.05608981,18
46.43248586,8.59140923,18
46.43235299,8.60441827,18
46.43221862,8.61742724,18
46.43208277,8.63043615,18
46.44650278,7.00397149,18
46.44655185,7.01698518,18
46.44659943,7.02999889,18
46.44664551,7.04301262,18
46.44148051,8.59160039,18
46.44134761,8.60461159,18
46.44121323,8.61762272,18
46.44107735,8.63063378,18
46.44093998,8.64364478,18
46.45544769,6.99088359,18
46.45549826,7.00389941,18
46.45554734,7.01691525,18
46.45559492,7.02993112,18
46.45564102,7.04294701,18
46.45034223,8.60480497,18
46.45020783,8.61781826,18
46.45007193,8.63083148,18
46.44993453,8.64384464,18
46.46444316,6.99080932,18
46.46449374,7.00382730,18
46.46454282,7.01684530,18
46.46459042,7.02986333,18
46.45933686,8.60499842,18
46.45920243,8.61801387,18
46.45906650,8.63102925,18
46.45892909,8.64404456,18
46.45879018,8.65705981,18
46.47338655,6.97771491,18
46.47343863,6.99073502,18
46.47348922,7.00375516,18
46.47353831,7.01677532,18
46.47358592,7.02979551,18
46.46819702,8.61820954,18
46.46806108,8.63122708,18
46.46792364,8.64424455,18
46.46778471,8.65726196,18
46.46764429,8.67027930,18
46.48238201,6.97763843,18
46.48243410,6.99066070,18
46.48248469,7.00368300,18
46.48253380,7.01670532,18
46.47705565,8.63142498,18
46.47691819,8.64444461,18
46.47677924,8.65746418,18
46.47663879,8.67048368,18
46.47649685,8.68350311,18
46.49132388,6.96453751,18
46.49137747,6.97756192,18
46.49142956,6.99058636,18
46.49148017,7.00361082,18
46.49152928,7.01663530,18
46.48605022,8.63162295,18
46.48591274,8.64464474,18
46.48577376,8.65766647,18
46.48563329,8.67068813,18
46.50031932,6.96445882,18
46.50037292,6.97748539,18
46.50042503,6.99051199,18
46.50047564,7.00353861,18
46.50052476,7.01656525,18
46.49490729,8.64484494,18
46.49476829,8.65786883,18
46.49462779,8.67089265,18
46.50931477,6.96438010,18
46.50936838,6.97740883,18
46.50942049,6.99043759,18
46.50947111,7.00346638,18
46.50403936,8.63201908,18
46.50390183,8.64504520,18
46.50376281,8.65807125,18
46.50362229,8.67109724,18
46.50348028,8.68412315,18
46.51831021,6.96430135,18
46.51836383,6.97733225,18
46.51841595,6.99036317,18
46.51846658,7.00339412,18
46.51289637,8.64524553,18
46.51275733,8.65827374,18
46.51261679,8.67130189,18
46.51247475,8.68432997,18
46.52730565,6.96422258,18
46.52735928,6.97725564,18
46.52741141,6.99028873,18
46.52746205,7.00332184,18
46.52189091,8.64544592,18
46.52175184,8.65847630,18
46.52161128,8.67150661,18
46.52146922,8.68453686,18
46.52132567,8.69756703,18
46.53624596,6.95110858,18
46.53630109,6.96414378,18
46.53635472,6.97717900,18
46.53640686,6.99021426,18
46.53645751,7.00324953,18
46.53074636,8.65867893,18
46.53060577,8.67171141,18
46.53046369,8.68474382,18
46.53032012,8.69777616,18
46.54518475,6.93799025,18
46.54524138,6.95102759,18
46.54529652,6.96406495,18
46.54535016,6.97710234,18
46.54540231,6.99013976,18
46.53974087,8.65888163,18
46.53960026,8.67191627,18
46.53945815,8.68495084,18
46.53931455,8.69798535,18
46.55423680,6.95094657,18
46.55429195,6.96398610,18
46.55434560,6.97702566,18
46.54859474,8.67212120,18
46.54845261,8.68515794,18
46.54830899,8.69819461,18
46.54816387,8.71123121,18
46.56323222,6.95086552,18
46.56328737,6.96390722,18
46.56334104,6.97694894,18
46.55758922,8.67232620,18
46.55744707,8.68536511,18
46.55730342,8.69840394,18
46.55715828,8.71144271,18
46.57217097,6.93774061,18
46.57222763,6.95078445,18
46.57228280,6.96382831,18
46.57233647,6.97687221,18
46.57238864,6.98991613,18
46.56658369,8.67253127,18
46.56644152,8.68557234,18
46.56629785,8.69861335,18
46.56615268,8.71165428,18
46.58116637,6.93765734,18
46.58122304,6.95070335,18
46.58127821,6.96374938,18
46.58133189,6.97679544,18
46.57557816,8.67273640,18
46.57543597,8.68577964,18
46.57529227,8.69882282,18
46.57514708,8.71186592,18
46.59010359,6.92452589,18
46.59016176,6.93757404,18
46.59021844,6.95062222,18
46.59027363,6.96367042,18
46.58457263,8.67294161,18
46.58443041,8.68598702,18
46.58428669,8.69903236,18
46.58414148,8.71207764,18
46.58399477,8.72512284,18
46.59909897,6.92444040,18
46.59915715,6.93749072,18
46.59921384,6.95054107,18
46.59926903,6.96359144,18
46.59342485,8.68619446,18
46.59328110,8.69924197,18
46.59313587,8.71228942,18
46.59298913,8.72533679,18
46.60809434,6.92435488,18
46.60815254,6.93740737,18
46.60820923,6.95045988,18
46.60826444,6.96351243,18
46.60241928,8.68640197,18
46.60227551,8.69945166,18
46.60213025,8.71250127,18
46.60198350,8.72555081,18
46.61708971,6.92426932,18
46.61714792,6.93732399,18
46.61720462,6.95037867,18
46.61725984,6.96343339,18
46.61155600,8.67355763,18
46.61141371,8.68660956,18
46.61126992,8.69966141,18
46.61112463,8.71271320,18
46.61097785,8.72576491,18
46.62608508,6.92418374,18
46.62614329,6.93724058,18
46.62620001,6.95029744,18
46.62625523,6.96335433,18
46.62040813,8.68681721,18
46.62026432,8.69987123,18
46.62011901,8.71292519,18
46.61997220,8.72597908,18
46.63508044,6.92409814,18
46.63513866,6.93715714,18
46.63519539,6.95021618,18
46.63525061,6.96327524,18
46.62940255,8.68702493,18
46.62925871,8.70008113,18
46.62911338,8.71313726,18
46.62896654,8.72619332,18
46.64407579,6.92401250,18
46.64413402,6.93707368,18
46.64419076,6.95013489,18
46.64424600,6.96319612,18
46.63825310,8.70029109,18
46.63810774,8.71334939,18
46.63796088,8.72640763,18
46.63781253,8.73946579,18
46.65301140,6.91086351,18
46.65307114,6.92392683,18
46.65312938,6.93699019,18
46.65318612,6.95005357,18
46.64724748,8.70050112,18
46.64710209,8.71356160,18
46.64695522,8.72662201,18
46.64680684,8.73968234,18
46.66200673,6.91077564,18
46.66206648,6.92384114,18
46.66212473,6.93690667,18
46.66218148,6.94997222,18
46.65624185,8.70071123,18
46.65609645,8.71377388,18
46.65594954,8.72683646,18
46.65580114,8.73989897,18
46.65565124,8.75296141,18
46.67106181,6.92375542,18
46.67112007,6.93682312,18
46.67117684,6.94989085,18
46.67123210,6.96295861,18
46.66509079,8.71398623,18
46.66494386,8.72705099,18
46.66479544,8.74011567,18
46.66464551,8.75318029,18
46.68005714,6.92366966,18
46.68011541,6.93673954,18
46.68017218,6.94980945,18
46.68022746,6.96287939,18
46.67408513,8.71419865,18
46.67393817,8.72726559,18
46.67378972,8.74033245,18
46.67363978,8.75339924,18
46.68905246,6.92358388,18
46.68911074,6.93665594,18
46.68916752,6.94972803,18
46.68922281,6.96280014,18
46.68307946,8.71441114,18
46.68293248,8.72748025,18
46.68278400,8.74054929,18
46.68263403,8.75361826,18
46.68248256,8.76668715,18
46.69798798,6.91042387,18
46.69804777,6.92349807,18
46.69810606,6.93657231,18
46.69816285,6.94964657,18
46.69207378,8.71462370,18
46.69192678,8.72769499,18
46.69177828,8.74076621,18
46.69162828,8.75383736,18
46.70704307,6.92341224,18
46.70710137,6.93648865,18
46.70715818,6.94956509,18
46.70721348,6.96264156,18
46.70106809,8.71483634,18
46.70092107,8.72790980,18
46.70077254,8.74098320,18
46.70062252,8.75405652,18
46.71603837,6.92332637,18
46.71609668,6.93640497,18
46.71615349,6.94948359,18
46.71620881,6.96256224,18
46.71006240,8.71504904,18
46.70991535,8.72812469,18
46.70976680,8.74120026,18
46.70961676,8.75427577,18
46.72503366,6.92324048,18
46.72509198,6.93632125,18
46.72514880,6.94940205,18
46.72520412,6.96248288,18
46.71890963,8.72833964,18
46.71876105,8.74141740,18
46.71861098,8.75449508,18
46.71845941,8.76757269,18
46.73402894,6.92315455,18
46.73408727,6.93623751,18
46.73414410,6.94932049,18
46.73419943,6.96240350,18
46.73425326,6.97548654,18
46.72790389,8.72855467,18
46.72775530,8.74163460,18
46.72760520,8.75471447,18
46.72745360,8.76779426,18
46.74302422,6.92306860,18
46.74308255,6.93615374,18
46.74313939,6.94923890,18
46.74319473,6.96232409,18
46.73704528,8.71568758,18
46.73689815,8.72876977,18
46.73674953,8.74185188,18
46.73659941,8.75493393,18
46.75201948,6.92298262,18
46.75207783,6.93606994,18
46.75213468,6.94915729,18
46.75219003,6.96224466,18
46.74589240,8.72898493,18
46.74574376,8.74206923,18
46.74559361,8.75515346,18
46.76101473,6.92289661,18
46.76107309,6.93598611,18
46.76112995,6.94907564,18
46.76118531,6.96216520,18
46.75488664,8.72920017,18
46.75473797,8.74228666,18
46.75458780,8.75537307,18
46.77000998,6.92281058,18
46.77006835,6.93590226,18
46.77012522,6.94899397,18
46.77018058,6.96208571,18
46.76402807,8.71632675,18
46.76388087,8.72941549,18
46.76373218,8.74250415,18
46.76358198,8.75559275,18
46.76343028,8.76868127,18
46.77894534,6.90963067,18
46.77900522,6.92272451,18
46.77906360,6.93581838,18
46.77912047,6.94891228,18
46.77302232,8.71653995,18
46.77287510,8.72963087,18
46.77272638,8.74272172,18
46.77257615,8.75581250,18
46.78794056,6.90954239,18
46.78800044,6.92263841,18
46.78805883,6.93573447,18
46.78811572,6.94883055,18
46.78201655,8.71675322,18
46.78186931,8.72984633,18
46.78172056,8.74293936,18
46.78157032,8.75603233,18
46.79693576,6.90945408,18
46.79699566,6.92255229,18
46.79705406,6.93565053,18
46.79711096,6.94874880,18
46.79716635,6.96184710,18
46.79115655,8.70387119,18
46.79101078,8.71696656,18
46.79086351,8.73006185,18
46.79071474,8.74315707,18
46.79056447,8.75625222,18
46.80599087,6.92246614,18
46.80604928,6.93556657,18
46.80610618,6.94866702,18
46.80616159,6.96176750,18
46.80015079,8.70408242,18
46.80000500,8.71717997,18
46.79985771,8.73027745,18
46.79970891,8.74337486,18
46.81498607,6.92237996,18
46.81504448,6.93548257,18
46.81510140,6.94858522,18
46.81515681,6.96168789,18
46.80914502,8.70429371,18
46.80899921,8.71739345,18
46.80885189,8.73049312,18
46.80870307,8.74359272,18
46.82398125,6.92229375,18
46.82403968,6.93539855,18
46.82409660,6.94850338,18
46.82415203,6.96160824,18
46.81813924,8.70450508,18
46.81799340,8.71760701,18
46.81784606,8.73070886,18
46.81769722,8.74381065,18
46.83297643,6.92220751,18
46.83303486,6.93531450,18
46.83309180,6.94842152,18
46.83314723,6.96152857,18
46.82713345,8.70471651,18
46.82698759,8.71782063,18
46.82684022,8.73092467,18
46.82669135,8.74402865,18
46.84197159,6.92212125,18
46.84203004,6.93523043,18
46.84208698,6.94833964,18
46.84214242,6.96144887,18
46.83612765,8.70492802,18
46.83598176,8.71803433,18
46.83583437,8.73114056,18
46.83568548,8.74424672,18
46.85096675,6.92203495,18
46.85102520,6.93514632,18
46.85108215,6.94825772,18
46.85113760,6.96136915,18
46.84512184,8.70513960,18
46.84497593,8.71824809,18
46.84482851,8.73135652,18
46.84467959,8.74446487,18
46.84452917,8.75757315,18
46.85996189,6.92194863,18
46.86002035,6.93506219,18
46.86007731,6.94817578,18
46.86013277,6.96128940,18
46.85397008,8.71846193,18
46.85382264,8.73157254,18
46.85367370,8.74468309,18
46.86895702,6.92186228,18
46.86901549,6.93497803,18
46.86907246,6.94809381,18
46.86912793,6.96120962,18
46.86918190,6.97432545,18
46.86281675,8.73178864,18
46.86266779,8.74490138,18
46.86251732,8.75801404,18
46.87801062,6.93489384,18
46.87806760,6.94801182,18
46.87812308,6.96112982,18
46.87817705,6.97424784,18
46.87195835,8.71888981,18
46.87181086,8.73200481,18
46.87166187,8.74511974,18
46.87151137,8.75823460,18
46.87135937,8.77134938,18
46.88700574,6.93480963,18
46.88706273,6.94792979,18
46.88711821,6.96104999,18
46.88717220,6.97417021,18
46.88722467,6.98729045,18
46.88095246,8.71910386,18
46.88080495,8.73222105,18
46.88065593,8.74533818,18
46.88050541,8.75845522,18
46.89600084,6.93472538,18
46.89605784,6.94784774,18
46.89611333,6.96097013,18
46.89616733,6.97409254,18
46.89621981,6.98721499,18
46.89009260,8.70619852,18
46.88994657,8.71931798,18
46.88979903,8.73243737,18
46.88964999,8.74555668,18
46.88949944,8.75867592,18
46.90505294,6.94776567,18
46.90510844,6.96089025,18
46.90516244,6.97401486,18
46.90521494,6.98713949,18
46.90526593,7.00026415,18
46.89923127,8.69328880,18
46.89908671,8.70641052,18
46.89894066,8.71953217,18
46.89879309,8.73265375,18
46.91404803,6.94768356,18
46.91410354,6.96081034,18
46.91415755,6.97393714,18
46.91421005,6.98706397,18
46.91426105,7.00019083,18
46.90822539,8.69349867,18
46.90808082,8.70662259,18
46.90793473,8.71974643,18
46.90778715,8.73287021,18
46.90763806,8.74599391,18
46.92309862,6.96073040,18
46.92315264,6.97385940,18
46.92320515,6.98698843,18
46.92325616,7.00011748,18
46.92330567,7.01324656,18
46.91736260,8.68058243,18
46.91721950,8.69370861,18
46.91707490,8.70683472,18
46.91692880,8.71996077,18
46.91678119,8.73308674,18
46.93214772,6.97378164,18
46.93220024,6.98691286,18
46.93225126,7.00004411,18
46.93230077,7.01317538,18
46.92635672,8.68079024,18
46.92621360,8.69391862,18
46.92606898,8.70704693,18
46.92592285,8.72017517,18
46.92577522,8.73330334,18
46.94114279,6.97370385,18
46.94119532,6.98683727,18
46.94124634,6.99997071,18
46.94129586,7.01310418,18
46.94134388,7.02623768,18
46.93520769,8.69412870,18
46.93506304,8.70725921,18
46.93491689,8.72038964,18
46.95019038,6.98676165,18
46.95024141,6.99989729,18
46.95029094,7.01303296,18
46.95033896,7.02616865,18
46.95038548,7.03930437,18
46.94434493,8.68120607,18
46.94420176,8.69433885,18
46.94405709,8.70747155,18
46.94391091,8.72060419,18
46.95918542,6.98668601,18
46.95923646,6.99982385,18
46.95928600,7.01296172,18
46.95933403,7.02609961,18
46.95938056,7.03923752,18
46.95333901,8.68141409,18
46.95319582,8.69454906,18
46.95305112,8.70768397,18
46.95290492,8.72081880,18
46.96823151,6.99975038,18
46.96828105,7.01289045,18
46.96832909,7.02603054,18
46.96837562,7.03917065,18
46.96842065,7.05231078,18
46.96218986,8.69475935,18
46.96204514,8.70789646,18
46.96189892,8.72103349,18
46.97727608,7.01281916,18
46.97732413,7.02596145,18
46.97737067,7.03910376,18
46.97741571,7.05224609,18
46.97745924,7.06538845,18
46.97132713,8.68183033,18
46.97118389,8.69496971,18
46.97103915,8.70810901,18
46.97089290,8.72124825,18
46.98631916,7.02589233,18
46.98636571,7.03903684,18
46.98641075,7.05218138,18
46.98645428,7.06532594,18
46.98649631,7.07847052,18
46.98046292,8.66889691,18
46.98032117,8.68203856,18
46.98017791,8.69518013,18
46.98003314,8.70832164,18
46.97988687,8.72146307,18
46.99531417,7.02582319,18
46.99536073,7.03896991,18
46.99540578,7.05211665,18
46.99544932,7.06526341,18
46.99549136,7.07841019,18
46.98945697,8.66910301,18
46.98931519,8.68224685,18
46.98917191,8.69539063,18
46.98902712,8.70853434,18
46.98888082,8.72167797,18
47.00435573,7.03890295,18
47.00440079,7.05205189,18
47.00444434,7.06520085,18
47.00448638,7.07834984,18
47.00452692,7.09149884,18
46.99845100,8.66930917,18
46.99830920,8.68245521,18
46.99816589,8.69560119,18
47.01335072,7.03883597,18
47.01339578,7.05198712,18
47.01343934,7.06513828,18
47.01348139,7.07828947,18
47.01352193,7.09144067,18
47.00758534,8.65636707,18
47.00744502,8.66951539,18
47.00730319,8.68266364,18
47.00715986,8.69581183,18
47.02239077,7.05192232,18
47.02243433,7.06507569,18
47.02247639,7.07822908,18
47.02251694,7.09138249,18
47.02255598,7.10453592,18
47.01657936,8.65657116,18
47.01643902,8.66972169,18
47.01629717,8.68287214,18
47.01615381,8.69602253,18
47.03142930,7.06501307,18
47.03147137,7.07816867,18
47.03151192,7.09132428,18
47.03155097,7.10447992,18
47.03158851,7.11763557,18
47.02571222,8.64362253,18
47.02557337,8.65677532,18
47.02543300,8.66992805,18
47.02529113,8.68308071,18
47.02514775,8.69623330,18
47.04046633,7.07810824,18
47.04050689,7.09126606,18
47.04054595,7.10442390,18
47.04058349,7.11758176,18
47.03470624,8.64382455,18
47.03456736,8.65697955,18
47.03442697,8.67013448,18
47.03428508,8.68328935,18
47.04946127,7.07804779,18
47.04950184,7.09120781,18
47.04954091,7.10436786,18
47.04957846,7.11752792,18
47.04961450,7.13068801,18
47.04383763,8.63086936,18
47.04370024,8.64402663,18
47.04356133,8.65718384,18
47.04342092,8.67034098,18
47.04327900,8.68349805,18
47.05849678,7.09114955,18
47.05853585,7.10431180,18
47.05857341,7.11747408,18
47.05860946,7.13063636,18
47.05296754,8.61790976,18
47.05283163,8.63106931,18
47.05269422,8.64422879,18
47.05255529,8.65738820,18
47.05241486,8.67054755,18
47.06749170,7.09109127,18
47.06753077,7.10425573,18
47.06756834,7.11742021,18
47.06760440,7.13058471,18
47.06763895,7.14374922,18
47.06222889,8.59178386,18
47.06209597,8.60494574,18
47.06196155,8.61810756,18
47.06182562,8.63126932,18
47.06168818,8.64443101,18
47.06154923,8.65759263,18
47.06140878,8.67075418,18
47.07652568,7.10419964,18
47.07656326,7.11736633,18
47.07659932,7.13053303,18
47.07663387,7.14369975,18
47.07122292,8.59197731,18
47.07108999,8.60514141,18
47.07095554,8.61830543,18
47.07081959,8.63146940,18
47.07068213,8.64463329,18
47.07054316,8.65779712,18
47.08555815,7.11731242,18
47.08559422,7.13048134,18
47.08562878,7.14365027,18
47.08566183,7.15681921,18
47.08034839,8.57900446,18
47.08021694,8.59217083,18
47.08008398,8.60533713,18
47.07994952,8.61850337,18
47.07981354,8.63166954,18
47.09455303,7.11725850,18
47.09458911,7.13042963,18
47.09462367,7.14360077,18
47.09465673,7.15677192,18
47.09468828,7.16994310,18
47.08947237,8.56602720,18
47.08934241,8.57919583,18
47.08921094,8.59236441,18
47.08907796,8.60553292,18
47.08894348,8.61870137,18
47.10354790,7.11720457,18
47.10358398,7.13037790,18
47.10361855,7.14355125,18
47.10365161,7.15672462,18
47.10368316,7.16989800,18
47.10371320,7.18307140,18
47.10374174,7.19624481,18
47.09859487,8.55304551,18
47.09846640,8.56621642,18
47.09833642,8.57938727,18
47.09820493,8.59255805,18
47.09807192,8.60572877,18
47.09793741,8.61889943,18
47.11257883,7.13032616,18
47.11261340,7.14350172,18
47.11264647,7.15667730,18
47.11267803,7.16985289,18
47.11270808,7.18302850,18
47.11273661,7.19620412,18
47.11276364,7.20937976,18
47.11278916,7.22255541,18
47.10784136,8.52688615,18
47.10771588,8.54005940,18
47.10758890,8.55323258,18
47.10746041,8.56640570,18
47.10733040,8.57957876,18
47.10719889,8.59275176,18
47.10706587,8.60592469,18
47.12160824,7.14345217,18
47.12164131,7.15662996,18
47.12167288,7.16980777,18
47.12170293,7.18298559,18
47.12173147,7.19616342,18
47.12175850,7.20934127,18
47.12178402,7.22251913,18
47.12180804,7.23569701,18
47.11695939,8.51389335,18
47.11683541,8.52706886,18
47.11670991,8.54024432,18
47.11658291,8.55341972,18
47.11645440,8.56659505,18
47.11632437,8.57977032,18
47.11619284,8.59294553,18
47.13069776,7.18294266,18
47.13072631,7.19612271,18
47.13075335,7.20930277,18
47.13077887,7.22248284,18
47.13080289,7.23566293,18
47.13082539,7.24884303,18
47.12607594,8.50089612,18
47.12595345,8.51407391,18
47.12582944,8.52725163,18
47.12570393,8.54042930,18
47.12557690,8.55360691,18
47.12544837,8.56678446,18
47.12531832,8.57996194,18
47.13972113,7.19608198,18
47.13974817,7.20926426,18
47.13977370,7.22244654,18
47.13979772,7.23562884,18
47.13982023,7.24881115,18
47.13519100,8.48789446,18
47.13507000,8.50107452,18
47.13494748,8.51425452,18
47.13482346,8.52743447,18
47.13469792,8.54061435,18
47.13457088,8.55379417,18
47.14874298,7.20922573,18
47.14876851,7.22241023,18
47.14879254,7.23559475,18
47.14881505,7.24877927,18
47.14883605,7.26196380,18
47.14885554,7.27514835,18
47.14430457,8.47488838,18
47.14418506,8.48807071,18
47.14406403,8.50125298,18
47.14394150,8.51443520,18
47.14381746,8.52761736,18
47.14369190,8.54079945,18
47.15776330,7.22237391,18
47.15778733,7.23556064,18
47.15780985,7.24874738,18
47.15783085,7.26193412,18
47.15785035,7.27512088,18
47.15786833,7.28830765,18
47.15341665,8.46187786,18
47.15329863,8.47506247,18
47.15317909,8.48824702,18
47.15305805,8.50143150,18
47.15293550,8.51461593,18
47.15281143,8.52780031,18
47.16678211,7.23552652,18
47.16680463,7.24871547,18
47.16682564,7.26190444,18
47.16684513,7.27509341,18
47.16686312,7.28828240,18
47.16687959,7.30147139,18
47.16252723,8.44886292,18
47.16241070,8.46204980,18
47.16229266,8.47523662,18
47.16217311,8.48842338,18
47.16205205,8.50161008,18
47.16192948,8.51479673,18
47.17579939,7.24868355,18
47.17582040,7.26187474,18
47.17583990,7.27506593,18
47.17585789,7.28825713,18
47.17587437,7.30144834,18
47.17588933,7.31463955,18
47.17590278,7.32783078,18
47.17163633,8.43584354,18
47.17152129,8.44903269,18
47.17140474,8.46222178,18
47.17128668,8.47541082,18
47.17116711,8.48859980,18
47.17104603,8.50178872,18
47.18481514,7.26184503,18
47.18483465,7.27503844,18
47.18485264,7.28823185,18
47.18486912,7.30142528,18
47.18488409,7.31461871,18
47.18489754,7.32781215,18
47.18085596,8.40962826,18
47.18074393,8.42281974,18
47.18063038,8.43601116,18
47.18051533,8.44920252,18
47.18039876,8.46239383,18
47.18028068,8.47558508,18
47.18016109,8.48877628,18
47.18003999,8.50196742,18
47.19382937,7.27501094,18
47.19384737,7.28820657,18
47.19386385,7.30140221,18
47.19387882,7.31459787,18
47.19389228,7.32779352,18
47.19390422,7.34098919,18
47.19391466,7.35418486,18
47.18996057,8.39659775,18
47.18985003,8.40979149,18
47.18973798,8.42298518,18
47.18962442,8.43617882,18
47.18950935,8.44937240,18
47.18939276,8.46256593,18
47.18927466,8.47575940,18
47.20285856,7.30137914,18
47.20287353,7.31457701,18
47.20288699,7.32777489,18
47.20289894,7.34097277,18
47.20290938,7.35417066,18
47.20291830,7.36736855,18
47.19906368,8.38356279,18
47.19895464,8.39675881,18
47.19884408,8.40995477,18
47.19873202,8.42315068,18
47.19861843,8.43634654,18
47.19850334,8.44954234,18
47.19838674,8.46273809,18
47.21186823,7.31455615,18
47.21188169,7.32775625,18
47.21189364,7.34095635,18
47.21190408,7.35415646,18
47.21191300,7.36735657,18
47.21192041,7.38055668,18
47.21193070,7.40695692,18
47.20816530,8.37052340,18
47.20805775,8.38372169,18
47.20794869,8.39691993,18
47.20783812,8.41011811,18
47.20772603,8.42331624,18
47.20761243,8.43651432,18
47.22087637,7.32773760,18
47.22088832,7.34093992,18
47.22089876,7.35414225,18
47.22090768,7.36734458,18
47.22091510,7.38054692,18
47.22092100,7.39374926,18
47.22092538,7.40695160,18
47.22092826,7.42015394,18
47.21736996,8.34427896,18
47.21726542,8.35747957,18
47.21715936,8.37068013,18
47.21705180,8.38388064,18
47.21694272,8.39708110,18
47.21683213,8.41028150,18
47.21672002,8.42348185,18
47.22988297,7.34092349,18
47.22989342,7.35412804,18
47.22990234,7.36733259,18
47.22990976,7.38053715,18
47.22991566,7.39374170,18
47.22992005,7.40694627,18
47.22992292,7.42015083,18
47.22992428,7.43335540,18
47.22992413,7.44655996,18
47.22656861,8.31802549,18
47.22646708,8.33122842,18
47.22636404,8.34443130,18
47.22625948,8.35763413,18
47.22615341,8.37083691,18
47.22604582,8.38403964,18
47.22593673,8.39724232,18
47.22582612,8.41044494,18
47.23889698,7.36732059,18
47.23890440,7.38052737,18
47.23891030,7.39373415,18
47.23891469,7.40694094,18
47.23891756,7.42014772,18
47.23891892,7.43335451,18
47.23891877,7.44656129,18
47.23891711,7.45976808,18
47.23891393,7.47297487,18
47.23585827,8.27855770,18
47.23576126,8.29176300,18
47.23566274,8.30496824,18
47.23556270,8.31817344,18
47.23546115,8.33137859,18
47.23535809,8.34458369,18
47.23525352,8.35778875,18
47.23514743,8.37099375,18
47.23503983,8.38419870,18
47.23493071,8.39740359,18
47.24790492,7.39372660,18
47.24790931,7.40693560,18
47.24791218,7.42014461,18
47.24791355,7.43335362,18
47.24791339,7.44656263,18
47.24791173,7.45977164,18
47.24790855,7.47298064,18
47.24790386,7.48618965,18
47.24789765,7.49939865,18
47.24788993,7.51260765,18
47.24494789,8.26549147,18
47.24485238,8.27869903,18
47.24475536,8.29190655,18
47.24465682,8.30511401,18
47.24455677,8.31832144,18
47.24445521,8.33152881,18
47.24435213,8.34473613,18
47.24424754,8.35794341,18
47.24414143,8.37115063,18
47.25690678,7.42014150,18
47.25690814,7.43335273,18
47.25690799,7.44656396,18
47.25690633,7.45977519,18
47.25690315,7.47298642,18
47.25689846,7.48619765,18
47.25689225,7.49940888,18
47.25688453,7.51262010,18
47.25687529,7.52583132,18
47.25686454,7.53904253,18
47.25403602,8.25242079,18
47.25394201,8.26563062,18
47.25384648,8.27884040,18
47.25374944,8.29205014,18
47.25365089,8.30525984,18
47.25355082,8.31846948,18
47.25344924,8.33167908,18
47.25334614,8.34488862,18
47.25324153,8.35809812,18
47.26590257,7.44656530,18
47.26590090,7.45977875,18
47.26589772,7.47299220,18
47.26589303,7.48620566,18
47.26588682,7.49941911,18
47.26587910,7.51263255,18
47.26586986,7.52584599,18
47.26585911,7.53905943,18
47.26584685,7.55227286,18
47.26583307,7.56548629,18
47.26580097,7.59191312,18
47.26339109,8.19970911,18
47.26330312,8.21292133,18
47.26321363,8.22613352,18
47.26312264,8.23934566,18
47.26303012,8.25255776,18
47.26293610,8.26576982,18
47.26284055,8.27898183,18
47.26274350,8.29219379,18
47.26264493,8.30540570,18
47.26254485,8.31861757,18
47.27489228,7.47299799,18
47.27488758,7.48621366,18
47.27488137,7.49942934,18
47.27487365,7.51264501,18
47.27486441,7.52586067,18
47.27485366,7.53907633,18
47.27484139,7.55229199,18
47.27482761,7.56550764,18
47.27481232,7.57872328,18
47.27479551,7.59193892,18
47.27477718,7.60515454,18
47.27475735,7.61837016,18
47.27255666,8.17340820,18
47.27247170,8.18662273,18
47.27238523,8.19983723,18
47.27229725,8.21305168,18
47.27220775,8.22626609,18
47.27211673,8.23948046,18
47.27202421,8.25269478,18
47.27193016,8.26590906,18
47.27183461,8.27912329,18
47.27173753,8.29233748,18
47.28386818,7.51265747,18
47.28385894,7.52587536,18
47.28384819,7.53909324,18
47.28383592,7.55231113,18
47.28382213,7.56552900,18
47.28380684,7.57874687,18
47.28379002,7.59196473,18
47.28377170,7.60518258,18
47.28375186,7.61840042,18
47.28373050,7.63161825,18
47.28370763,7.64483608,18
47.28171620,8.14709827,18
47.28163426,8.16031511,18
47.28155081,8.17353191,18
47.28146584,8.18674867,18
47.28137935,8.19996539,18
47.28129135,8.21318207,18
47.28120184,8.22639870,18
47.28111081,8.23961530,18
47.28101827,8.25283184,18
47.28092421,8.26604835,18
47.29284269,7.53911016,18
47.29283042,7.55233027,18
47.29281663,7.56555037,18
47.29280133,7.57877046,18
47.29278452,7.59199055,18
47.29276619,7.60521062,18
47.29274634,7.61843069,18
47.29272498,7.63165075,18
47.29270211,7.64487080,18
47.29267772,7.65809083,18
47.29265181,7.67131086,18
47.29262439,7.68453087,18
47.29259546,7.69775087,18
47.29256501,7.71097085,18
47.29181561,7.93570769,18
47.29169866,7.96214687,18
47.29163791,7.97536642,18
47.29157565,7.98858593,18
47.29151187,8.00180542,18
47.29144658,8.01502487,18
47.29137978,8.02824430,18
47.29131146,8.04146369,18
47.29124162,8.05468305,18
47.29117027,8.06790237,18
47.29109741,8.08112166,18
47.29102303,8.09434092,18
47.29094713,8.10756013,18
47.29086972,8.12077932,18
47.29079080,8.13399846,18
47.29071036,8.14721757,18
47.29062840,8.16043663,18
47.29054493,8.17365566,18
47.29045995,8.18687465,18
47.29037345,8.20009359,18
47.29028544,8.21331250,18
47.29019591,8.22653136,18
47.29010486,8.23975018,18
47.29001230,8.25296895,18
47.30179580,7.57879406,18
47.30177899,7.59201637,18
47.30176065,7.60523868,18
47.30174081,7.61846097,18
47.30171944,7.63168326,18
47.30169656,7.64490553,18
47.30167217,7.65812779,18
47.30164626,7.67135005,18
47.30161884,7.68457228,18
47.30158990,7.69779451,18
47.30155945,7.71101672,18
47.30152748,7.72423891,18
47.30149399,7.73746109,18
47.30145899,7.75068326,18
47.30142248,7.76390540,18
47.30138445,7.77712753,18
47.30134490,7.79034964,18
47.30130385,7.80357173,18
47.30126127,7.81679380,18
47.30121718,7.83001585,18
47.30117158,7.84323788,18
47.30107582,7.86968186,18
47.30102567,7.88290382,18
47.30097400,7.89612576,18
47.30092082,7.90934767,18
47.30086613,7.92256955,18
47.30080992,7.93579141,18
47.30075219,7.94901324,18
47.30069295,7.96223504,18
47.30063219,7.97545681,18
47.30056992,7.98867855,18
47.30050614,8.00190027,18
47.30044083,8.01512195,18
47.30037402,8.02834360,18
47.30030569,8.04156522,18
47.30023584,8.05478680,18
47.30016448,8.06800835,18
47.30009160,8.08122987,18
47.30001721,8.09445135,18
47.29994130,8.10767280,18
47.29986388,8.12089420,18
47.29978494,8.13411557,18
47.29970449,8.14733691,18
47.29962252,8.16055820,18
47.29953904,8.17377945,18
47.29945404,8.18700067,18
47.31073525,7.61849126,18
47.31071388,7.63171577,18
47.31069100,7.64494028,18
47.31066660,7.65816477,18
47.31064069,7.67138924,18
47.31061326,7.68461371,18
47.31058432,7.69783816,18
47.31055386,7.71106260,18
47.31052188,7.72428702,18
47.31048839,7.73751143,18
47.31045339,7.75073582,18
47.31041687,7.76396019,18
47.31037883,7.77718455,18
47.31033928,7.79040888,18
47.31029821,7.80363320,18
47.31025563,7.81685750,18
47.31021153,7.83008177,18
47.31016592,7.84330603,18
47.31011879,7.85653026,18
47.31007015,7.86975447,18
47.31001999,7.88297866,18
47.30996832,7.89620282,18
47.30991513,7.90942696,18
47.30986042,7.92265107,18
47.30980420,7.93587515,18
47.30974647,7.94909921,18
47.30968722,7.96232324,18
47.30962645,7.97554724,18
47.30956417,7.98877121,18
47.30950037,8.00199515,18
47.30943506,8.01521906,18
47.30936823,8.02844293,18
47.30929989,8.04166678,18
47.30923003,8.05489059,18
47.30915866,8.06811437,18
47.30908577,8.08133811,18
47.30901136,8.09456182,18
47.30893544,8.10778549,18
47.30885801,8.12100913,18
47.30877906,8.13423273,18
47.30869859,8.14745629,18
47.30861661,8.16067981,18
47.30853311,8.17390329,18
47.31968541,7.64497503,18
47.31966101,7.65820175,18
47.31963509,7.67142846,18
47.31960766,7.68465515,18
47.31957871,7.69788183,18
47.31954824,7.71110849,18
47.31951626,7.72433514,18
47.31948277,7.73756178,18
47.31944776,7.75078840,18
47.31941123,7.76401500,18
47.31937319,7.77724158,18
47.31933363,7.79046815,18
47.31929256,7.80369469,18
47.31924997,7.81692122,18
47.31920587,7.83014772,18
47.31916025,7.84337420,18
47.31911311,7.85660067,18
47.31906446,7.86982710,18
47.31901429,7.88305352,18
47.31896261,7.89627991,18
47.31890941,7.90950627,18
47.31885470,7.92273261,18
47.31879847,7.93595892,18
47.31874072,7.94918521,18
47.31868146,7.96241146,18
47.31862069,7.97563769,18
47.31855840,7.98886389,18
47.31849459,8.00209006,18
47.31842926,8.01531620,18
47.31836243,8.02854230,18
47.31829407,8.04176837,18
47.31822420,8.05499441,18
47.31815282,8.06822042,18
47.31807992,8.08144639,18
47.31800550,8.09467233,18
47.31792957,8.10789823,18
47.31785212,8.12112409,18
47.31777316,8.13434992,18
47.31769268,8.14757570,18
47.32854261,7.71115441,18
47.32851062,7.72438328,18
47.32847712,7.73761215,18
47.32844211,7.75084099,18
47.32840557,7.76406982,18
47.32836752,7.77729864,18
47.32832796,7.79052743,18
47.32828688,7.80375620,18
47.32824428,7.81698496,18
47.32820017,7.83021369,18
47.32815455,7.84344240,18
47.32810740,7.85667109,18
47.32805874,7.86989976,18
47.32800857,7.88312840,18
47.32795688,7.89635702,18
47.32790367,7.90958561,18
47.32784895,7.92281418,18
47.32779271,7.93604272,18
47.32773495,7.94927123,18
47.32767568,7.96249972,18
47.33714882,7.84351062,18
47.33710167,7.85674154,18
47.33705300,7.86997244,18
