45.83822329,6.64328237,19
45.83831369,6.65615128,19
45.83840262,6.66902025,19
45.83849008,6.68188925,19
45.83866056,6.70762739,19
45.83874359,6.72049652,19
45.84497843,6.37287195,19
45.84509982,6.38574188,19
45.84521975,6.39861187,19
45.84533819,6.41148192,19
45.84545516,6.42435202,19
45.84557066,6.43722219,19
45.84568468,6.45009241,19
45.84579722,6.46296269,19
45.84590829,6.47583302,19
45.84612601,6.50157384,19
45.84623265,6.51444433,19
45.84633782,6.52731488,19
45.84644152,6.54018547,19
45.84654374,6.55305612,19
45.84664448,6.56592682,19
45.84674375,6.57879756,19
45.84703271,6.61741009,19
45.84712608,6.63028103,19
45.84721798,6.64315201,19
45.84730840,6.65602303,19
45.84739734,6.66889410,19
45.84748481,6.68176522,19
45.84757081,6.69463637,19
45.84765533,6.70750757,19
45.84773837,6.72037881,19
45.84781994,6.73325009,19
45.84790004,6.74612141,19
45.84797866,6.75899277,19
45.84805580,6.77186417,19
45.85384986,6.35982525,19
45.85397276,6.37269723,19
45.85409417,6.38556927,19
45.85421411,6.39844137,19
45.85433258,6.41131353,19
45.85444957,6.42418575,19
45.85456508,6.43705802,19
45.85467912,6.44993035,19
45.85479169,6.46280274,19
45.85490278,6.47567518,19
45.85501239,6.48854768,19
45.85512053,6.50142022,19
45.85522719,6.51429283,19
45.85533238,6.52716548,19
45.85543609,6.54003819,19
45.85553833,6.55291094,19
45.85563909,6.56578375,19
45.85573838,6.57865661,19
45.85583619,6.59152951,19
45.85593253,6.60440246,19
45.85602739,6.61727546,19
45.85612077,6.63014851,19
45.85621268,6.64302160,19
45.85630312,6.65589474,19
45.85639208,6.66876792,19
45.85647956,6.68164114,19
45.85656557,6.69451441,19
45.85665010,6.70738772,19
45.85673316,6.72026107,19
45.85681475,6.73313446,19
45.85689485,6.74600789,19
45.85697349,6.75888136,19
45.85705064,6.77175487,19
45.85712633,6.78462841,19
45.85720053,6.79750199,19
45.86233778,6.30815261,19
45.86246660,6.32102645,19
45.86259394,6.33390036,19
45.86271980,6.34677433,19
45.86284419,6.35964836,19
45.86296710,6.37252245,19
45.86308853,6.38539660,19
45.86320849,6.39827081,19
45.86332698,6.41114508,19
45.86344399,6.42401941,19
45.86355952,6.43689380,19
45.86367358,6.44976824,19
45.86378617,6.46264274,19
45.86389727,6.47551729,19
45.86400691,6.48839189,19
45.86411506,6.50126656,19
45.86422174,6.51414127,19
45.86432695,6.52701603,19
45.86443068,6.53989085,19
45.86453293,6.55276572,19
45.86463371,6.56564064,19
45.86473302,6.57851560,19
45.86483084,6.59139062,19
45.86492720,6.60426568,19
45.86502207,6.61714079,19
45.86511548,6.63001595,19
45.86520740,6.64289115,19
45.86529785,6.65576640,19
45.86538683,6.66864169,19
45.86547432,6.68151702,19
45.86556035,6.69439240,19
45.86564490,6.70726782,19
45.86572797,6.72014328,19
45.86580957,6.73301878,19
45.86588969,6.74589433,19
45.86596833,6.75876991,19
45.86604550,6.77164552,19
45.86612120,6.78452118,19
45.86619542,6.79739687,19
45.86626816,6.81027260,19
45.86633943,6.82314837,19
45.87066572,6.24358841,19
45.87080193,6.25646404,19
45.87093667,6.26933974,19
45.87106993,6.28221550,19
45.87120172,6.29509132,19
45.87133203,6.30796721,19
45.87146087,6.32084317,19
45.87158823,6.33371919,19
45.87171411,6.34659527,19
45.87183852,6.35947141,19
45.87196145,6.37234761,19
45.87208291,6.38522388,19
45.87220289,6.39810020,19
45.87232140,6.41097658,19
45.87243843,6.42385302,19
45.87255398,6.43672952,19
45.87266806,6.44960607,19
45.87278066,6.46248268,19
45.87289179,6.47535934,19
45.87300144,6.48823606,19
45.87310961,6.50111283,19
45.87321631,6.51398966,19
45.87332153,6.52686653,19
45.87342528,6.53974346,19
45.87352755,6.55262044,19
45.87362835,6.56549747,19
45.87372767,6.57837455,19
45.87382551,6.59125168,19
45.87392188,6.60412885,19
45.87401678,6.61700607,19
45.87411019,6.62988334,19
45.87420213,6.64276066,19
45.87438159,6.66851542,19
45.87446910,6.68139286,19
45.87455514,6.69427035,19
45.87472279,6.72002546,19
45.87480440,6.73290307,19
45.87488454,6.74578072,19
45.87496319,6.75865841,19
45.87504038,6.77153615,19
45.87511609,6.78441391,19
45.87519032,6.79729172,19
45.87526307,6.81016956,19
45.87533435,6.82304744,19
45.87540416,6.83592535,19
45.87547249,6.84880329,19
45.87924230,6.20475957,19
45.87938296,6.21763711,19
45.87952215,6.23051472,19
45.87965987,6.24339239,19
45.87979611,6.25627013,19
45.87993087,6.26914794,19
45.88006415,6.28202581,19
45.88019596,6.29490375,19
45.88032630,6.30778176,19
45.88045515,6.32065982,19
45.88058253,6.33353795,19
45.88070844,6.34641615,19
45.88083287,6.35929440,19
45.88095582,6.37217272,19
45.88231613,6.52671698,19
45.88252219,6.55247512,19
45.88282020,6.59111269,19
45.88291658,6.60399197,19
45.88403527,6.77142673,19
45.88411099,6.78430661,19
45.88418523,6.79718653,19
45.88425800,6.81006648,19
45.88432929,6.82294647,19
45.88439911,6.83582649,19
45.88446745,6.84870655,19
45.88453431,6.86158664,19
45.88459970,6.87446676,19
45.88809423,6.19167757,19
45.88823639,6.20455715,19
45.88837708,6.21743680,19
45.88851630,6.23031651,19
45.88865403,6.24319630,19
45.88879029,6.25607616,19
45.88892508,6.26895608,19
45.88905839,6.28183606,19
45.88919022,6.29471612,19
45.88932057,6.30759623,19
45.88944945,6.32047641,19
45.88957685,6.33335666,19
45.88970278,6.34623696,19
45.88982723,6.35911733,19
45.89318016,6.79708130,19
45.89325294,6.80996336,19
45.89332424,6.82284547,19
45.89339407,6.83572760,19
45.89346242,6.84860977,19
45.89352930,6.86149198,19
45.89359470,6.87437421,19
45.89365862,6.88725648,19
45.89665288,6.15282830,19
45.89679950,6.16570978,19
45.89694465,6.17859133,19
45.89708831,6.19147296,19
45.89723050,6.20435465,19
45.89737121,6.21723641,19
45.89751045,6.23011825,19
45.89764821,6.24300015,19
45.89778449,6.25588211,19
45.89791930,6.26876415,19
45.89805263,6.28164625,19
45.89818449,6.29452841,19
45.89831486,6.30741064,19
45.90231920,6.82274443,19
45.90238904,6.83562868,19
45.90245741,6.84851296,19
45.90252429,6.86139728,19
45.90258970,6.87428163,19
45.90265364,6.88716601,19
45.90271610,6.90005043,19
45.90549879,6.13973375,19
45.90564691,6.15261727,19
45.90579355,6.16550087,19
45.90593872,6.17838454,19
45.90608241,6.19126827,19
45.90622462,6.20415208,19
45.90636536,6.21703596,19
45.90650462,6.22991991,19
45.90664240,6.24280392,19
45.91145241,6.84841612,19
45.91151931,6.86130255,19
45.91158473,6.87418902,19
45.91164867,6.88707551,19
45.91171114,6.89996204,19
45.91177213,6.91284860,19
45.91183164,6.92573519,19
45.91188968,6.93862180,19
45.91194624,6.95150845,19
45.91434318,6.12663498,19
45.91449280,6.13952054,19
45.91464094,6.15240618,19
45.91478761,6.16529189,19
45.91493280,6.17817767,19
45.91507652,6.19106352,19
45.91521876,6.20394945,19
45.91535952,6.21683544,19
45.92057976,6.87409637,19
45.92064372,6.88698498,19
45.92070620,6.89987362,19
45.92076720,6.91276230,19
45.92082672,6.92565100,19
45.92088477,6.93853973,19
45.92094134,6.95142849,19
45.92240827,6.04909507,19
45.92256678,6.06198230,19
45.92272381,6.07486960,19
45.92287937,6.08775698,19
45.92318605,6.11353197,19
45.92333718,6.12641957,19
45.92348682,6.13930725,19
45.92363499,6.15219501,19
45.92378169,6.16508283,19
45.92392690,6.17797073,19
45.92963878,6.88689442,19
45.92970126,6.89978518,19
45.92976228,6.91267597,19
45.92982181,6.92556679,19
45.92987987,6.93845763,19
45.92993645,6.95134851,19
45.93091764,6.01019934,19
45.93108061,6.02308845,19
45.93124211,6.03597763,19
45.93140212,6.04886690,19
45.93156066,6.06175624,19
45.93171772,6.07464566,19
45.93187330,6.08753516,19
45.93202741,6.10042473,19
45.93218004,6.11331438,19
45.93233119,6.12620410,19
45.93248086,6.13909390,19
45.93262906,6.15198377,19
45.93277577,6.16487371,19
45.93863385,6.88680383,19
45.93869635,6.89969670,19
45.93875737,6.91258961,19
45.93881691,6.92548254,19
45.93887498,6.93837551,19
45.93893157,6.95126850,19
45.93898668,6.96416152,19
45.93909247,6.98994764,19
45.93914315,7.00284074,19
45.93991143,6.00996474,19
45.94007443,6.02285596,19
45.94023595,6.03574726,19
45.94039599,6.04863864,19
45.94055455,6.06153010,19
45.94071164,6.07442164,19
45.94086725,6.08731325,19
45.94102138,6.10020494,19
45.94117404,6.11309671,19
45.94132521,6.12598855,19
45.94147491,6.13888046,19
45.94162313,6.15177245,19
45.94792670,6.95118846,19
45.94798182,6.96408360,19
45.94803546,6.97697877,19
45.94808763,6.98987396,19
45.94813832,7.00276917,19
45.94890523,6.00973005,19
45.94906825,6.02262339,19
45.94922980,6.03551681,19
45.94938987,6.04841031,19
45.94954846,6.06130389,19
45.94970557,6.07419754,19
45.94986121,6.08709128,19
45.95001537,6.09998509,19
45.95016805,6.11287897,19
45.95031925,6.12577293,19
45.95046897,6.13866696,19
45.95697698,6.96400566,19
45.95703063,6.97690294,19
45.95708280,6.98980025,19
45.95713350,7.00269758,19
45.95789904,6.00949528,19
45.95806209,6.02239074,19
45.95822366,6.03528628,19
45.96607799,6.98972651,19
45.96612869,7.00262596,19
45.96617792,7.01552544,19
45.96622566,7.02842494,19
45.96627193,7.04132446,19
45.96631673,7.05422401,19
45.96636004,7.06712358,19
45.96644223,7.09292278,19
45.96648111,7.10582240,19
45.96662184,7.15742110,19
45.96622575,5.95767094,19
45.96639475,5.97056819,19
45.96656226,5.98346552,19
45.96672830,5.99636294,19
45.96689286,6.00926044,19
45.96705594,6.02215802,19
45.96721754,6.03505568,19
45.97512389,7.00255432,19
45.97517313,7.01545592,19
45.97522088,7.02835754,19
45.97526716,7.04125918,19
45.97531196,7.05416085,19
45.97535528,7.06706253,19
45.97539712,7.07996424,19
45.97543749,7.09286597,19
45.97547637,7.10576772,19
45.97551378,7.11866949,19
45.97554971,7.13157127,19
45.97558416,7.14447307,19
45.97561713,7.15737489,19
45.97564862,7.17027673,19
45.97567863,7.18317858,19
45.97487699,5.93162903,19
45.97504897,5.94452824,19
45.97521947,5.95742753,19
45.97538850,5.97032690,19
45.97555604,5.98322636,19
45.97572211,5.99612589,19
45.97588669,6.00902551,19
45.97604980,6.02192521,19
45.97621143,6.03482499,19
45.98421612,7.02829011,19
45.98426240,7.04119388,19
45.98430721,7.05409766,19
45.98435054,7.06700147,19
45.98439238,7.07990530,19
45.98443276,7.09280915,19
45.98447165,7.10571302,19
45.98450906,7.11861690,19
45.98454499,7.13152081,19
45.98457945,7.14442473,19
45.98461242,7.15732867,19
45.98464392,7.17023262,19
45.98467394,7.18313659,19
45.98470248,7.19604058,19
45.98472954,7.20894458,19
45.98369718,5.91848006,19
45.98387067,5.93138130,19
45.98404268,5.94428263,19
45.98421321,5.95718404,19
45.98438226,5.97008553,19
45.98454983,5.98298711,19
45.98471592,5.99588876,19
45.98488054,6.00879050,19
45.98504367,6.02169232,19
45.98520533,6.03459422,19
45.99330247,7.05403446,19
45.99334580,7.06694039,19
45.99338766,7.07984634,19
45.99342803,7.09275231,19
45.99346693,7.10565829,19
45.99350435,7.11856430,19
45.99357475,7.14437637,19
45.99360773,7.15728243,19
45.99363924,7.17018851,19
45.99366926,7.18309460,19
45.99369781,7.19600070,19
45.99372487,7.20890682,19
45.99251584,5.90532684,19
45.99269084,5.91823012,19
45.99286435,5.93113348,19
45.99303639,5.94403693,19
45.99320695,5.95694046,19
45.99337603,5.96984408,19
45.99354363,5.98274777,19
45.99403755,6.02145936,19
46.00242332,7.09269544,19
46.00246223,7.10560355,19
46.00260305,7.15723618,19
46.00263456,7.17014438,19
46.00266459,7.18305259,19
46.00269314,7.19596081,19
46.00272021,7.20886906,19
46.00274580,7.22177731,19
46.00133297,5.89216938,19
46.00150948,5.90507469,19
46.00168450,5.91798009,19
46.00185805,5.93088558,19
46.00203011,5.94379115,19
46.00220070,5.95669680,19
46.01159838,7.15718991,19
46.01168849,7.19592091,19
46.01171556,7.20883128,19
46.01174116,7.22174165,19
46.01032659,5.89191502,19
46.01050312,5.90482246,19
46.01067818,5.91772998,19
46.01085175,5.93063759,19
46.01102385,5.94354528,19
46.02071092,7.20879348,19
46.02073652,7.22170598,19
46.02076064,7.23461849,19
46.02078328,7.24753102,19
46.02080444,7.26044355,19
46.02082412,7.27335609,19
46.01932022,5.89166058,19
46.01949678,5.90457014,19
46.01967187,5.91747979,19
46.01984547,5.93038952,19
46.02970629,7.20875568,19
46.02973190,7.22167030,19
46.02975602,7.23458494,19
46.02977866,7.24749958,19
46.02979983,7.26041424,19
46.02981951,7.27332891,19
46.02831385,5.89140605,19
46.02849045,5.90431773,19
46.02866556,5.91722950,19
46.03875141,7.23455137,19
46.03877406,7.24746814,19
46.03879522,7.26038492,19
46.03881491,7.27330171,19
46.03730750,5.89115143,19
46.03748412,5.90406524,19
46.04774681,7.23451779,19
46.04776946,7.24743668,19
46.04779063,7.26035559,19
46.04781032,7.27327451,19
46.04630116,5.89089672,19
46.05676487,7.24740522,19
46.05678605,7.26032625,19
46.05680574,7.27324729,19
46.05682395,7.28616835,19
46.05684068,7.29908941,19
46.06576029,7.24737374,19
46.06578147,7.26029690,19
46.06580117,7.27322007,19
46.06581938,7.28614325,19
46.06583612,7.29906644,19
46.07477690,7.26026754,19
46.07479660,7.27319284,19
46.07481482,7.28611815,19
46.07483156,7.29904346,19
46.07484682,7.31196879,19
46.08379205,7.27316560,19
46.08381027,7.28609303,19
46.08382701,7.29902048,19
46.08384227,7.31194793,19
46.09280573,7.28606791,19
46.09282247,7.29899748,19
46.09283773,7.31192706,19
46.09285151,7.32485665,19
46.09286381,7.33778625,19
46.09287463,7.35071585,19
46.10180119,7.28604278,19
46.10181794,7.29897448,19
46.10183320,7.31190619,19
46.10184699,7.32483791,19
46.10185929,7.33776964,19
46.11084247,7.32481916,19
46.11085477,7.33775302,19
46.11086559,7.35068688,19
46.11982417,7.31186443,19
46.11983795,7.32480041,19
46.11985026,7.33773639,19
46.11986108,7.35067239,19
46.11987042,7.36360838,19
46.11987828,7.37654438,19
46.12884576,7.33771977,19
46.12885658,7.35065789,19
46.12886592,7.36359602,19
46.12887378,7.37653415,19
46.12888016,7.38947229,19
46.13785209,7.35064339,19
46.13786143,7.36358365,19
46.13786929,7.37652391,19
46.13787567,7.38946418,19
46.13788056,7.40240445,19
46.14684760,7.35062888,19
46.14685695,7.36357128,19
46.14686481,7.37651367,19
46.14687118,7.38945608,19
46.14687608,7.40239848,19
46.14687949,7.41534089,19
46.14688142,7.42828330,19
46.15585247,7.36355890,19
46.15586033,7.37650343,19
46.15586671,7.38944797,19
46.15587161,7.40239251,19
46.15587502,7.41533705,19
46.15587695,7.42828159,19
46.15587739,7.44122613,19
46.16486224,7.38943985,19
46.16486714,7.40238653,19
46.16487055,7.41533320,19
46.16487248,7.42827988,19
46.16487292,7.44122656,19
46.17386268,7.40238055,19
46.17386609,7.41532936,19
46.17386802,7.42827817,19
46.17386846,7.44122698,19
46.18286163,7.41532551,19
46.18286356,7.42827646,19
46.18286401,7.44122741,19
46.19185718,7.41532167,19
46.19185911,7.42827475,19
46.19185956,7.44122784,19
46.20085274,7.41531782,19
46.20085467,7.42827304,19
46.20085512,7.44122827,19
46.20984830,7.41531397,19
46.20985023,7.42827133,19
46.20985068,7.44122869,19
46.20984964,7.45418606,19
46.21884045,7.40235062,19
46.21884387,7.41531012,19
46.21884580,7.42826962,19
46.21884625,7.44122912,19
46.21884521,7.45418862,19
46.21884268,7.46714812,19
46.22784137,7.42826791,19
46.22784182,7.44122955,19
46.22784078,7.45419119,19
46.22783825,7.46715283,19
46.22783424,7.48011447,19
46.23683740,7.44122998,19
46.23683636,7.45419376,19
46.23683383,7.46715754,19
46.23682982,7.48012132,19
46.24583298,7.44123041,19
46.24583194,7.45419633,19
46.24582941,7.46716225,19
46.24582540,7.48012817,19
46.24581990,7.49309409,19
46.24581292,7.50606001,19
46.25482857,7.44123084,19
46.25482752,7.45419890,19
46.25482500,7.46716696,19
46.25482099,7.48013503,19
46.25481549,7.49310309,19
46.25480850,7.50607115,19
46.26382059,7.46717168,19
46.26381657,7.48014188,19
46.26381107,7.49311209,19
46.26380409,7.50608229,19
46.26379562,7.51905248,19
46.27281618,7.46717639,19
46.27281217,7.48014874,19
46.27280667,7.49312109,19
46.27279968,7.50609343,19
46.27279120,7.51906577,19
46.28180776,7.48015560,19
46.28180226,7.49313010,19
46.28179527,7.50610458,19
46.28178680,7.51907907,19
46.29080336,7.48016247,19
46.29079786,7.49313910,19
46.29079087,7.50611574,19
46.29078239,7.51909237,19
46.29979897,7.48016933,19
46.29979346,7.49314812,19
46.29978647,7.50612689,19
46.29977799,7.51910567,19
46.30879457,7.48017620,19
46.30878907,7.49315713,19
46.30878207,7.50613806,19
46.30877359,7.51911898,19
46.31779018,7.48018307,19
46.31778467,7.49316615,19
46.31777768,7.50614922,19
46.31776920,7.51913229,19
46.31775923,7.53211535,19
46.32678579,7.48018995,19
46.32678028,7.49317517,19
46.32677329,7.50616039,19
46.32676481,7.51914561,19
46.32675483,7.53213082,19
46.32674338,7.54511602,19
46.33576890,7.50617156,19
46.33576041,7.51915893,19
46.33575044,7.53214629,19
46.33573898,7.54513364,19
46.34476451,7.50618274,19
46.34475603,7.51917225,19
46.34474605,7.53216176,19
46.34473459,7.54515127,19
46.34472164,7.55814076,19
46.35375164,7.51918558,19
46.35374166,7.53217724,19
46.35373020,7.54516890,19
46.36274725,7.51919892,19
46.36273727,7.53219273,19
46.36272581,7.54518653,19
46.36271285,7.55818033,19
46.37174287,7.51921226,19
46.37173289,7.53220822,19
46.37172142,7.54520417,19
46.37170846,7.55820013,19
46.38073848,7.51922560,19
46.38072850,7.53222371,19
46.38071703,7.54522182,19
46.38070407,7.55821993,19
46.38972412,7.53223922,19
46.38971265,7.54523948,19
46.38969968,7.55823973,19
46.39871973,7.53225472,19
46.39870826,7.54525714,19
46.39869529,7.55825955,19
46.40771535,7.53227023,19
46.40770387,7.54527480,19
46.40769091,7.55827937,19
46.41669949,7.54529247,19
46.41668652,7.55829919,19
46.41667206,7.57130591,19
46.42568213,7.55831903,19
46.42566767,7.57132790,19
46.42565172,7.58433676,19
46.43467774,7.55833887,19
46.43466328,7.57134989,19
46.43464732,7.58436091,19
46.43462988,7.59737192,19
46.44367335,7.55835871,19
46.44365889,7.57137190,19
46.44364293,7.58438507,19
46.44362548,7.59739824,19
46.45265449,7.57139391,19
46.45263853,7.58440924,19
46.45262108,7.59742456,19
46.45260214,7.61043988,19
46.46163414,7.58443342,19
46.46161668,7.59745090,19
46.47064571,7.57143795,19
46.47062974,7.58445760,19
46.47061228,7.59747725,19
46.47964131,7.57145999,19
46.47962534,7.58448180,19
46.47960788,7.59750360,19
46.47958893,7.61052539,19
46.48865139,7.55845805,19
46.48863691,7.57148203,19
46.48862094,7.58450600,19
46.48860348,7.59752996,19
46.49763251,7.57150408,19
46.49761654,7.58453021,19
46.49759907,7.59755634,19
46.49758011,7.61058245,19
46.49755966,7.62360856,19
46.50662811,7.57152613,19
46.50661213,7.58455443,19
46.50659466,7.59758272,19
46.50657570,7.61061100,19
46.51562370,7.57154820,19
46.51560772,7.58457866,19
46.51559025,7.59760911,19
46.51557128,7.61063955,19
46.52460331,7.58460289,19
46.52458584,7.59763550,19
46.52456687,7.61066811,19
46.52454640,7.62370071,19
46.53359890,7.58462713,19
46.53358142,7.59766191,19
46.53356245,7.61069668,19
46.53354198,7.62373144,19
46.54259448,7.58465138,19
46.54257700,7.59768833,19
46.54255803,7.61072526,19
46.54253756,7.62376219,19
46.55160605,7.57163652,19
46.55159006,7.58467564,19
46.55157258,7.59771475,19
46.55155360,7.61075385,19
46.56058564,7.58469991,19
46.56056815,7.59774119,19
46.56054917,7.61078246,19
46.56052869,7.62382371,19
46.56958121,7.58472419,19
46.56956372,7.59776763,19
46.56954474,7.61081107,19
46.56952425,7.62385449,19
46.57857678,7.58474847,19
46.57855929,7.59779408,19
46.57854030,7.61083969,19
46.57851981,7.62388528,19
46.58757234,7.58477276,19
46.58755485,7.59782054,19
46.58753585,7.61086831,19
46.58751537,7.62391608,19
46.59655040,7.59784701,19
46.59653141,7.61089695,19
46.59651092,7.62394689,19
46.60554595,7.59787349,19
46.60552696,7.61092560,19
46.60550646,7.62397770,19
46.61454150,7.59789998,19
46.61452250,7.61095426,19
46.61450200,7.62400853,19
46.62353704,7.59792647,19
46.62351804,7.61098293,19
46.62349754,7.62403937,19
46.63253258,7.59795298,19
46.63251357,7.61101161,19
46.63249306,7.62407022,19
46.64152811,7.59797949,19
46.64150910,7.61104029,19
46.64148859,7.62410108,19
46.65052363,7.59800601,19
46.65050462,7.61106899,19
46.65048410,7.62413195,19
46.65046210,7.63719491,19
46.65953667,7.58496739,19
46.65951915,7.59803254,19
46.65950013,7.61109769,19
46.65947962,7.62416283,19
46.66854820,7.57192441,19
46.66853218,7.58499175,19
46.66851466,7.59805908,19
46.66849564,7.61112641,19
46.66847512,7.62419373,19
46.67754371,7.57194661,19
46.67752769,7.58501612,19
46.67751016,7.59808563,19
46.67749114,7.61115513,19
46.68653922,7.57196881,19
46.68652319,7.58504050,19
46.68650566,7.59811219,19
46.68648663,7.61118387,19
46.68646611,7.62425554,19
46.69553471,7.57199102,19
46.69551868,7.58506489,19
46.69550115,7.59813876,19
46.69548212,7.61121261,19
46.70453020,7.57201324,19
46.70451417,7.58508929,19
46.70449663,7.59816533,19
46.70447760,7.61124137,19
46.71352568,7.57203547,19
46.71350964,7.58511370,19
46.71349211,7.59819192,19
46.71347307,7.61127013,19
46.72253569,7.55897728,19
46.72252115,7.57205770,19
46.72250511,7.58513811,19
46.72248757,7.59821851,19
46.72246853,7.61129890,19
46.73153116,7.55899734,19
46.73151662,7.57207994,19
46.73150057,7.58516253,19
46.73148303,7.59824511,19
46.74051207,7.57210219,19
46.74049603,7.58518696,19
46.74047848,7.59827172,19
46.74950752,7.57212445,19
46.74949147,7.58521140,19
46.74947392,7.59829834,19
46.74945488,7.61138528,19
46.75851751,7.55905756,19
46.75850296,7.57214671,19
46.75848691,7.58523584,19
46.75846936,7.59832497,19
46.75845031,7.61141409,19
46.76751294,7.55907765,19
46.76749839,7.57216898,19
46.76748234,7.58526030,19
46.76746478,7.59835161,19
46.76744573,7.61144291,19
46.77650837,7.55909775,19
46.77649381,7.57219126,19
46.77647775,7.58528476,19
46.77646020,7.59837826,19
46.78550378,7.55911785,19
46.78548922,7.57221354,19
46.78547316,7.58530923,19
46.78545560,7.59840491,19
46.79449918,7.55913795,19
46.79448462,7.57223584,19
46.79446856,7.58533371,19
46.79445100,7.59843158,19
46.80349458,7.55915807,19
46.80348001,7.57225814,19
46.80346395,7.58535820,19
46.80344638,7.59845825,19
46.81248996,7.55917819,19
46.81247539,7.57228044,19
46.81245933,7.58538269,19
46.81244176,7.59848493,19
46.82148533,7.55919832,19
46.82147076,7.57230276,19
46.82145469,7.58540719,19
46.82143712,7.59851162,19
46.83049376,7.54611181,19
46.83048069,7.55921845,19
46.83046612,7.57232508,19
46.83045005,7.58543171,19
46.83043248,7.59853832,19
46.83948912,7.54612976,19
46.83947605,7.55923859,19
46.83946147,7.57234741,19
46.83944540,7.58545622,19
46.83942782,7.59856503,19
46.84848446,7.54614772,19
46.84847139,7.55925874,19
46.84845681,7.57236975,19
46.84844073,7.58548075,19
46.85747979,7.54616568,19
46.85746671,7.55927889,19
46.85745214,7.57239209,19
46.85743606,7.58550529,19
46.86648668,7.53306825,19
46.86647511,7.54618365,19
46.86646203,7.55929905,19
46.86644745,7.57241445,19
46.86643137,7.58552983,19
46.87548199,7.53308403,19
46.87547042,7.54620163,19
46.87545734,7.55931922,19
46.87544275,7.57243680,19
46.88447729,7.53309982,19
46.88446571,7.54621961,19
46.88445263,7.55933939,19
46.88443805,7.57245917,19
46.89348265,7.51999363,19
46.89347257,7.53311561,19
46.89346099,7.54623760,19
46.89344791,7.55935958,19
46.89343332,7.57248155,19
46.90247792,7.52000723,19
46.90246785,7.53313141,19
46.90245626,7.54625559,19
46.90244318,7.55937976,19
46.91148176,7.50689446,19
46.91147319,7.52002084,19
46.91146311,7.53314722,19
46.91145152,7.54627359,19
46.91143843,7.55939996,19
46.92047701,7.50690587,19
46.92046843,7.52003445,19
46.92045835,7.53316303,19
46.92044677,7.54629159,19
46.92947932,7.49378652,19
46.92947225,7.50691730,19
46.92946367,7.52004807,19
46.92945359,7.53317884,19
46.92944200,7.54630961,19
46.93848011,7.48066277,19
46.93847454,7.49379575,19
46.93846747,7.50692872,19
46.93845889,7.52006169,19
46.93844881,7.53319466,19
46.94747532,7.48066980,19
46.94746975,7.49380498,19
46.94746268,7.50694015,19
46.94745410,7.52007532,19
46.95647459,7.46753946,19
46.95647052,7.48067684,19
46.95646495,7.49381421,19
46.95645787,7.50695158,19
46.95644929,7.52008895,19
46.96547233,7.45440472,19
46.96546977,7.46754430,19
46.96546570,7.48068387,19
46.96546013,7.49382345,19
46.96545305,7.50696302,19
46.97446750,7.45440736,19
46.97446494,7.46754914,19
46.97446087,7.48069091,19
46.97445530,7.49383269,19
46.97444822,7.50697446,19
46.98346371,7.44126602,19
46.98346265,7.45441000,19
46.98346009,7.46755398,19
46.98345603,7.48069796,19
46.98345045,7.49384193,19
46.99245840,7.42812028,19
46.99245885,7.44126646,19
46.99245779,7.45441264,19
46.99245523,7.46755882,19
46.99245117,7.48070500,19
47.00145156,7.41497013,19
47.00145352,7.42811851,19
47.00145397,7.44126690,19
47.00145292,7.45441528,19
47.00145036,7.46756367,19
47.00144629,7.48071205,19
47.01044321,7.40181558,19
47.01044667,7.41496617,19
47.01044863,7.42811675,19
47.01044908,7.44126734,19
47.01044803,7.45441793,19
47.01044547,7.46756851,19
47.00862765,5.86314108,19
47.00880747,5.87628870,19
47.01943333,7.38865662,19
47.01943830,7.40180941,19
47.01944177,7.41496220,19
47.01944373,7.42811499,19
47.01944418,7.44126778,19
47.01944312,7.45442057,19
47.01762094,5.86287698,19
47.01780079,5.87602681,19
47.01797914,5.88917672,19
47.02842840,7.38864825,19
47.02843338,7.40180324,19
47.02843684,7.41495823,19
47.02843880,7.42811323,19
47.02843926,7.44126822,19
47.02661422,5.86261280,19
47.02679410,5.87576483,19
47.02697248,5.88891695,19
47.02714935,5.90206915,19
47.03741698,7.37548267,19
47.03742346,7.38863987,19
47.03742844,7.40179706,19
47.03743191,7.41495426,19
47.03743387,7.42811146,19
47.03560749,5.86234854,19
47.03578740,5.87550277,19
47.03596580,5.88865709,19
47.03614270,5.90181150,19
47.03631809,5.91496599,19
47.04640403,7.36231269,19
47.04641202,7.37547208,19
47.04641851,7.38863148,19
47.04642348,7.40179089,19
47.04642695,7.41495029,19
47.04460073,5.86208418,19
47.04478068,5.87524063,19
47.04495911,5.88839715,19
47.04513603,5.90155377,19
47.04531145,5.91471047,19
47.04548536,5.92786725,19
47.05538955,7.34913829,19
47.05539906,7.36229989,19
47.05540705,7.37546149,19
47.05541354,7.38862310,19
47.05541851,7.40178471,19
47.05377394,5.87497839,19
47.05395240,5.88813713,19
47.05412935,5.90129595,19
47.05430480,5.91445486,19
47.05447874,5.92761385,19
47.05465117,5.94077292,19
47.06437355,7.33595948,19
47.06438456,7.34912328,19
47.06439406,7.36228709,19
47.06440206,7.37545090,19
47.06440855,7.38861471,19
47.06441352,7.40177853,19
47.06294567,5.88787702,19
47.06312266,5.90103805,19
47.06329813,5.91419916,19
47.06347210,5.92736036,19
47.06364455,5.94052164,19
47.06381550,5.95368301,19
47.07335601,7.32277625,19
47.07336854,7.33594226,19
47.07337955,7.34910827,19
47.07338906,7.36227428,19
47.07339705,7.37544030,19
47.07340354,7.38860632,19
47.07211594,5.90078006,19
47.07229144,5.91394338,19
47.07246544,5.92710679,19
47.07263792,5.94027028,19
47.07280890,5.95343386,19
47.08232140,7.29642041,19
47.08233695,7.30958861,19
47.08235098,7.32275681,19
47.08236351,7.33592503,19
47.08237452,7.34909325,19
47.08238403,7.36226147,19
47.08239203,7.37542970,19
47.08128474,5.91368752,19
47.08145876,5.92685314,19
47.08163128,5.94001884,19
47.08180228,5.95318462,19
47.08197178,5.96635049,19
47.09129930,7.28322615,19
47.09131635,7.29639655,19
47.09133190,7.30956696,19
47.09134593,7.32273737,19
47.09135846,7.33590779,19
47.09136948,7.34907822,19
47.09137899,7.36224865,19
47.09045207,5.92659940,19
47.09062461,5.93976731,19
47.09079565,5.95293531,19
47.09096517,5.96610338,19
47.09113318,5.97927154,19
47.10027566,7.27002746,19
47.10029422,7.28320007,19
47.10031128,7.29637268,19
47.10032683,7.30954529,19
47.10034087,7.32271792,19
47.10035340,7.33589055,19
47.09961793,5.93951570,19
47.09978899,5.95268591,19
47.09995854,5.96585619,19
47.10012658,5.97902656,19
47.10029312,5.99219701,19
47.10045814,6.00536754,19
47.10925048,7.25682436,19
47.10927056,7.26999916,19
47.10928913,7.28317398,19
47.10930619,7.29634880,19
47.10932174,7.30952363,19
47.10933578,7.32269846,19
47.10878232,5.95243643,19
47.10895190,5.96560893,19
47.10911997,5.97878150,19
47.10928653,5.99195416,19
47.10945157,6.00512690,19
47.10961511,6.01829972,19
47.11822377,7.24361683,19
47.11824536,7.25679384,19
47.11826545,7.26997085,19
47.11828402,7.28314788,19
47.11830109,7.29632491,19
47.11831664,7.30950195,19
47.11777563,5.95218687,19
47.11794524,5.96536158,19
47.11811333,5.97853637,19
47.11827992,5.99171124,19
47.11844499,6.00488619,19
47.11860856,6.01806122,19
47.11877061,6.03123633,19
47.11893116,6.04441152,19
47.12717091,7.21722568,19
47.12719552,7.23040488,19
47.12721863,7.24358409,19
47.12724023,7.25676331,19
47.12726032,7.26994253,19
47.12727889,7.28312177,19
47.12729596,7.29630102,19
47.12710668,5.97829115,19
47.12727329,5.99146824,19
47.12743839,6.00464540,19
47.12760199,6.01782264,19
47.12776407,6.03099997,19
47.12792464,6.04417737,19
47.12808370,6.05735484,19
47.12824125,6.07053240,19
47.13611197,7.19082572,19
47.13613961,7.20400711,19
47.13616574,7.21718850,19
47.13619036,7.23036991,19
47.13621348,7.24355133,19
47.13623508,7.25673276,19
47.13625517,7.26991421,19
47.13627375,7.28309566,19
47.13626665,5.99122515,19
47.13643178,6.00440453,19
47.13659540,6.01758399,19
47.13675750,6.03076353,19
47.13691810,6.04394314,19
47.13707719,6.05712283,19
47.13723477,6.07030260,19
47.13739083,6.08348244,19
47.13754539,6.09666236,19
47.14498108,7.13804986,19
47.14501477,7.15123339,19
47.14504695,7.16441695,19
47.14507762,7.17760052,19
47.14510677,7.19078410,19
47.14513442,7.20396770,19
47.14516056,7.21715131,19
47.14518519,7.23033493,19
47.14520830,7.24351857,19
47.14522990,7.25670221,19
47.14558879,6.01734526,19
47.14575092,6.03052701,19
47.14591154,6.04370883,19
47.14607066,6.05689074,19
47.14622826,6.07007272,19
47.14638435,6.08325478,19
47.14653893,6.09643691,19
47.14669200,6.10961912,19
47.14684356,6.12280139,19
47.15386569,7.09844220,19
47.15390392,7.11162791,19
47.15394064,7.12481363,19
47.15397584,7.13799936,19
47.15400954,7.15118512,19
47.15404173,7.16437088,19
47.15407240,7.17755667,19
47.15410156,7.19074247,19
47.15412922,7.20392828,19
47.15415536,7.21711411,19
47.15417999,7.23029994,19
47.15420311,7.24348579,19
47.15490497,6.04347445,19
47.15506411,6.05665857,19
47.15522174,6.06984277,19
47.15537785,6.08302704,19
47.15553246,6.09621139,19
47.15568555,6.10939581,19
47.15583713,6.12258030,19
47.15598721,6.13576487,19
47.15613577,6.14894951,19
47.16277941,7.07200927,19
47.16282067,7.08519715,19
47.16286042,7.09838505,19
47.16289866,7.11157297,19
47.16293538,7.12476090,19
47.16297059,7.13794885,19
47.16300430,7.15113682,19
47.16303649,7.16432481,19
47.16306716,7.17751281,19
47.16309633,7.19070082,19
47.16312399,7.20388885,19
47.16421519,6.06961274,19
47.16437133,6.08279923,19
47.16452596,6.09598580,19
47.16467908,6.10917243,19
47.16483069,6.12235914,19
47.16498079,6.13554592,19
47.16512937,6.14873278,19
47.16527645,6.16191971,19
47.16542201,6.17510670,19
47.16556606,6.18829377,19
47.17173134,7.05875759,19
47.17177411,7.07194767,19
47.17181538,7.08513776,19
47.17185513,7.09832788,19
47.17189337,7.11151801,19
47.17193010,7.12470816,19
47.17196532,7.13789833,19
47.17199903,7.15108851,19
47.17203123,7.16427871,19
47.17351945,6.09576013,19
47.17367260,6.10894898,19
47.17382423,6.12213791,19
47.17397435,6.13532691,19
47.17412296,6.14851598,19
47.17427006,6.16170512,19
47.17441564,6.17489433,19
47.17455971,6.18808362,19
47.17470228,6.20127297,19
47.17484333,6.21446239,19
47.18068171,7.04550148,19
47.18072601,7.05869375,19
47.18076879,7.07188604,19
47.18081006,7.08507835,19
47.18084982,7.09827068,19
47.18088807,7.11146303,19
47.18092481,7.12465540,19
47.18096003,7.13784778,19
47.18281775,6.12191660,19
47.18296789,6.13510782,19
47.18311652,6.14829911,19
47.18326365,6.16149047,19
47.18340926,6.17468190,19
47.18355335,6.18787340,19
47.18369594,6.20106497,19
47.18383701,6.21425660,19
47.18397657,6.22744831,19
47.18411462,6.24064008,19
47.18425116,6.25383191,19
47.18953437,7.00585207,19
47.18958321,7.01904649,19
47.18963054,7.03224093,19
47.18967635,7.04543540,19
47.18972066,7.05862988,19
47.18976345,7.07182439,19
47.18980473,7.08501892,19
47.18984449,7.09821347,19
47.19225722,6.16127574,19
47.19240285,6.17446939,19
47.19254697,6.18766311,19
47.19268958,6.20085690,19
47.19283068,6.21405075,19
47.19297026,6.22724467,19
47.19310833,6.24043866,19
47.19324489,6.25363272,19
47.19337994,6.26682684,19
47.19351347,6.28002102,19
47.19837336,6.96618954,19
47.19842674,6.97938610,19
47.19847862,6.99258269,19
47.19852897,7.00577931,19
47.19857782,7.01897595,19
47.19862516,7.03217261,19
47.19867098,7.04536929,19
47.19871529,7.05856600,19
47.19875809,7.07176273,19
47.19879937,7.08495947,19
47.20154057,6.18745275,19
47.20168320,6.20064876,19
47.20182432,6.21384483,19
47.20196393,6.22704097,19
47.20210202,6.24023718,19
47.20223860,6.25343346,19
47.20237367,6.26662979,19
47.20250723,6.27982620,19
47.20263927,6.29302267,19
47.20276981,6.30621920,19
47.20719866,6.92651391,19
47.20725659,6.93971261,19
47.20731301,6.95291134,19
47.20736791,6.96611010,19
47.20742131,6.97930888,19
47.20747319,6.99250769,19
47.20752355,7.00570653,19
47.20757241,7.01890538,19
47.20761975,7.03210427,19
47.20766558,7.04530317,19
47.20770990,7.05850209,19
47.20775270,7.07170104,19
47.21067680,6.20044055,19
47.21081794,6.21363885,19
47.21095757,6.22683721,19
47.21109569,6.24003563,19
47.21123229,6.25323413,19
47.21136739,6.26643269,19
47.21150097,6.27963131,19
47.21163303,6.29283000,19
47.21176358,6.30602875,19
47.21189262,6.31922756,19
47.21202015,6.33242644,19
47.21594628,6.87362438,19
47.21601027,6.88682518,19
47.21607275,6.90002602,19
47.21613371,6.91322689,19
47.21619317,6.92642778,19
47.21625111,6.93962871,19
47.21630753,6.95282966,19
47.21636245,6.96603064,19
47.21641585,6.97923164,19
47.21646774,6.99243267,19
47.21651811,7.00563372,19
47.21656698,7.01883480,19
47.21661433,7.03203590,19
47.21666016,7.04523702,19
47.21670449,7.05843817,19
47.22008934,6.23983402,19
47.22022596,6.25303474,19
47.22036108,6.26623552,19
47.22049468,6.27943636,19
47.22062677,6.29263727,19
47.22075734,6.30583824,19
47.22088640,6.31903927,19
47.22101395,6.33224037,19
47.22113999,6.34544152,19
47.22126451,6.35864274,19
47.22138752,6.37184401,19
47.22150902,6.38504535,19
47.22162900,6.39824674,19
47.22174747,6.41144819,19
47.22186443,6.42464969,19
47.22197987,6.43785126,19
47.22209380,6.45105287,19
47.22459802,6.80751469,19
47.22466959,6.82071756,19
47.22473964,6.83392045,19
47.22480818,6.84712338,19
47.22487521,6.86032635,19
47.22494072,6.87352934,19
47.22500473,6.88673237,19
47.22506721,6.89993543,19
47.22512819,6.91313852,19
47.22518765,6.92634163,19
47.22524560,6.93954478,19
47.22530204,6.95274795,19
47.22535696,6.96595114,19
47.22541037,6.97915437,19
47.22546227,6.99235762,19
47.22551265,7.00556089,19
47.22556152,7.01876419,19
47.22935475,6.26603828,19
47.22948837,6.27924134,19
47.22962048,6.29244447,19
47.22975108,6.30564766,19
47.22988016,6.31885092,19
47.23000773,6.33205424,19
47.23013379,6.34525761,19
47.23025833,6.35846105,19
47.23038136,6.37166455,19
47.23050288,6.38486810,19
47.23062288,6.39807171,19
47.23074137,6.41127538,19
47.23085835,6.42447911,19
47.23097381,6.43768289,19
47.23108776,6.45088673,19
47.23120020,6.46409062,19
47.23131112,6.47729457,19
47.23142053,6.49049857,19
47.23152843,6.50370262,19
47.23163481,6.51690672,19
47.23184304,6.54331508,19
47.23329094,6.75458854,19
47.23336858,6.76779348,19
47.23344469,6.78099846,19
47.23351930,6.79420347,19
47.23359239,6.80740852,19
47.23366397,6.82061361,19
47.23373403,6.83381873,19
47.23380258,6.84702388,19
47.23386962,6.86022906,19
47.23393515,6.87343428,19
47.23399916,6.88663953,19
47.23406166,6.89984481,19
47.23412264,6.91305011,19
47.23418212,6.92625545,19
47.23424007,6.93946082,19
47.23429652,6.95266621,19
47.23435145,6.96587163,19
47.23861418,6.29225162,19
47.23874479,6.30545703,19
47.23887390,6.31866251,19
47.23900149,6.33186804,19
47.23912756,6.34507364,19
47.23925213,6.35827930,19
47.23937518,6.37148502,19
47.23949671,6.38469080,19
47.23961674,6.39789663,19
47.23973525,6.41110252,19
47.23985224,6.42430847,19
47.23996772,6.43751448,19
47.24008169,6.45072054,19
47.24019415,6.46392665,19
47.24030509,6.47713282,19
47.24041452,6.49033904,19
47.24052243,6.50354531,19
47.24062883,6.51675164,19
47.24073372,6.52995801,19
47.24083710,6.54316444,19
47.24093896,6.55637091,19
47.24103930,6.56957743,19
47.24113814,6.58278400,19
47.24123546,6.59599062,19
47.24133126,6.60919729,19
47.24142556,6.62240400,19
47.24151833,6.63561075,19
47.24160960,6.64881755,19
47.24169935,6.66202439,19
47.24178759,6.67523128,19
47.24187432,6.68843820,19
47.24195953,6.70164517,19
47.24204323,6.71485218,19
47.24212541,6.72805923,19
47.24220608,6.74126632,19
47.24228524,6.75447344,19
47.24236288,6.76768061,19
47.24243901,6.78088781,19
47.24251363,6.79409504,19
47.24258674,6.80730232,19
47.24265832,6.82050962,19
47.24272840,6.83371696,19
47.24279696,6.84692434,19
47.24286401,6.86013175,19
47.24292955,6.87333918,19
47.24299357,6.88654665,19
47.24305608,6.89975415,19
47.24311708,6.91296168,19
47.24799522,6.33168179,19
47.24812132,6.34488961,19
47.24824590,6.35809749,19
47.24836897,6.37130544,19
47.24849053,6.38451343,19
47.24861057,6.39772149,19
47.24872910,6.41092961,19
47.24884612,6.42413778,19
47.24896162,6.43734601,19
47.24907561,6.45055429,19
47.24918808,6.46376263,19
47.24929904,6.47697102,19
47.24940849,6.49017946,19
47.24951642,6.50338795,19
47.24962284,6.51659650,19
47.24972774,6.52980510,19
47.24983113,6.54301375,19
47.24993301,6.55622244,19
47.25003337,6.56943119,19
47.25013222,6.58263998,19
47.25022956,6.59584882,19
47.25032538,6.60905771,19
47.25041969,6.62226664,19
47.25051248,6.63547562,19
47.25060376,6.64868464,19
47.25069353,6.66189370,19
47.25078178,6.67510281,19
47.25086852,6.68831196,19
47.25095375,6.70152115,19
47.25103746,6.71473038,19
47.25111966,6.72793965,19
47.25120034,6.74114896,19
47.25127951,6.75435831,19
47.25135717,6.76756770,19
47.25143331,6.78077712,19
47.25150794,6.79398658,19
47.25158106,6.80719608,19
47.25165266,6.82040561,19
47.25172275,6.83361517,19
47.25179132,6.84682477,19
47.25185838,6.86003440,19
47.25192393,6.87324406,19
47.25198796,6.88645375,19
47.25806950,6.45038798,19
47.25818199,6.46359854,19
47.25829297,6.47680916,19
47.25840243,6.49001983,19
47.25851038,6.50323054,19
47.25861682,6.51644131,19
47.25872174,6.52965213,19
47.25882515,6.54286301,19
47.25892704,6.55607393,19
47.25902742,6.56928489,19
47.25912629,6.58249591,19
47.25922364,6.59570697,19
47.25931948,6.60891808,19
47.25941380,6.62212924,19
47.25950661,6.63534044,19
47.25959791,6.64855169,19
47.25968769,6.66176297,19
47.25977595,6.67497430,19
47.25986271,6.68818568,19
47.25994795,6.70139709,19
47.26003167,6.71460855,19
47.26011389,6.72782004,19
47.26019458,6.74103157,19
47.26027377,6.75424315,19
47.26035144,6.76745476,19
47.26042759,6.78066640,19
47.26050223,6.79387809,19
47.26057536,6.80708980,19
47.26750432,6.50307308,19
47.26761078,6.51628608,19
47.26771571,6.52949912,19
47.26781914,6.54271222,19
47.26792105,6.55592536,19
47.26802145,6.56913855,19
47.26812033,6.58235179,19
47.26821770,6.59556508,19
47.26831355,6.60877842,19
47.26840789,6.62199179,19
47.26850071,6.63520522,19
47.26859202,6.64841869,19
47.26868182,6.66163220,19
47.26877010,6.67484576,19
47.26885687,6.68805935,19
47.26894212,6.70127299,19
47.26902586,6.71448667,19
47.26910809,6.72770039,19
47.26918880,6.74091415,19
47.26926800,6.75412794,19
47.26934568,6.76734177,19
