46.745743067215,8.121738364978,19
46.745583486261,8.147909425688,19
46.754815735857,8.108764522994,19
46.754738182272,8.121852293142,19
46.754659128619,8.134940025359,19
46.754578574895,8.148027718917,19
46.754496521103,8.161115373089,19
46.754412967241,8.174202987149,19
46.754327913310,8.187290560371,19
46.754241359309,8.200378092028,19
46.754153305239,8.213465581392,19
46.754063751100,8.226553027738,19
46.764106117265,8.056516127365,19
46.763961486642,8.082696288074,19
46.763886920854,8.095786315164,19
46.763810854748,8.108876305775,19
46.763733288325,8.121966259181,19
46.763654221584,8.135056174655,19
46.763573654525,8.148146051470,19
46.763491587149,8.161235888900,19
46.763408019455,8.174325686218,19
46.763322951443,8.187415442697,19
46.763236383114,8.200505157611,19
46.763148314467,8.213594830233,19
46.763058745502,8.226684459836,19
46.762967676220,8.239774045694,19
46.762875106620,8.252863587080,19
46.762781036702,8.265953083267,19
46.762685466467,8.279042533529,19
46.762588395914,8.292131937138,19
46.762489825043,8.305221293370,19
46.773619871400,7.951879782849,19
46.773560298930,7.964972318742,19
46.773499225894,7.978064825423,19
46.773436652292,7.991157302165,19
46.773372578124,8.004249748242,19
46.773307003389,8.017342162927,19
46.773239928089,8.030434545493,19
46.773171352223,8.043526895214,19
46.773101275791,8.056619211363,19
46.773029698793,8.069711493213,19
46.772956621228,8.082803740038,19
46.772882043098,8.095895951111,19
46.772805964402,8.108988125705,19
46.772728385140,8.122080263094,19
46.772649305312,8.135172362551,19
46.772568724917,8.148264423349,19
46.772486643957,8.161356444762,19
46.772403062431,8.174448426062,19
46.772317980339,8.187540366525,19
46.772231397681,8.200632265421,19
46.772143314456,8.213724122026,19
46.772053730666,8.226815935612,19
46.771962646310,8.239907705453,19
46.771870061388,8.252999430822,19
46.771775975900,8.266091110992,19
46.771680389845,8.279182745237,19
46.771583303225,8.292274332830,19
46.771484716039,8.305365873044,19
46.771384628287,8.318457365153,19
46.771283039969,8.331548808430,19
46.783083810595,7.834111743372,19
46.783037735595,7.847206694182,19
46.782784848380,7.912681093615,19
46.782729768494,7.925775897493,19
46.782673187794,7.938870674338,19
46.782615106279,7.951965423425,19
46.782555523950,7.965060144026,19
46.782494440807,7.978154835416,19
46.782431856849,7.991249496866,19
46.782367772077,8.004344127652,19
46.782302186490,8.017438727045,19
46.782235100090,8.030533294320,19
46.782166512875,8.043627828749,19
46.782096424845,8.056722329607,19
46.782024836002,8.069816796165,19
46.781951746344,8.082911227699,19
46.781877155871,8.096005623480,19
46.781801064585,8.109099982783,19
46.781723472483,8.122194304880,19
46.781644379568,8.135288589046,19
46.781563785838,8.148382834552,19
46.781481691294,8.161477040674,19
46.781398095936,8.174571206683,19
46.781226402776,8.200759415459,19
46.781048706359,8.226947455067,19
46.780957606929,8.240041409617,19
46.780865006685,8.253135319694,19
46.780770905626,8.266229184573,19
46.780675303753,8.279323003526,19
46.780578201066,8.292416775828,19
46.780479597564,8.305510500751,19
46.780379493248,8.318604177568,19
46.780277888118,8.331697805553,19
46.780174782173,8.344791383980,19
46.780070175414,8.357884912121,19
46.779964067841,8.370978389251,19
46.779856459453,8.384071814642,19
46.779747350251,8.397165187567,19
46.779636740234,8.410258507300,19
46.792123694885,7.821080585293,19
46.792079113324,7.834177743482,19
46.792033030700,7.847274879726,19
46.791985447013,7.860371993297,19
46.791936362264,7.873469083470,19
46.791885776452,7.886566149518,19
46.791833689578,7.899663190713,19
46.791780101641,7.912760206330,19
46.791725012641,7.925857195642,19
46.791668422578,7.938954157921,19
46.791610331453,7.952051092442,19
46.791550739265,7.965147998477,19
46.791489646015,7.978244875301,19
46.791427051701,7.991341722186,19
46.791362956326,8.004438538405,19
46.791297359887,8.017535323233,19
46.791230262386,8.030632075942,19
46.791161663822,8.043728795805,19
46.791091564195,8.056825482097,19
46.791019963506,8.069922134089,19
46.790946861754,8.083018751057,19
46.790872258940,8.096115332273,19
46.790796155063,8.109211877009,19
46.789474469385,8.305655176489,19
46.789374348505,8.318751038740,19
46.789272726562,8.331846852160,19
46.789169603557,8.344942616021,19
46.789064979489,8.358038329596,19
46.788958854359,8.371133992160,19
46.788851228165,8.384229602984,19
46.788742100910,8.397325161344,19
46.788631472591,8.410420666511,19
46.788519343210,8.423516117760,19
46.788405712766,8.436611514364,19
46.788290581259,8.449706855595,19
46.788173948690,8.462802140728,19
46.788055815058,8.475897369036,19
46.801282337688,7.768746838842,19
46.801243753995,7.781846263705,19
46.801203668992,7.794945669529,19
46.801162082677,7.808045055589,19
46.801118995051,7.821144421156,19
46.801074406115,7.834243765504,19
46.801028315867,7.847343087907,19
46.800980724308,7.860442387639,19
46.800931631439,7.873541663971,19
46.800881037258,7.886640916178,19
46.800828941766,7.899740143533,19
46.800775344963,7.912839345310,19
46.800720246850,7.925938520781,19
46.800663647425,7.939037669220,19
46.800605546689,7.952136789901,19
46.800545944643,7.965235882096,19
46.800292523346,8.017631951490,19
46.800225414744,8.030730890359,19
46.798267555069,8.331995948249,19
46.798164415003,8.345093898269,19
46.797400397835,8.436778099730,19
46.797285247282,8.449875627122,19
46.797168595417,8.462973098414,19
46.797050442241,8.476070512881,19
46.796930787755,8.489167869796,19
46.810350330174,7.742598670643,19
46.810314743218,7.755700318289,19
46.810277654702,7.768801948349,19
46.810239064627,7.781903560098,19
46.810198972993,7.795005152807,19
46.810157379799,7.808106725752,19
46.810114285047,7.821208278204,19
46.810069688734,7.834309809438,19
46.810023590863,7.847411318726,19
46.809975991432,7.860512805343,19
46.809876287892,7.886715707653,19
46.809600751755,7.952222515802,19
46.806395072734,8.436944740384,19
46.806279903133,8.450044454661,19
46.806163231973,8.463144112838,19
46.806045059253,8.476243714191,19
46.805925384974,8.489343257991,19
46.805804209136,8.502442743513,19
46.805681531739,8.515542170029,19
46.804509864991,8.633434233537,19
46.804372172000,8.646533030033,19
46.804232977450,8.659631759531,19
46.804092281340,8.672730421304,19
46.819412329063,7.716441702851,19
46.819379739837,7.729545571098,19
46.819345648802,7.742649423213,19
46.819310055961,7.755753258470,19
46.819272961311,7.768857076141,19
46.819234364854,7.781960875500,19
46.819194266590,7.795064655821,19
46.819152666517,7.808168416376,19
46.819109564637,7.821272156439,19
46.819064960950,7.834375875283,19
46.819018855454,7.847479572183,19
46.815389737228,8.437111436326,19
46.815274548580,8.450213338213,19
46.815157858124,8.463315184001,19
46.815039665861,8.476416972964,19
46.814919971790,8.489518704376,19
46.814798775911,8.502620377508,19
46.814676078225,8.515721991635,19
46.814551878730,8.528823546031,19
46.814426177429,8.541925039967,19
46.814040062678,8.581229151758,19
46.813908354145,8.594330396593,19
46.813640431658,8.620532693261,19
46.813504217702,8.633633743640,19
46.813366501939,8.646734727747,19
46.813227284368,8.659835644856,19
46.813086564990,8.672936494239,19
46.828468331142,7.690275936925,19
46.828438740639,7.703382023592,19
46.828407648080,7.716488095581,19
46.828375053465,7.729594152165,19
46.828340956793,7.742700192616,19
46.828305358066,7.755806216209,19
46.828268257283,7.768912222216,19
46.828229654444,7.782018209912,19
46.828147942597,7.808230127460,19
46.824034261830,8.476590289202,19
46.823914547967,8.489694208950,19
46.823793332048,8.502798070418,19
46.823670614073,8.515901872882,19
46.823546394041,8.529005615613,19
46.823420671954,8.542109297886,19
46.823293447811,8.555212918974,19
46.823164721612,8.568316478149,19
46.823034493357,8.581419974686,19
46.822902763045,8.594523407858,19
46.822769530678,8.607626776937,19
46.822634796255,8.620730081198,19
46.822498559776,8.633833319914,19
46.822360821241,8.646936492357,19
46.822221580649,8.660039597802,19
46.822080838002,8.673142635521,19
46.837518333199,7.664101374325,19
46.837491742412,7.677209677232,19
46.837463649321,7.690317966913,19
46.837434053925,7.703426242642,19
46.837402956226,7.716534503693,19
46.837370356222,7.729642749339,19
46.837336253913,7.742750978852,19
46.837300649301,7.755859191507,19
46.837263542384,7.768967386576,19
46.837224933162,7.782075563333,19
46.832909113273,8.489869771713,19
46.832787877314,8.502975822244,19
46.832665139050,8.516081813769,19
46.832540898481,8.529187745563,19
46.832415155609,8.542293616897,19
46.832287910432,8.555399427047,19
46.832159162950,8.568505175284,19
46.832028913165,8.581610860883,19
46.831897161074,8.594716483116,19
46.831763906680,8.607822041258,19
46.831492890978,8.634032962358,19
46.831355129671,8.647138323863,19
46.831215866059,8.660243618370,19
46.831075100143,8.673348845151,19
46.846584419543,7.624807488501,19
46.846562332018,7.637918016511,19
46.846538741941,7.651028533476,19
46.846513649312,7.664139038669,19
46.846487054130,7.677249531363,19
46.846458956395,7.690360010832,19
46.846429356107,7.703470476349,19
46.846398253267,7.716580927187,19
46.846365647874,7.729691362620,19
46.846331539929,7.742801781921,19
46.846295929431,7.755912184363,19
46.841409628159,8.542477997000,19
46.841282361948,8.555585996937,19
46.841153593184,8.568693934962,19
46.841023321868,8.581801810348,19
46.840891547999,8.594909622369,19
46.840069351180,8.673555123129,19
46.839927059442,8.686662471245,19
46.839783265152,8.699769750184,19
46.839637968309,8.712876959216,19
46.855600324388,7.611725864944,19
46.855579736015,7.624838593786,19
46.855557644840,7.637951312309,19
46.855534050864,7.651064019787,19
46.855508954088,7.664176715493,19
46.855482354510,7.677289398700,19
46.855454252131,7.690402068682,19
46.855424646951,7.703514724711,19
46.855393538971,7.716627366063,19
46.850404089371,8.542662438195,19
46.850148012080,8.568882757182,19
46.849885923586,8.595102825615,19
46.848777457568,8.699980477534,19
46.848632136712,8.713089877080,19
46.848485313054,8.726199205994,19
46.848336986595,8.739308463549,19
46.864614721418,7.598639859620,19
46.864595632692,7.611754789293,19
46.864575040916,7.624869709373,19
46.864552946091,7.637984619135,19
46.864529348216,7.651099517851,19
46.864504247292,7.664214404796,19
46.864477643319,7.677329279241,19
46.864449536296,7.690444140462,19
46.857771638413,8.700191274683,19
46.857626293543,8.713302865468,19
46.857479445623,8.726414385620,19
46.857331094654,8.739525834414,19
46.857181240635,8.752637211122,19
46.873643694938,7.572432332440,19
46.873627609653,7.585549471081,19
46.873610021071,7.598666601582,19
46.873590929190,7.611783723219,19
46.873570334012,7.624900835264,19
46.873548235537,7.638017936989,19
46.873524633763,7.651135027670,19
46.873499528692,7.664252106578,19
46.866765807454,8.700402141631,19
46.866620438570,8.713515924379,19
46.866473566388,8.726629636496,19
46.866325190908,8.739743277254,19
46.866175312130,8.752856845926,19
46.865871044683,8.779083764108,19
46.882653572512,7.559335359133,19
46.882638988116,7.572454697875,19
46.882622900174,7.585574029205,19
46.882605308686,7.598693352396,19
46.882586213651,7.611812666723,19
46.882565615071,7.624931971457,19
46.882543512945,7.638051265872,19
46.875467675114,8.726844958621,19
46.875319275124,8.739960792069,19
46.875169371588,8.753076553431,19
46.875017964506,8.766192241981,19
46.874865053878,8.779307856992,19
46.874710639703,8.792423397739,19
46.891673518054,7.533112454908,19
46.891661938838,7.546233999710,19
46.891648855827,7.559355538553,19
46.891634269022,7.572477070710,19
46.891618178423,7.585598595455,19
46.891600584029,7.598720112062,19
46.891581485841,7.611841619804,19
46.891560883859,7.624963117953,19
46.884461771570,8.727060351996,19
46.884313347069,8.740178378859,19
46.884163418774,8.753296333636,19
46.884011986685,8.766414215601,19
46.883859050801,8.779532024028,19
46.883704611123,8.792649758190,19
46.900678870024,7.520004508548,19
46.900668792938,7.533128252722,19
46.900657211809,7.546251991664,19
46.900644126638,7.559375724648,19
46.900629537424,7.572499450946,19
46.900613444168,7.585623169832,19
46.900595846868,7.598746880580,19
46.893307406510,8.740396037624,19
46.893157453456,8.753516186542,19
46.893005996360,8.766636262648,19
46.892853035220,8.779756265216,19
46.892698570039,8.792876193518,19
46.892542600814,8.805996046828,19
46.892385127547,8.819115824419,19
46.909682708292,7.506892173173,19
46.909674133833,7.520018116719,19
46.909664055083,7.533144055760,19
46.909652472043,7.546269989568,19
46.909639384711,7.559395917418,19
46.909624793088,7.572521838583,19
46.909608697175,7.585647752335,19
46.901999993297,8.766858383121,19
46.901847006902,8.779980580555,19
46.901692516216,8.793102703723,19
46.901536521240,8.806224751900,19
46.901379021972,8.819346724358,19
46.901220018413,8.832468620370,19
46.901059510563,8.845590439211,19
46.900897498423,8.858712180153,19
46.918685031881,7.493775447335,19
46.918677960546,7.506903590251,19
46.918669384672,7.520031729389,19
46.918659304258,7.533159864021,19
46.918647719305,7.546287993422,19
46.918634629813,7.559416116863,19
46.910686449423,8.793329288806,19
46.910530428694,8.806453532575,19
46.910372903426,8.819577700624,19
46.910213873618,8.832701792229,19
46.910053339271,8.845825806661,19
46.909891300385,8.858949743195,19
46.909727756960,8.872073601103,19
46.927685839812,7.480654329582,19
46.927680272097,7.493784671868,19
46.927673199595,7.506915011102,19
46.927664622305,7.520045346557,19
46.927654540228,7.533175677507,19
46.927642953363,7.546306003225,19
46.919366771675,8.819808753220,19
46.919207715619,8.832935041141,19
46.919047154775,8.846061251891,19
46.918885089143,8.859187384742,19
46.918721518724,8.872313438968,19
46.918556443517,8.885439413842,19
46.918389863522,8.898565308637,19
46.936685131106,7.467528818466,19
46.936681067509,7.480661360120,19
46.936675498876,7.493793899449,19
46.936668425207,7.506926435725,19
46.936659846502,7.520058968224,19
46.936649762760,7.533191496216,19
46.927878864463,8.859425104795,19
46.927715267050,8.872553356064,19
46.927550164601,8.885681527981,19
46.927383557116,8.898809619819,19
46.945683958486,7.441264170642,19
46.945682904787,7.454398912535,19
46.945680345803,7.467533653556,19
46.945676281536,7.480668392979,19
46.945670711984,7.493803130077,19
46.945663637147,7.506937864122,19
46.945655057027,7.520072594389,19
46.936709001705,8.872793352390,19
46.936543872014,8.885923722076,19
46.936377237038,8.899054011682,19
46.936209096778,8.912184220484,19
46.954679159874,7.441264610340,19
46.954678106002,7.454401550728,19
46.954675546596,7.467538490243,19
46.954671481658,7.480675428160,19
46.954665911187,7.493812363752,19
46.954658835183,7.506949296291,19
46.945537565522,8.886165996127,19
46.945370903056,8.899298484227,19
46.945202735057,8.912430891523,19
46.945033061526,8.925563217287,19
46.963671937876,7.414986771261,19
46.963673895391,7.428125910432,19
46.963674347125,7.441265050184,19
46.963673293079,7.454404189792,19
46.963670733251,7.467543328527,19
46.963666667642,7.480682465663,19
46.963661096252,7.493821600474,19
46.954531244893,8.886408350134,19
46.954364554937,8.899543037454,19
46.954196359199,8.912677643970,19
46.954026657680,8.925812168953,19
46.972663646491,7.401841473551,19
46.972667110358,7.414982811359,19
46.972669068196,7.428124150476,19
46.972669520005,7.441265490173,19
46.972668465784,7.454406829726,19
46.972665905535,7.467548168406,19
46.963358192446,8.899787671363,19
46.963189968969,8.912924477824,19
46.963020239463,8.926061202752,19
46.962849003928,8.939197845422,19
46.981653833081,7.388691775228,19
46.981658803797,7.401835311673,19
46.981662268236,7.414978850152,19
46.981664226397,7.428122389939,19
46.981664678280,7.441265930308,19
46.981663623886,7.454409470531,19
46.972183564135,8.913171393085,19
46.972013806642,8.926310318684,19
46.971842542871,8.939449162024,19
46.971669772823,8.952587922380,19
46.990648974730,7.388683409922,19
46.990653946266,7.401829147763,19
46.990657411276,7.414974887638,19
46.990659369760,7.428120628822,19
46.990659821718,7.441266370587,19
46.981177144463,8.913418389753,19
46.981007358983,8.926559516749,19
46.980836066977,8.939700561486,19
46.980663268445,8.952841523237,19
46.980488963386,8.965982401277,19
46.999637622179,7.375527104658,19
46.999644101309,7.388675041859,19
46.999649073664,7.401822981822,19
46.999652539245,7.414970923819,19
46.999654498052,7.428118867124,19
46.990000896253,8.926808796947,19
46.989829576011,8.939952043805,19
46.989656748995,8.953095207679,19
46.989482415205,8.966238287840,19
46.989306574640,8.979381283563,19
47.008624745165,7.362366394429,19
47.008632732385,7.375516530990,19
47.008639212583,7.388666671039,19
47.008644185758,7.401816813849,19
47.008647651910,7.414966958694,19
46.998475851719,8.966494258713,19
46.998299982174,8.979639457283,19
47.017619838517,7.362353613706,19
47.017627827054,7.375505953839,19
47.017634308319,7.388658297461,19
47.017639282313,7.401810643844,19
47.007643663950,8.953602827314,19
47.007469272695,8.966750313896,19
47.007293374169,8.979897716039,19
47.007115968372,8.993045033017,19
47.026605418727,7.349186288556,19
47.026614916098,7.362340828774,19
47.026622905951,7.375495373206,19
47.026629388284,7.388649921127,19
47.026634363098,7.401804471808,19
47.016286750394,8.980156059830,19
47.016109315368,8.993305581106,19
47.015930372823,9.006455016491,19
47.015749922759,9.019604365256,19
47.015567965176,9.032753626677,19
47.035589472035,7.336014554092,19
47.035600478739,7.349171294392,19
47.035609977675,7.362328039634,19
47.035617968844,7.375484789091,19
47.035624452244,7.388641542035,19
47.025280110614,8.980414488656,19
47.025102646359,8.993566214956,19
47.024923674337,9.006717855365,19
47.024743194548,9.019869409154,19
47.024561206990,9.033020875599,19
47.024377711665,9.046172253972,19
47.044571997463,7.322838408862,19
47.044584513996,7.335997349244,19
47.044595522513,7.349156295295,19
47.044605023014,7.362315246286,19
47.044613015499,7.375474201492,19
47.034273454596,8.980673002517,19
47.034095961113,8.993826934567,19
47.033916959614,9.006980780725,19
47.033736450099,9.020134540264,19
47.033554432567,9.033288212459,19
47.033370907020,9.046441796581,19
47.053567020893,7.322818991880,19
47.053579539486,7.335980138738,19
47.053590549816,7.349141291263,19
47.053600051881,7.362302448730,19
47.042910228419,9.007243792571,19
47.042729689178,9.020399758586,19
47.042547641673,9.033555637256,19
47.042364085904,9.046711427853,19
47.042179021870,9.059867129652,19
47.062547998449,7.309636220850,19
47.062562027617,7.322799568513,19
47.062574548272,7.335962922572,19
47.062585560415,7.349126282298,19
47.062595064045,7.362289646965,19
47.051903480520,9.007506890904,19
47.051722911553,9.020665064120,19
47.051540834075,9.033823149990,19
47.051357248083,9.046981147788,19
47.051172153579,9.060139056787,19
47.071527445689,7.296449034703,19
47.071542985927,7.309614583172,19
47.071557017404,7.322780138762,19
47.071569540121,7.335945700746,19
47.071580554076,7.349111268399,19
47.060716116991,9.020930456865,19
47.060534009538,9.034090750661,19
47.060350393325,9.047250956386,19
47.060165268350,9.060411073312,19
47.059978634614,9.073571100712,19
47.059790492117,9.086731037861,19
47.059600840860,9.099890884031,19
47.080522413437,7.296425181263,19
47.080537956233,7.309592938383,19
47.080551990020,7.322760702625,19
47.080564514798,7.335928473261,19
47.080575530566,7.349096249566,19
47.069527167831,9.034358439270,19
47.069343521395,9.047520853647,19
47.069158365950,9.060683179224,19
47.068971701495,9.073845415277,19
47.068783528031,9.087007561077,19
47.068593845558,9.100169615899,19
47.089500309170,7.283231361337,19
47.089517363781,7.296401319986,19
47.089532909135,7.309571286484,19
47.089546945232,7.322741260103,19
47.089559472070,7.335911240117,19
47.078151446145,9.060955374526,19
47.077964750972,9.074119819955,19
47.077776546541,9.087284175133,19
47.077586832852,9.100448439332,19
47.077395609906,9.113612611826,19
47.098495239070,7.283205282121,19
47.098512296488,7.296377450874,19
47.098527844399,7.309549627475,19
47.098541882805,7.322721811197,19
47.098554411705,7.335894001314,19
47.086957782811,9.074394314748,19
47.086769547412,9.087560880029,19
47.086579802508,9.100727354331,19
47.086388548098,9.113893736928,19
47.086195784182,9.127060027093,19
47.107471581121,7.270004823338,19
47.107490151099,7.283179194344,19
47.107507211323,7.296353573926,19
47.107522761792,7.309527961355,19
47.107536802508,7.322702355906,19
47.095762530413,9.087837675764,19
47.095572754293,9.101006360895,19
47.095381468419,9.114174954320,19
47.095188672791,9.127343455314,19
47.116466471991,7.269976515445,19
47.116485045023,7.283153098006,19
47.116502108054,7.296329689141,19
47.116517661081,7.309506288125,19
47.104374370636,9.114456264003,19
47.104181543295,9.127626976551,19
47.103987205952,9.140797595939,19
47.103791358606,9.153968121443,19
47.103594001258,9.167138552335,19
47.125441258185,7.256769412726,19
47.125461344523,7.269948198265,19
47.125479920610,7.283126993106,19
47.125496986447,7.296305796521,19
47.125512542032,7.309484607784,19
47.112980026159,9.141083422472,19
47.112784146604,9.154256160256,19
47.112586756798,9.167428803427,19
47.112387856741,9.180601351259,19
47.134436108843,7.256738873254,19
47.134456198484,7.269919871798,19
47.134474777626,7.283100879644,19
47.134491846268,7.296281896064,19
47.121972827794,9.141369342747,19
47.121776916030,9.154544293536,19
47.121579493767,9.167719149712,19
47.143430940697,7.256708323769,19
47.143451033641,7.269891536044,19
47.143469615837,7.283074757621,19
47.143486687286,7.296257987772,19
47.130965610624,9.141655356764,19
47.130769666652,9.154832521283,19
47.130572211932,9.168009591190,19
47.152425753513,7.256677764272,19
47.152445849760,7.269863191003,19
47.152464435011,7.283048627036,19
47.139958374417,9.141941464522,19
47.139762398236,9.155120843497,19
47.139564911059,9.168300127861,19
47.161420547058,7.256647194762,19
47.161440646608,7.269834836675,19
47.161459234913,7.283022487890,19
47.149145616085,9.129045977979,19
47.148951118939,9.142227666022,19
47.148755110549,9.155409260179,19
47.148557590915,9.168590759725,19
47.170415321099,7.256616615239,19
47.170435423951,7.269806473060,19
47.170454015311,7.282996340182,19
47.158138373063,9.129330057314,19
47.157943843957,9.142513961264,19
47.157747803358,9.155697771329,19
47.157550251266,9.168881486781,19
47.179410075401,7.256586025704,19
47.179430181557,7.269778100157,19
47.179448775971,7.282970183913,19
47.179465858644,7.296162276242,19
47.166936549236,9.142800350247,19
47.166740476429,9.155986376945,19
47.166542891880,9.169172309031,19
47.166343795590,9.182358145778,19
47.188404809733,7.256555426156,19
47.188424919191,7.269749717968,19
47.188443516660,7.282944019082,19
47.188460602140,7.296138328770,19
47.175929234545,9.143086832973,19
47.175733129528,9.156275077029,19
47.175535512523,9.169463226474,19
47.175336383527,9.182651280579,19
47.175135742543,9.195839238620,19
47.197377898862,7.243328316726,19
47.197399523860,7.256524816595,19
47.197419636621,7.269721326491,19
47.197438237145,7.282917845689,19
47.197455325430,7.296114373462,19
47.184921899649,9.143373409440,19
47.184725762424,9.156563871580,19
47.184528112961,9.169754239109,19
47.184328951260,9.182944511299,19
47.184128277322,9.196134687423,19
47.206372589000,7.243295478343,19
47.206394217550,7.256494197021,19
47.206414333614,7.269692925728,19
47.206432937192,7.282891663735,19
47.206450028283,7.296090410317,19
47.193718374881,9.156852760599,19
47.193520692961,9.170045346937,19
47.193321498555,9.183237837937,19
47.193120791663,9.196430232871,19
47.192918572284,9.209622531013,19
47.215344113632,7.230061701763,19
47.215367258467,7.243262629222,19
47.215388890568,7.256463567435,19
47.215409009935,7.269664515677,19
47.215427616567,7.282865473219,19
47.202513252290,9.170336549958,19
47.202314025178,9.183531260493,19
47.202113285332,9.196725874962,19
47.201911032752,9.209920392640,19
47.201707267437,9.223114812799,19
47.224338758395,7.230026621643,19
47.224361907030,7.243229769362,19
47.224383542682,7.256432927837,19
47.224403665352,7.269636096339,19
47.224422275038,7.282839274142,19
47.211306530898,9.183824778968,19
47.211105758098,9.197021613698,19
47.210903472315,9.210218351636,19
47.210699673550,9.223414992056,19
47.210494361802,9.236611534230,19
47.233308716355,7.216786172834,19
47.233333382021,7.229991530059,19
47.233356534455,7.243196898765,19
47.233378173658,7.256402278225,19
47.233398299631,7.269607667714,19
47.220098209725,9.197317449078,19
47.219895890741,9.210516408002,19
47.219692058525,9.223715269408,19
47.219486713078,9.236914032569,19
47.242303314562,7.216748848075,19
47.242327984275,7.229956427011,19
47.242351140509,7.243164017429,19
47.242372783263,7.256371618601,19
47.242392912539,7.269579229802,19
47.229090639982,9.197613381101,19
47.228888287795,9.210814561738,19
47.228684422129,9.224015644855,19
47.228479042983,9.237216629728,19
47.251297891164,7.216711511126,19
47.251322564925,7.229921312499,19
47.251345724958,7.243131125355,19
47.251367371264,7.256340948964,19
47.237880663245,9.211112812843,19
47.237676764128,9.224316118398,19
47.237471351284,9.237519325708,19
47.237264424712,9.250722434046,19
47.260292445928,7.216674161987,19
47.260317123737,7.229886186524,19
47.260340287570,7.243098222542,19
47.260361937427,7.256310269315,19
47.246873016857,9.211411161317,19
47.246669084290,9.224616690035,19
47.246463637747,9.237822120508,19
47.246256677228,9.251027452009,19
47.269286978622,7.216636800659,19
47.269311660478,7.229851049085,19
47.269334828111,7.243065308992,19
47.269356481518,7.256279579653,19
47.255865348398,9.211709607161,19
47.255661382381,9.224917359768,19
47.255455902138,9.238125014130,19
47.255248907672,9.251332569519,19
47.278255288633,7.203382966311,19
47.278281489010,7.216599427142,19
47.278306174915,7.229815900182,19
47.278329346347,7.243032384703,19
47.278351003306,7.256248879978,19
47.264857657635,9.212008150375,19
47.264653658167,9.225218127596,19
47.264448144226,9.238428006572,19
47.264241115812,9.251637786575,19
47.264032572926,9.264847466880,19
47.287249772188,7.203343355265,19
47.287275976861,7.216562041436,19
47.287300666814,7.229780739815,19
47.287323842045,7.242999449676,19
47.273645911415,9.225518993519,19
47.273440363775,9.238731097834,19
47.273233301415,9.251943103177,19
47.296244232972,7.203303731304,19
47.296270441941,7.216524643540,19
47.296295135941,7.229745567985,19
47.296318314972,7.242966503910,19
47.282638141892,9.225819957537,19
47.282432560554,9.239034287917,19
47.282225464246,9.252248519326,19
47.282016852969,9.265462651036,19
47.305210942268,7.190040968335,19
47.305238670751,7.203264094428,19
47.305264884017,7.216487233455,19
47.305289582065,7.229710384690,19
47.305312764895,7.242933547407,19
47.291630349365,9.226121019650,19
47.291424734327,9.239337576821,19
47.291217604072,9.252554035021,19
47.291008958600,9.265770393521,19
47.314205352265,7.189999091028,19
47.314233085292,7.203224444637,19
47.314259302854,7.216449811181,19
47.314284004950,7.229675189932,19
47.300416884864,9.239640964546,19
47.300209720661,9.252859650261,19
47.300001040993,9.266078236278,19
47.299790845859,9.279296721870,19
47.323170485504,7.176729631891,19
47.323199738791,7.189957200081,19
47.323227476363,7.203184781932,19
47.323253698221,7.216412376717,19
47.323278404364,7.229639983710,19
47.309409011929,9.239944451091,19
47.309201813779,9.253165365049,19
47.308993099916,9.266386179307,19
47.308782870338,9.279606893141,19
47.332164843532,7.176685498336,19
47.332194101612,7.189915295493,19
47.332221843729,7.203145106311,19
47.332248069883,7.216374930064,19
47.332272780074,7.229604766025,19
47.318401115289,9.240248036457,19
47.318193883193,9.253471179382,19
47.317985135134,9.266694222608,19
47.317774871112,9.279917165409,19
47.341159177623,7.176641350415,19
47.341188440496,7.189873377265,19
47.341216187157,7.203105417776,19
47.341242417607,7.216337471222,19
47.327185928668,9.253777093262,19
47.326977146414,9.267002366181,19
47.326766847948,9.280227538675,19
47.350153487543,7.176597188127,19
47.350182755208,7.189831445396,19
47.350210506414,7.203065716325,19
47.350236741160,7.216300000190,19
47.336177949973,9.254083106687,19
47.335969133523,9.267310610025,19
47.335758800613,9.280538012938,19
47.335546951244,9.293765314698,19
47.359147773058,7.176553011474,19
47.359177045516,7.189789499886,19
47.359204801267,7.203026001960,19
47.359231040309,7.216262516969,19
47.345169946873,9.254389219659,19
47.344961096227,9.267618954141,19
47.344750728874,9.280848588198,19
47.344538844813,9.294078121102,19
47.368142033936,7.176508820454,19
47.368171311187,7.189747540737,19
47.368199071481,7.202986274680,19
47.354161919135,9.254695432178,19
47.353953034294,9.267927398529,19
47.353742632497,9.281159264455,19
47.353530713744,9.294391029230,19
47.377136269942,7.176464615069,19
47.377165551986,7.189705567946,19
47.377193316825,7.202946534485,19
47.363153866527,9.255001744242,19
47.362944947490,9.268235943189,19
47.362734511249,9.281470041710,19
47.362522557803,9.294704039080,19
47.386130480844,7.176420395318,19
47.386159767680,7.189663581516,19
47.386187537064,7.202906781375,19
47.386213788995,7.216149994170,19
47.372145788813,9.255308155853,19
47.371936835581,9.268544588120,19
47.371726364896,9.281780919963,19
47.371514376759,9.295017150653,19
47.395124666408,7.176376161200,19
47.395153958037,7.189621581445,19
47.395181731966,7.202867015351,19
47.380928698335,9.268853333324,19
47.380718193206,9.282091899212,19
47.380506170376,9.295330363949,19
47.404118826401,7.176331912717,19
47.404148122823,7.189579567733,19
47.404175901296,7.202827236411,19
47.389920535517,9.269162178799,19
47.389709995944,9.282402979459,19
47.389497938423,9.295643678968,19
47.413112960590,7.176287649867,19
47.413142261805,7.189537540381,19
47.413170044822,7.202787444556,19
47.398912346895,9.269471124546,19
47.398701772878,9.282714160703,19
47.398489680664,9.295957095709,19
47.422107068741,7.176243372652,19
47.422136374748,7.189495499389,19
47.422164162310,7.202747639787,19
47.407904132235,9.269780170564,19
47.407693523775,9.283025442945,19
47.407481396869,9.296270614174,19
47.431101150620,7.176199081071,19
47.431130461421,7.189453444756,19
47.431158253527,7.202707822103,19
47.416895891304,9.270089316855,19
47.416685248400,9.283336826184,19
47.416473086802,9.296584234361,19
47.440095205996,7.176154775123,19
47.440124521589,7.189411376483,19
47.440152318240,7.202667991504,19
47.425887623869,9.270398563417,19
47.425676946521,9.283648310420,19
47.425464750230,9.296897956272,19
47.449089234633,7.176110454810,19
47.449118555019,7.189369294569,19
47.449146356215,7.202628147990,19
47.434879329695,9.270707910251,19
47.434668617904,9.283959895654,19
47.434456386921,9.297211779905,19
47.458083236299,7.176066120130,19
47.458112561479,7.189327199015,19
47.458140367218,7.202588291561,19
47.443871008551,9.271017357356,19
47.443660262316,9.284271581885,19
47.443447996641,9.297525705261,19
47.467077210761,7.176021771085,19
47.467106540733,7.189285089820,19
47.467134351018,7.202548422217,19
47.452862660202,9.271326904734,19
47.452651879523,9.284583369113,19
47.452439579156,9.297839732340,19
47.476071157785,7.175977407674,19
47.476100492550,7.189242966985,19
47.476128307379,7.202508539958,19
47.461854284416,9.271636552383,19
47.461643469293,9.284895257339,19
47.461431134233,9.298153861142,19
47.485065077138,7.175933029896,19
47.485094416696,7.189200830510,19
47.485122236069,7.202468644784,19
47.470845880958,9.271946300304,19
47.470635031391,9.285207246562,19
47.470422661640,9.298468091667,19
47.494058968587,7.175888637753,19
47.494088312938,7.189158680394,19
47.494116136855,7.202428736696,19
47.479837449596,9.272256148497,19
47.479626565585,9.285519336782,19
47.479414161142,9.298782423915,19
47.503052831898,7.175844231243,19
47.503082181041,7.189116516637,19
47.503110009503,7.202388815692,19
47.488828990096,9.272566096962,19
47.488618071642,9.285831527999,19
47.488405632506,9.299096857885,19
47.512046666838,7.175799810368,19
47.512076020774,7.189074339240,19
47.512103853781,7.202348881774,19
47.497820502225,9.272876145698,19
47.497609549327,9.286143820214,19
47.497397075499,9.299411393579,19
47.521040473173,7.175755375127,19
47.521069831902,7.189032148203,19
47.521097669453,7.202308934941,19
47.506811985750,9.273186294706,19
47.506600998408,9.286456213427,19
47.506388489888,9.299726030995,19
47.530034250670,7.175710925519,19
47.530063614192,7.188989943525,19
47.530091456288,7.202268975193,19
47.515803440437,9.273496543986,19
47.515592418651,9.286768707636,19
47.515379875438,9.300040770134,19
47.539027999097,7.175666461546,19
47.539057367411,7.188947725207,19
47.539085214052,7.202229002530,19
47.524794866052,9.273806893538,19
47.524583809822,9.287081302843,19
47.524371231918,9.300355610997,19
47.548021718219,7.175621983206,19
47.548051091326,7.188905493249,19
47.548078942511,7.202189016952,19
47.533786262364,9.274117343361,19
47.533575171690,9.287393999047,19
47.533362559093,9.300670553582,19
47.557015407803,7.175577490501,19
47.557044785703,7.188863247650,19
47.557072641432,7.202149018459,19
47.542777629137,9.274427893456,19
47.542566504019,9.287706796249,19
47.542353856731,9.300985597890,19
47.566009067616,7.175532983430,19
47.566038450309,7.188820988410,19
47.566066310583,7.202109007052,19
47.551768966140,9.274738543824,19
47.551557806578,9.288019694448,19
47.551345124597,9.301300743920,19
47.575002697424,7.175488461992,19
47.575032084910,7.188778715530,19
47.575059949729,7.202068982729,19
47.575086291879,7.215359262863,19
47.560760273137,9.275049294462,19
47.560549079132,9.288332693644,19
47.560336362459,9.301615991674,19
47.583996296995,7.175443926189,19
47.584025689274,7.188736429010,19
47.584053558637,7.202028945492,19
47.584079905084,7.215321474909,19
47.569961255431,9.262074396483,19
47.569751549898,9.275360145373,19
47.569540321448,9.288645793838,19
47.569327570083,9.301931341151,19
47.592989866095,7.175399376019,19
47.593019263167,7.188694128849,19
47.593047137074,7.201988895340,19
47.593073487817,7.215283674765,19
47.578952535915,9.262383097657,19
47.578742796187,9.275671096555,19
47.578531533294,9.288958995029,19
47.578318747236,9.302246792350,19
47.601983404490,7.175354811484,19
47.602012806355,7.188651815048,19
47.602040684806,7.201948832272,19
47.602067039846,7.215245862432,19
47.587943785695,9.262691898377,19
47.587734011771,9.275982148009,19
47.587522714434,9.289272297217,19
47.587309893685,9.302562345273,19
47.610976911948,7.175310232583,19
47.611006318605,7.188609487606,19
47.611034201601,7.201908756290,19
47.611060560937,7.215208037910,19
47.611085396611,7.228507331737,19
47.596935004538,9.263000798643,19
47.596725196418,9.276293299735,19
47.596513864637,9.289585700403,19
47.596301009196,9.302877999918,19
47.619970388234,7.175265639315,19
47.619999799684,7.188567146524,19
47.620027687225,7.201868667393,19
47.620054050856,7.215170201198,19
47.620078890579,7.228471747210,19
47.606134510615,9.250014945479,19
47.605926192209,9.263309798455,19
47.605716349894,9.276604551733,19
47.605504983669,9.289899204586,19
47.605292093535,9.303193756286,19
47.628993249359,7.188524791801,19
47.629021141444,7.201828565582,19
47.629047509372,7.215132352297,19
47.629072353142,7.228436151220,19
47.615125700829,9.250321791927,19
47.614917348476,9.263618897814,19
47.614707471965,9.276915904003,19
47.614496071297,9.290212809766,19
47.614283146471,9.303509614377,19
47.637986667396,7.188482423438,19
47.638014564026,7.201788450855,19
47.638040936249,7.215094491206,19
47.638065784067,7.228400543766,19
47.624116859405,9.250628737196,19
47.623908473105,9.263928096719,19
47.623698562398,9.277227356544,19
47.623487127286,9.290526515943,19
47.646980053562,7.188440041434,19
47.647007954736,7.201748323213,19
47.647034331256,7.215056617927,19
47.647059183122,7.228364924848,19
47.647082510333,7.241673243251,19
47.633314881703,9.237634068427,19
47.633107986110,9.250935781285,19
47.632899565863,9.264237395170,19
47.632689620961,9.277538909357,19
47.632478151405,9.290840323118,19
47.655973407623,7.188397645791,19
47.656001313342,7.201708182657,19
47.656027694158,7.215018732458,19
47.656052550072,7.228329294466,19
47.656075881082,7.241639867957,19
47.642306010002,9.237938956250,19
47.642099080710,9.251242924195,19
47.641890626516,9.264546793168,19
47.641680647419,9.277850562442,19
47.664994639610,7.201668029185,19
47.665021024722,7.214980834799,19
47.665045884684,7.228293652621,19
47.665069219494,7.241606481924,19
47.651502543804,9.224937620164,19
47.651297105964,9.238243942167,19
47.651090142973,9.251550165925,19
47.650881654832,9.264856290711,19
47.650671641539,9.278162315798,19
47.673987933307,7.201627862799,19
47.674014322716,7.214942924951,19
47.674039186725,7.228257999312,19
47.674062525335,7.241573085154,19
47.660493640645,9.225240447638,19
47.660288169355,9.238549026180,19
47.660081172665,9.251857506477,19
47.659872650576,9.265165887801,19
47.682981194200,7.201587683498,19
47.683007587904,7.214905002914,19
47.683032455961,7.228222334539,19
47.683055798371,7.241539677645,19
47.669484704681,9.225543372482,19
47.669279199941,9.238854208288,19
47.669072169552,9.252164945849,19
47.668863613516,9.265475584437,19
47.691974422055,7.201547491282,19
47.692000820055,7.214867068688,19
47.692025692160,7.228186658302,19
47.692049038369,7.241506259398,19
47.692070858682,7.254825871248,19
47.678679747975,9.212533203381,19
47.678475735680,9.225846394695,19
47.678270197489,9.239159488491,19
47.678063133402,9.252472484041,19
47.677854543419,9.265785380619,19
47.700967616638,7.201507286151,19
47.700994018935,7.214829122272,19
47.701018895088,7.228150970602,19
47.701042245096,7.241472830412,19
47.701064068960,7.254794700978,19
47.687670778905,9.212834064249,19
47.687466733408,9.226149514278,19
47.687261161766,9.239464866789,19
47.687054063980,9.252780121054,19
47.709987184311,7.214791163667,19
47.710012064511,7.228115271437,19
47.710035418319,7.241439390689,19
47.710057245734,7.254763520695,19
47.696661776331,9.213135021760,19
47.696457697631,9.226452731231,19
47.696252092539,9.239770343182,19
47.696044961054,9.253087856888,19
47.718980315948,7.214753192873,19
47.719005200197,7.228079560809,19
47.719028557804,7.241405940227,19
47.719050388770,7.254732330400,19
47.719070693095,7.268058730600,19
47.705855325279,9.200116009488,19
47.705652740018,9.213436075916,19
47.705448628117,9.226756045553,19
47.705242989574,9.240075917670,19
47.705035824390,9.253395691543,19
47.727998301911,7.228043838717,19
47.728021663318,7.241372479027,19
47.728043497835,7.254701130092,19
47.728063805463,7.268029791184,19
47.714846287949,9.200414899395,19
47.714643669735,9.213737226716,19
47.714439524631,9.227059457244,19
47.714233852638,9.240381590254,19
47.736991369421,7.228008105162,19
47.737014734627,7.241339007089,19
47.737036572696,7.254669919771,19
47.737056883627,7.268000842481,19
47.737075667420,7.281331774492,19
47.723837216415,9.200713885221,19
47.723634565247,9.214038474159,19
47.723430386941,9.227362966305,19
47.723224681497,9.240687360932,19
47.745984402493,7.227972360142,19
47.746007771499,7.241305524413,19
47.746029613119,7.254638699437,19
47.746049927352,7.267971884490,19
47.746068714200,7.281305078844,19
47.733029267180,9.187686019620,19
47.732828110443,9.201012966966,19
47.732625426321,9.214339818247,19
47.732421214813,9.227666572736,19
47.732215475919,9.240993229706,19
47.755000773699,7.241272030998,19
47.755022618870,7.254607469091,19
47.755042936407,7.267942917213,19
47.755061726309,7.281278374635,19
47.755078988577,7.294613840633,19
47.742020159242,9.187982934214,19
47.741818969800,9.201312144629,19
47.741616252724,9.214641258978,19
47.741412008014,9.227970276536,19
47.763993740995,7.241238526845,19
47.764015589718,7.254576228733,19
47.764035910557,7.267913940648,19
47.764054703514,7.281251661865,19
47.764071968588,7.294589391656,19
47.751011016400,9.188279944002,19
47.750809794253,9.201611418211,19
47.750607044223,9.214942796354,19
47.750402766311,9.228274077706,19
47.773008525427,7.254544978361,19
47.773028849569,7.267884954796,19
47.773047645581,7.281224940533,19
47.773064913461,7.294564934844,19
47.773080653210,7.307904937003,19
47.760201565142,9.175243214915,19
47.760001838421,9.188577048982,19
47.759800583568,9.201910787710,19
47.759597800584,9.215244430374,19
47.759393489469,9.228577976245,19
47.782021753211,7.267855959658,19
47.782040552276,7.281198210639,19
47.782057822963,7.294540470196,19
47.782073565270,7.307882737600,19
47.769192384249,9.175538149843,19
47.768992625070,9.188874249155,19
47.768791337512,9.202210253129,19
47.768588521574,9.215546161037,19
47.791014621247,7.267826955232,19
47.791033423368,7.281171472184,19
47.791050696860,7.294515997711,19
47.791066441725,7.307860531086,19
47.791080657962,7.321205071583,19
47.778381430759,9.162494719343,19
47.778183167751,9.175833179238,19
47.777983376114,9.189171544521,19
47.777782055851,9.202509814466,19
47.777579206959,9.215847988345,19
47.800026258621,7.281144725167,19
47.800043534920,7.294491517391,19
47.800059282343,7.307838317462,19
47.800073500889,7.321185124655,19
47.787568976973,9.149446756032,19
47.787372210632,9.162787576509,19
47.787173915415,9.176128303101,19
47.786974091321,9.189468935080,19
47.786772738352,9.202809471721,19
47.809019057803,7.281117969589,19
47.809036336908,7.294467029234,19
47.809052086889,7.307816096728,19
47.809066307745,7.321165171343,19
47.809078999477,7.334514252352,19
47.796559752735,9.149737439518,19
47.796362954434,9.163080527417,19
47.796164627008,9.176423521431,19
47.795964770457,9.189766420832,19
47.795763384783,9.203109224895,19
47.818029102592,7.294442533242,19
47.818044855131,7.307793868883,19
47.818059078297,7.321145211645,19
47.818071772090,7.334496560802,19
47.818082936510,7.347847915627,19
47.805745793083,9.136682766816,19
47.805550492193,9.150028216021,19
47.805353661931,9.163373572067,19
47.805155302296,9.176718834228,19
47.804955413289,9.190064001777,19
47.827021831739,7.294418029414,19
47.827037586835,7.307771633928,19
47.827051812310,7.321125245563,19
47.827064508165,7.334478863593,19
47.827075674398,7.347832487290,19
47.814736527715,9.136971367462,19
47.814541195113,9.150319085539,19
47.814344332891,9.163666710459,19
47.814145941047,9.177014241492,19
47.813946019582,9.190361677914,19
47.836030281768,7.307749391862,19
47.836044509553,7.321105273095,19
47.836057207468,7.334461160724,19
47.836068375515,7.347817054020,19
47.836078013691,7.361172952258,19
47.823921060021,9.123909980289,19
47.823727225576,9.137260060398,19
47.823531861263,9.150610048074,19
47.823334967079,9.163959942592,19
47.823136543027,9.177309743224,19
47.845022939697,7.307727142685,19
47.845037169791,7.321085294243,19
47.845049869768,7.334443452196,19
47.845061039627,7.347801615816,19
47.845070679368,7.361159784378,19
47.845078788992,7.374517957155,19
47.832911752342,9.124196495192,19
47.832717886433,9.137548845625,19
47.832522490407,9.150901103625,19
47.832325564263,9.164253268467,19
47.854029792791,7.321065309006,19
47.854042494829,7.334425738008,19
47.854053666501,7.347786172679,19
47.854063307807,7.361146612290,19
47.854071418747,7.374507056116,19
47.842094774431,9.111128388473,19
47.841902407424,9.124483101660,19
47.841708510052,9.137837723142,19
47.841513082314,9.151192252193,19
47.841316124210,9.164546688084,19
47.863035082419,7.334408018162,19
47.863046255904,7.347770724607,19
47.863055898774,7.361133435994,19
47.863064011030,7.374496151595,19
47.863070592672,7.387858870685,19
47.851276290865,9.098055738789,19
47.851085423258,9.111412814730,19
47.850893025036,9.124769799693,19
47.850699096200,9.138126692951,19
47.850503636750,9.151483493776,19
