46.150736966947,6.848416484994,19
46.150803867445,6.861359434994,19
46.150869284562,6.874302417403,19
46.150933218298,6.887245431494,19
46.151391286453,6.990790597603,19
46.151490969679,7.016677155090,19
46.151538586220,7.029620469731,19
46.158981522626,6.718870249172,19
46.159063270621,6.731814969612,19
46.159449756149,6.796539152417,19
46.159522602366,6.809484100013,19
46.159593964953,6.822429082924,19
46.159663843910,6.835374100425,19
46.159732239238,6.848319151789,19
46.159799150936,6.861264236289,19
46.159864579004,6.874209353198,19
46.159928523443,6.887154501790,19
46.159990984251,6.900099681337,19
46.160051961431,6.913044891114,19
46.160334592882,6.977771368006,19
46.160386668284,6.990716743899,19
46.160437260055,7.003662144935,19
46.160486368197,7.016607570387,19
46.160533992709,7.029553019528,19
46.160580133592,7.042498491632,19
46.160624790845,7.055443985971,19
46.160667964468,7.068389501820,19
46.167362795374,6.628124712935,19
46.167454944197,6.641071270522,19
46.167545609143,6.654017872871,19
46.167634790211,6.666964519257,19
46.167808700713,6.692857941229,19
46.167893430146,6.705804715362,19
46.167976675702,6.718751530625,19
46.168058437380,6.731698386290,19
46.168138715180,6.744645281632,19
46.168217509102,6.757592215922,19
46.168294819145,6.770539188436,19
46.168370645311,6.783486198445,19
46.168444987599,6.796433245224,19
46.168517846009,6.809380328045,19
46.168589220541,6.822327446183,19
46.168659111194,6.835274598909,19
46.168727517970,6.848221785499,19
46.168794440868,6.861169005224,19
46.168859879888,6.874116257359,19
46.168923835030,6.887063541176,19
46.168986306293,6.900010855950,19
46.169047293679,6.912958200952,19
46.169106797187,6.925905575458,19
46.169276404442,6.964747868723,19
46.169329972438,6.977695353973,19
46.169382056556,6.990642865091,19
46.169432656796,7.003590401353,19
46.169481773158,7.016537962030,19
46.169529405641,7.029485546397,19
46.169575554247,7.042433153726,19
46.169620218975,7.055380783292,19
46.169663399825,7.068328434366,19
46.176264203551,6.615042354340,19
46.176357851923,6.627991002389,19
46.176450016168,6.640939695927,19
46.176540696287,6.653888434227,19
46.176629892280,6.666837216564,19
46.176717604146,6.679786042210,19
46.176803831886,6.692734910439,19
46.176888575500,6.705683820523,19
46.176971834987,6.718632771737,19
46.177053610348,6.731581763354,19
46.177133901583,6.744530794646,19
46.177212708691,6.757479864888,19
46.177290031673,6.770428973353,19
46.177365870528,6.783378119313,19
46.177440225258,6.796327302043,19
46.177513095861,6.809276520816,19
46.177584482337,6.822225774905,19
46.177654384688,6.835175063582,19
46.177722802912,6.848124386123,19
46.177789737009,6.861073741800,19
46.178102145602,6.925820991789,19
46.178160174942,6.938770531022,19
46.178216720155,6.951720098304,19
46.178271781242,6.964669692908,19
46.178325358203,6.977619314109,19
46.178428059745,7.003518633392,19
46.178477184327,7.016468330020,19
46.178524824782,7.029418050338,19
46.178570981111,7.042367793619,19
46.178615653314,7.055317559135,19
46.178658841390,7.068267346161,19
46.184240969385,6.485401276223,19
46.184768664579,6.550153245844,19
46.184869750494,6.563103792222,19
46.184969352034,6.576054387724,19
46.185067469199,6.589005031621,19
46.185164101990,6.601955723188,19
46.185259250406,6.614906461697,19
46.185352914448,6.627857246423,19
46.185445094115,6.640808076637,19
46.185535789407,6.653758951615,19
46.185625000324,6.666709870628,19
46.185712726867,6.679660832951,19
46.185798969035,6.692611837856,19
46.185883726829,6.705562884618,19
46.185967000247,6.718513972508,19
46.186048789291,6.731465100802,19
46.186129093961,6.744416268771,19
46.186207914256,6.757367475690,19
46.186285250176,6.770318720831,19
46.186361101721,6.783270003468,19
46.186435468892,6.796221322875,19
46.186508351688,6.809172678325,19
46.186579750110,6.822124069090,19
46.187520249899,7.029350531352,19
46.187566413951,7.042302411309,19
46.187611093628,7.055254313503,19
46.187654288931,7.068206237205,19
46.187695999859,7.081158181691,19
46.187736226413,7.094110146232,19
46.187774968591,7.107062130103,19
46.187812226395,7.120014132576,19
46.187847999825,7.132966152926,19
46.193235851626,6.485243963412,19
46.193344377567,6.498196390679,19
46.193451418885,6.511148870703,19
46.193556975580,6.524101402756,19
46.193661047653,6.537053986112,19
46.193763635102,6.550006620044,19
46.193864737928,6.562959303825,19
46.193964356132,6.575912036728,19
46.194062489712,6.588864818028,19
46.194159138669,6.601817646997,19
46.194254303004,6.614770522909,19
46.194347982715,6.627723445037,19
46.194440177803,6.640676412654,19
46.194530888268,6.653629425033,19
46.194620114111,6.666582481449,19
46.194707855330,6.679535581174,19
46.194794111926,6.692488723482,19
46.194878883900,6.705441907645,19
46.194962171250,6.718395132938,19
46.195043973977,6.731348398634,19
46.195124292082,6.744301704006,19
46.195203125563,6.757255048327,19
46.195280474421,6.770208430871,19
46.196649742214,7.068145107499,19
46.196691460120,7.081099189386,19
46.196731693404,7.094053291330,19
46.196770442064,7.107007412603,19
46.196807706101,7.119961552479,19
46.196843485516,7.132915710231,19
46.196877780307,7.145869885132,19
46.196910590475,7.158824076455,19
46.196941916020,7.171778283475,19
46.196971756943,7.184732505464,19
46.197000113242,7.197686741696,19
46.201896197864,6.446223224815,19
46.202009196572,6.459177627583,19
46.202120710409,6.472132085286,19
46.202230739375,6.485086597199,19
46.202339283469,6.498041162595,19
46.202446342693,6.510995780746,19
46.202551917044,6.523950450927,19
46.202656006525,6.536905172411,19
46.202758611134,6.549859944470,19
46.202859730872,6.562814766379,19
46.202959365738,6.575769637411,19
46.203057515733,6.588724556839,19
46.203154180857,6.601679523935,19
46.203249361110,6.614634537975,19
46.203789260326,6.692365567315,19
46.205686925890,7.081040177057,19
46.205765921045,7.106952676529,19
46.205803191316,7.119908954533,19
46.205838976715,7.132865250412,19
46.205873277243,7.145821563441,19
46.205906092899,7.158777892893,19
46.205937423684,7.171734238041,19
46.205967269598,7.184690598157,19
46.205995630641,7.197646972517,19
46.206022506812,7.210603360393,19
46.210660544367,6.420146473114,19
46.210776532213,6.433102902683,19
46.210891034939,6.446059388641,19
46.211004052546,6.459015930262,19
46.211115585033,6.471972526819,19
46.211225632400,6.484929177586,19
46.211334194648,6.497885881835,19
46.211441271776,6.510842638840,19
46.211546863784,6.523799447874,19
46.211650970673,6.536756308211,19
46.211753592442,6.549713219124,19
46.211854729091,6.562670179886,19
46.212052547030,6.588584248053,19
46.212149228321,6.601541354003,19
46.214798681806,7.119856338738,19
46.214834473190,7.132814773471,19
46.214868779454,7.145773225353,19
46.214901600599,7.158731693659,19
46.214932936624,7.171690177660,19
46.214962787529,7.184648676630,19
46.214991153315,7.197607189843,19
46.215018033981,7.210565716572,19
46.215043429527,7.223524256090,19
46.219298414013,6.381102940363,19
46.219418877358,6.394061335983,19
46.219537855334,6.407019790172,19
46.219655347943,6.419978302204,19
46.219771355184,6.432936871352,19
46.219885877057,6.445895496890,19
46.219998913562,6.458854178090,19
46.220110464698,6.471812914226,19
46.220220530467,6.484771704571,19
46.220329110868,6.497730548399,19
46.220541815566,6.523648393597,19
46.220645939862,6.536607393513,19
46.220748578791,6.549566444005,19
46.223829974707,7.132764279407,19
46.223864286708,7.145724870868,19
46.223897113341,7.158685478752,19
46.223928454606,7.171646102332,19
46.223958310502,7.184606740882,19
46.223986681031,7.197567393674,19
46.224013566192,7.210528059982,19
46.224038965985,7.223488739079,19
46.224062880410,7.236449430239,19
46.224085309466,7.249410132735,19
46.224106253155,7.262370845840,19
46.224125711476,7.275331568829,19
46.224160172014,7.301253041546,19
46.228171193623,6.367967814882,19
46.228293162724,6.380928291511,19
46.228413646208,6.393888827436,19
46.228532644077,6.406849421930,19
46.228650156329,6.419810074266,19
46.228766182964,6.432770783719,19
46.228880723984,6.445731549561,19
46.228993779386,6.458692371065,19
46.229105349173,6.471653247506,19
46.229215433343,6.484614178156,19
46.229324031897,6.497575162288,19
46.232982213557,7.197527584009,19
46.233009103212,7.210490390621,19
46.233034507252,7.223453210023,19
46.233058425674,7.236416041488,19
46.233080858481,7.249378884289,19
46.233101805671,7.262341737699,19
46.233121267245,7.275304600991,19
46.233139243203,7.288267473440,19
46.233155733544,7.301230354318,19
46.233170738269,7.314193242898,19
46.233206838746,7.353081947589,19
46.236663109918,6.315941102654,19
46.236791042865,6.328903475862,19
46.236917489949,6.341865911273,19
46.237042451167,6.354828408159,19
46.237165926521,6.367790965795,19
46.237287916010,6.380753583454,19
46.237408419634,6.393716260409,19
46.237527437394,6.406678995933,19
46.237644969289,6.419641789299,19
46.237761015320,6.432604639782,19
46.237875575486,6.445567546654,19
46.237988649787,6.458530509189,19
46.242004644808,7.210452708492,19
46.242030053094,7.223417668924,19
46.242053975515,7.236382641418,19
46.242076412071,7.249347625249,19
46.242097362763,7.262312619689,19
46.242116827590,7.275277624012,19
46.242134806553,7.288242637490,19
46.242151299650,7.301207659398,19
46.242166306884,7.314172689009,19
46.242179828252,7.327137725596,19
46.242191863756,7.340102768432,19
46.242202413395,7.353067816791,19
46.242211477169,7.366032869945,19
46.245528322680,6.302791174579,19
46.245657763122,6.315755626613,19
46.245785717451,6.328720141577,19
46.245912185668,6.341684718743,19
46.246037167771,6.354649357386,19
46.246160663761,6.367614056777,19
46.246282673639,6.380578816192,19
46.246403197403,6.393543634902,19
46.246522235054,6.406508512182,19
46.246639786593,6.419473447304,19
46.251025603278,7.223382115779,19
46.251049529697,7.236349230030,19
46.251071970004,7.249316355616,19
46.251092924197,7.262283491812,19
46.251112392277,7.275250637890,19
46.251130374245,7.288217793125,19
46.251146870099,7.301184956788,19
46.251161879840,7.314152128155,19
46.251175403469,7.327119306497,19
46.251187440984,7.340086491089,19
46.251197992386,7.353053681203,19
46.251207057675,7.366020876114,19
46.251214636852,7.378988075093,19
46.254259575135,6.276670495887,19
46.254392009930,6.289636962364,19
46.254522958363,6.302603493224,19
46.254652420435,6.315570087739,19
46.254780396146,6.328536745184,19
46.254906885496,6.341503464832,19
46.255031888484,6.354470245955,19
46.255155405111,6.367437087828,19
46.260142444656,7.301162246487,19
46.260157456906,7.314131560335,19
46.260170982794,7.327100881159,19
46.260183022321,7.340070208232,19
46.260193575486,7.353039540827,19
46.260202642290,7.366008878219,19
46.260210222733,7.378978219680,19
46.263120227158,6.263509919985,19
46.263254170689,6.276478464560,19
46.263386627611,6.289447074243,19
46.263517597922,6.302415748310,19
46.263647081624,6.315384486032,19
46.263775078717,6.328353286684,19
46.263901589199,6.341322149538,19
46.269153037847,7.314110985550,19
46.269189162462,7.353025395662,19
46.269198230781,7.365996876261,19
46.269205812490,7.378968360929,19
46.269211907589,7.391939848939,19
46.269216516079,7.404911339565,19
46.271979351216,6.250345057045,19
46.272114803980,6.263315679716,19
46.272248769886,6.276286368223,19
46.272381248934,6.289257121839,19
46.272512241124,6.302227939837,19
46.272641746455,6.315198821492,19
46.272769764929,6.328169766076,19
46.278193822913,7.365984870240,19
46.278201405889,7.378958498840,19
46.278207502007,7.391932130783,19
46.278212111267,7.404905765341,19
46.278215233668,7.417879401789,19
46.280836946331,6.237175905617,19
46.280973908824,6.250148606383,19
46.281109384211,6.263121373711,19
46.281243372491,6.276094206876,19
46.281375873666,6.289067105150,19
46.281506887734,6.302040067806,19
46.287189418455,7.365972860156,19
46.287197002697,7.378948633414,19
46.287203099833,7.391924410014,19
46.287207709863,7.404900189231,19
46.287210832786,7.417875970337,19
46.287212468603,7.430851752605,19
46.287212617313,7.443827535310,19
46.287211278918,7.456803317724,19
46.289553051448,6.211027753406,19
46.289693011523,6.224002464250,19
46.289831484242,6.236977243110,19
46.289968469607,6.249952089259,19
46.290103967617,6.262927001971,19
46.290237978272,6.275901980519,19
46.290370501573,6.288877024177,19
46.296192602680,7.378938764650,19
46.296198700835,7.391916686634,19
46.296203311634,7.404894611234,19
46.296206435079,7.417872537723,19
46.296208071169,7.430850465375,19
46.296208219904,7.443828393463,19
46.296206881285,7.456806321261,19
46.296204055311,7.469784248041,19
46.296199741983,7.482762173077,19
46.296193941300,7.495740095642,19
46.298406074769,6.197847943284,19
46.298547545814,6.210824731494,19
46.298687529256,6.223801588447,19
46.298826025096,6.236778513416,19
46.298963033332,6.249755505675,19
46.299098553965,6.262732564496,19
46.299232586996,6.275709689153,19
46.305198916348,7.404889031350,19
46.305202040314,7.417869103949,19
46.305203676677,7.430849177710,19
46.305203825438,7.443829251907,19
46.305202486595,7.456809325813,19
46.305199660149,7.469789398702,19
46.305195346101,7.482769469847,19
46.305189544449,7.495749538522,19
46.305182255194,7.508729603999,19
46.307257565714,6.184663840325,19
46.307400548227,6.197642705900,19
46.307542042889,6.210621640945,19
46.307682049699,6.223600644733,19
46.307820568658,6.236579716537,19
46.307957599766,6.249558855629,19
46.314194523770,7.404883449581,19
46.314197648258,7.417865669013,19
46.314199284895,7.430847889609,19
46.314199433680,7.443830110641,19
46.314198094614,7.456812331382,19
46.314195267696,7.469794551105,19
46.314190952927,7.482776769085,19
46.314185150307,7.495758984594,19
46.314177859835,7.508741196905,19
46.314169081513,7.521723405293,19
46.316107523305,6.171475443078,19
46.316252017783,6.184456386018,19
46.316395024161,6.197437399154,19
46.316536542439,6.210418481759,19
46.316676572618,6.223399633107,19
46.316815114697,6.236380852470,19
46.323195044397,7.443830969665,19
46.323193705108,7.456815337966,19
46.323190877718,7.469799705249,19
46.323186562229,7.482784070789,19
46.323180758641,7.495768433858,19
46.323173466952,7.508752793730,19
46.323164687164,7.521737149678,19
46.323154419277,7.534721500975,19
46.324955946564,6.158282750095,19
46.325101953503,6.171265770397,19
46.325246472094,6.184248861623,19
46.325389502337,6.197232023044,19
46.325531044231,6.210215253935,19
46.325671097778,6.223198553568,19
46.332182173774,7.482791374960,19
46.332176369217,7.495777886315,19
46.332169076311,7.508764394473,19
46.332160295058,7.521750898706,19
46.332150025457,7.534737398289,19
46.333802834513,6.145085759923,19
46.333950354409,6.158070857588,19
46.334096385710,6.171056026902,19
46.334240928414,6.184041267139,19
46.334383982521,6.197026577571,19
46.334525548033,6.210011957473,19
46.341171981801,7.495787341965,19
46.341164687679,7.508775999133,19
46.341155904961,7.521764652378,19
46.341145633646,7.534753300972,19
46.341133873735,7.547741944188,19
46.341120625228,7.560730581301,19
46.342648186173,6.131884471115,19
46.342797219524,6.144871646140,19
46.342944764030,6.157858893542,19
46.343090819692,6.170846212592,19
46.343235386509,6.183833602566,19
46.343378464482,6.196821062735,19
46.350167596162,7.495796800806,19
46.350160300823,7.508787607712,19
46.350151516639,7.521778410693,19
46.350141243611,7.534769209024,19
46.350129481738,7.547760001977,19
46.350116231021,7.560750788827,19
46.350101491459,7.573741568845,19
46.351492000566,6.118678882219,19
46.351642547868,6.131668134604,19
46.351791606077,6.144657460092,19
46.351939175193,6.157646857956,19
46.352085255217,6.170636327469,19
46.352229846147,6.183625867904,19
46.359147129860,7.521792173652,19
46.359136855118,7.534785122445,19
46.359125091284,7.547778065861,19
46.359111838356,7.560771003173,19
46.359097096335,7.573763933654,19
46.360486338463,6.118460321530,19
46.360636910872,6.131451725103,19
46.360785993939,6.144443201778,19
46.360933587665,6.157434750830,19
46.361079692050,6.170426371531,19
46.368132467934,7.534801041235,19
46.368120702138,7.547796135839,19
46.368107447000,7.560791224339,19
46.368092702521,7.573786306008,19
46.369328590331,6.105248205467,19
46.369480677436,6.118241687124,19
46.369631274951,6.131235242610,19
46.369780382877,6.144228871199,19
46.369928001213,6.157222572164,19
46.377116314067,7.547814211912,19
46.377103056719,7.560811452325,19
46.377088309782,7.573808685907,19
46.377072073254,7.586805911932,19
46.378322904791,6.105027344705,19
46.378475017251,6.118022979001,19
46.378625639873,6.131018687127,19
46.378774772657,6.144014468355,19
46.386111926839,7.547832294080,19
46.386098667281,7.560831687132,19
46.386083917885,7.573831073353,19
46.386067678651,7.586830452017,19
46.386049949578,7.599829822397,19
46.386030730668,7.612829183766,19
46.387317219861,6.104806409502,19
46.387469357675,6.117804197163,19
46.387620005404,6.130802058652,19
46.387769163046,6.143799993245,19
46.395107540220,7.547850382342,19
46.395094278452,7.560851928758,19
46.395079526597,7.573853468344,19
46.395063284656,7.586855000373,19
46.395045552629,7.599856524118,19
46.395026330515,7.612858038852,19
46.395005618315,7.625859543848,19
46.394983416028,7.638861038381,19
46.394959723656,7.651862521723,19
46.396311535306,6.104585399857,19
46.396463698475,6.117585341607,19
46.396614371310,6.130585357187,19
46.404075135685,7.573875870882,19
46.404058891037,7.586879557000,19
46.404041156054,7.599883234835,19
46.404021930737,7.612886903659,19
46.404001215085,7.625890562746,19
46.403979009099,7.638894211368,19
46.403955312777,7.651897848800,19
46.405305850893,6.104364315769,19
46.405458039417,6.117366412336,19
46.413054497560,7.586904121899,19
46.413036759622,7.599909954549,19
46.413017531101,7.612915778189,19
46.412996811998,7.625921592091,19
46.412974602311,7.638927395530,19
46.414300166389,6.104143157240,19
46.414452380268,6.117147409347,19
46.414603103316,6.130151735284,19
46.421992408819,7.625952631885,19
46.421970195432,7.638960590865,19
46.421946491214,7.651968538653,19
46.421921296165,7.664976474525,19
46.423140751247,6.090915590450,19
46.423294481560,6.103921924268,19
46.423446720794,6.116928332643,19
46.423597468948,6.129934814846,19
46.430942080063,7.652003901429,19
46.430916880816,7.665013993567,19
46.431823054440,6.064675370997,19
46.431979793012,6.077683710516,19
46.432135040257,6.090692126044,19
46.432288796174,6.103700616855,19
46.432441060763,6.116709182222,19
46.432591834024,6.129717821418,19
46.439961380468,7.639027015055,19
46.439937668353,7.652039276103,19
46.439912464910,7.665051525234,19
46.439885770139,7.678063761720,19
46.439857584040,7.691075984836,19
46.439827906612,7.704088193855,19
46.440817290708,6.064447515988,19
46.440974055380,6.077458013225,19
46.441129328477,6.090468586471,19
46.441283109997,6.103479235000,19
46.448933255853,7.652074662676,19
46.448908048213,7.665089069525,19
46.448881348996,7.678103463729,19
46.448853158203,7.691117844563,19
46.448823475834,7.704132211300,19
46.448792301889,7.717146563213,19
46.449653243354,6.051207005417,19
46.449811525951,6.064219584361,19
46.449968316724,6.077232240041,19
46.450123615672,6.090244971730,19
46.450277422795,6.103257778702,19
46.457928842328,7.652110061149,19
46.457903630491,7.665126626441,19
46.457876926829,7.678143179089,19
46.457848731343,7.691159718366,19
46.457819044032,7.704176243546,19
46.457787864897,7.717192753902,19
46.458647450992,6.050976838001,19
46.458805759937,6.063991576114,19
46.458962576810,6.077006390963,19
46.459117901609,6.090021281822,19
46.466844303225,7.691201606245,19
46.466814610972,7.704220290594,19
46.466783426646,7.717238960119,19
46.467481829524,6.037729772697,19
46.467641657139,6.050746593242,19
46.467799992432,6.063763491249,19
46.467956835404,6.076780465993,19
46.468112186055,6.089797516746,19
46.475839873615,7.691243508199,19
46.475810176421,7.704264352443,19
46.475778986905,7.717285181862,19
46.476476007349,6.037497289973,19
46.476635861561,6.050516271138,19
46.476794223202,6.063535329765,19
46.476951092274,6.076554465129,19
46.477106468777,6.089573676502,19
46.484805740145,7.704308429093,19
46.484774545439,7.717331419133,19
46.484741858163,7.730354393622,19
46.484707678318,7.743377351834,19
46.484672005903,7.756400293041,19
46.485470183217,6.037264729179,19
46.485630064025,6.050285871690,19
46.485788452015,6.063307091663,19
46.485945347187,6.076328388372,19
46.493737409301,7.730402807765,19
46.493703223769,7.743427927322,19
46.493667545419,7.756453029876,19
46.494140062887,6.010985716446,19
46.494302956424,6.024008863923,19
46.494464356894,6.037032090315,19
46.494624264298,6.050055394897,19
46.494782678636,6.063078776942,19
46.494939599908,6.076102235723,19
46.502732958248,7.730451238160,19
46.502698767029,7.743478519789,19
46.502663082744,7.756505784413,19
46.503134180201,6.010748673919,19
46.503297100831,6.023773984193,19
46.503458528147,6.036799373382,19
46.503618462147,6.049824840761,19
46.503776902833,6.062850385602,19
46.511728504771,7.730499684808,19
46.511694307865,7.743529129233,19
46.511658617644,7.756558556655,19
46.511621434109,7.769587966345,19
46.511963853571,5.997484157719,19
46.512128294858,6.010511551872,19
46.512291242581,6.023539025667,19
46.512452696741,6.036566578379,19
46.512612657338,6.049594209280,19
46.520689846042,7.743579755656,19
46.520654149887,7.756611346600,19
46.520616960168,7.769642919813,19
46.520578276886,7.782674474568,19
46.520538100042,7.795706010140,19
46.520957937995,5.997244791902,19
46.521122406623,6.010274350303,19
46.521285381439,6.023303988347,19
46.521446862445,6.036333705306,19
46.529685381329,7.743630399057,19
46.529649679238,7.756664154248,19
46.529612483336,7.769697891709,19
46.529573793622,7.782731610713,19
46.529533610098,7.795765310532,19
46.529491932761,7.808798990441,19
46.529786029266,5.983973702834,19
46.529952019295,5.997005345839,19
46.530116515264,6.010037069214,19
46.530279517174,6.023068872231,19
46.530441025024,6.036100754164,19
46.538608003380,7.769752882035,19
46.538569307234,7.782788766012,19
46.538529117029,7.795824630805,19
46.538487432764,7.808860475687,19
46.538780079618,5.983732010826,19
46.538946097236,5.996765819530,19
46.539110620547,6.009799708603,19
46.539273649550,6.022833677319,19
46.547603520065,7.769807890789,19
46.547564817488,7.782845940465,19
46.547524620603,7.795883970957,19
46.547606586614,5.970454343813,19
46.547774126378,5.983490237845,19
46.547940171587,5.996526212974,19
46.548104722239,6.009562268472,19
46.556560324151,7.782903134073,19
46.556520120586,7.795943330990,19
46.556478422464,7.808983507996,19
46.556600601712,5.970210322710,19
46.556768169315,5.983248383893,19
46.556934242113,5.996286526172,19
46.557098820107,6.009324748820,19
46.565555826989,7.782960346836,19
46.565515616744,7.796002710903,19
46.565473911693,7.809045055059,19
46.565430711839,7.822087378578,19
46.565425522258,5.956926072674,19
46.565594612752,5.969966219910,19
46.565762208193,5.983006448969,19
46.565928308582,5.996046759123,19
46.566092913917,6.009087149647,19
46.574511108844,7.796062110696,19
46.574469396865,7.809106622728,19
46.574426189834,7.822151114122,19
46.574419500921,5.956679719576,19
46.574588619501,5.969722035413,19
46.574756242781,5.982764433072,19
46.574922370759,5.995806911828,19
46.583506596653,7.796121530370,19
46.583464877746,7.809168211003,19
46.583421663538,7.822214870998,19
46.583413475059,5.956433284054,19
46.583582621726,5.969477769217,19
46.583750272844,5.982522336204,19
46.583916428412,5.995566984286,19
46.592502079938,7.796180969924,19
46.592460354103,7.809229819883,19
46.592417132717,7.822278649206,19
46.592236773888,5.943140193442,19
46.592407444440,5.956186766109,19
46.592576619193,5.969233421325,19
46.592744298149,5.982280158363,19
46.592910481307,5.995326976498,19
46.601455825701,7.809291449370,19
46.601412597139,7.822342448744,19
46.601367872779,7.835393426755,19
46.601321652621,7.848444382675,19
46.601058515009,5.929842762127,19
46.601230709942,5.942891422296,19
46.601401408829,5.955940165740,19
46.601570611669,5.968988991734,19
46.601738318463,5.982037899551,19
46.610408056570,7.822406269614,19
46.610363324784,7.835459418403,19
46.610317096952,7.848512545101,19
46.610269373074,7.861565648981,19
46.610052417256,5.929591736329,19
46.610224640773,5.942642568001,19
46.610395367994,5.955693482949,19
46.610564598921,5.968744480446,19
46.619358771565,7.835525432108,19
46.619312536060,7.848580730309,19
46.619264804260,7.861636005693,19
46.619046314046,5.929340626657,19
46.619218566145,5.942393630558,19
46.619389321701,5.955446717735,19
46.619558580715,5.968499887461,19
46.628398959524,7.822533975348,19
46.628354212888,7.835591467869,19
46.628307969710,7.848648938299,19
46.628260229988,7.861706385913,19
46.628210993723,7.874763809982,19
46.628040205144,5.929089433110,19
46.628212485826,5.942144609966,19
46.628383269717,5.955199870097,19
46.628552556817,5.968255212778,19
46.637303397668,7.848717169073,19
46.637255650025,7.861776789640,19
46.637206405590,7.874836386664,19
46.637155664364,7.887895959417,19
46.637103426346,7.900955507172,19
46.637034090317,5.928838155689,19
46.637206399583,5.941895506225,19
46.637377211809,5.954952940037,19
46.637546526995,5.968010456398,19
46.646251064137,7.861847216876,19
46.646201811532,7.874908987579,19
46.646151061887,7.887970734012,19
46.646098815203,7.901032455448,19
46.645854134197,5.915527353455,19
46.646027969333,5.928586794394,19
46.646200307182,5.941646319335,19
46.646371147743,5.954705927553,19
46.646540491016,5.967765618320,19
46.655197211317,7.874981612729,19
46.655146453253,7.888045533567,19
46.655094197902,7.901109429409,19
46.654847977990,5.915273733155,19
46.655021841958,5.928335349225,19
46.655194208390,5.941397049297,19
46.655365077286,5.954458832646,19
46.664192604710,7.875054262112,19
46.664141838228,7.888120358081,19
46.664089574210,7.901186429054,19
46.664035812656,7.914252474303,19
46.663841815159,5.915020028255,19
46.664015707959,5.928083820181,19
46.664188102974,5.941147696111,19
46.664359000204,5.954211655316,19
46.673187991479,7.875126935728,19
46.673137216579,7.888195207555,19
46.673084943894,7.901263454384,19
46.673031173424,7.914331675489,19
46.672975905170,7.927399870144,19
46.672835645470,5.914766238755,19
46.673009567101,5.927832207264,19
46.673181990699,5.940898259775,19
46.673352916265,5.953964395563,19
46.682132588071,7.888270081987,19
46.682080306719,7.901340505399,19
46.682026527335,7.914410903086,19
46.681829468690,5.914512364655,19
46.682003419153,5.927580510472,19
46.682175871334,5.940648740291,19
46.682346825234,5.953717053387,19
46.691178744210,7.875272355661,19
46.691127952473,7.888344981378,19
46.691075662454,7.901417582098,19
46.691021874154,7.914490157093,19
46.690647806761,5.901188166834,19
46.690823284585,5.914258405955,19
46.690997263880,5.927328729805,19
46.691169744644,5.940399137658,19
46.691340726879,5.953469628788,19
46.700223411331,7.862270273957,19
46.700174109705,7.875345101978,19
46.700123309550,7.888419905729,19
46.700071010864,7.901494684482,19
46.700017213649,7.914569437511,19
46.699641586019,5.900931944776,19
46.699817092923,5.914004362656,19
46.699991101049,5.927076865265,19
46.700163610397,5.940149451877,19
46.700334620966,5.953222121765,19
46.709169467643,7.875417872529,19
46.709118659069,7.888494855038,19
46.709066351717,7.901571812550,19
46.709012545586,7.914648744338,19
46.708458322476,5.887601125483,19
46.708635357486,5.900675637392,19
46.708810893470,5.913750234756,19
46.708984930427,5.926824916850,19
46.709157468358,5.939899682947,19
46.718164817790,7.875490667313,19
46.718114000797,7.888569829307,19
46.718061684778,7.901648966304,19
46.718007869733,7.914728077576,19
46.717452056590,5.887342552564,19
46.717629120928,5.900419244683,19
46.717804685992,5.913496022258,19
46.717978751781,5.926572884562,19
46.727160159912,7.875563486331,19
46.727109334501,7.888644828535,19
46.727057009815,7.901726145742,19
46.727003185854,7.914807437224,19
46.726622876113,5.900162766648,19
46.726798470256,5.913241725159,19
46.726972564877,5.926320768398,19
46.727145159974,5.939399895641,19
46.736104659947,7.888719852722,19
46.736052326594,7.901803350864,19
46.735998493718,7.914886823283,19
46.735616622806,5.899906203289,19
46.735792246030,5.912987343460,19
46.735966369481,5.926068568361,19
46.736138993162,5.939149877265,19
46.745099976901,7.888794901868,19
46.745047634882,7.901880581671,19
46.744993793091,7.914966235751,19
46.744938451529,7.928051863380,19
46.744433208453,5.886566317501,19
46.744610360775,5.899649554604,19
46.744786013078,5.912732877162,19
46.744960165362,5.925816284450,19
46.754095285132,7.888869975973,19
46.754042934445,7.901957838163,19
46.753989083739,7.915045674630,19
46.753933733014,7.928133484645,19
46.753426908136,5.886307400378,19
46.753604089787,5.899392820593,19
46.753779771170,5.912478326264,19
46.753953952284,5.925563916664,19
46.763090584404,7.888945075037,19
46.763038225051,7.902035120340,19
46.762984365430,7.915125139919,19
46.762929005541,7.928215133047,19
46.762872145384,7.941305098997,19
46.762420598628,5.886048397205,19
46.762597809607,5.899136001257,19
46.762773520070,5.912223690766,19
46.762947730016,5.925311465004,19
46.772033506466,7.902112428201,19
46.771979637929,7.915204631618,19
46.771924268877,7.928296808584,19
46.771235538624,5.872699605547,19
46.771414279695,5.885789307980,19
46.771591520003,5.898879096596,19
46.771767259545,5.911968970668,19
46.771941498323,5.925058929470,19
46.781081155143,7.889095348043,19
46.781028778456,7.902189761747,19
46.780974901004,7.915284149727,19
46.780919522788,7.928378511257,19
46.780229180457,5.872438244983,19
46.780407951105,5.885530132705,19
46.780585220740,5.898622106610,19
46.780760989363,5.911714165971,19
46.790076426142,7.889170521985,19
46.790024040788,7.902267120978,19
46.789970154422,7.915363694247,19
46.789914767042,7.928460241065,19
46.789222812399,5.872176797642,19
46.789401612624,5.885270871379,19
46.789578911587,5.898365031298,19
46.789754709289,5.911459276674,19
46.798965397948,7.915443265177,19
46.798910001405,7.928541998010,19
46.798853103600,7.941640703665,19
46.798794704534,7.954739381417,19
46.798216434217,5.871915263524,19
46.798395264018,5.885011524001,19
46.798572592310,5.898107870661,19
46.798748419092,5.911204302777,19
46.807960631349,7.915522862517,19
46.807905225643,7.928623782090,19
46.807848318426,7.941724674485,19
46.807789909700,7.954825538977,19
46.807210045677,5.871653642631,19
46.807388905054,5.884752090573,19
46.807566262674,5.897850624699,19
46.807742118536,5.910949244280,19
46.816900439523,7.928705593306,19
46.816843522895,7.941808673167,19
46.816382535500,5.884492571094,19
46.816559922448,5.897593293411,19
46.816735807389,5.910694101184,19
46.816910190325,5.923794993686,19
46.825895642813,7.928787431657,19
46.825838716772,7.941892699710,19
46.825376155121,5.884232965565,19
46.825553571397,5.897335876798,19
46.825729485418,5.910438873487,19
46.825903897185,5.923541954906,19
46.834946268475,7.915761812998,19
46.834890835277,7.928869297145,19
46.834833899825,7.941976754114,19
46.834775462119,7.955084183180,19
46.834369763684,5.883973273984,19
46.834547209288,5.897078374860,19
46.834723152389,5.910183561191,19
46.834897592988,5.923288832252,19
46.843886016684,7.928951189768,19
46.843829071821,7.942060836380,19
46.843770624454,7.955170455088,19
46.843363360956,5.883713496352,19
46.843540835888,5.896820787596,19
46.843716808069,5.909928164295,19
46.843891277499,5.923035625724,19
46.852881186800,7.929033109527,19
46.852824232525,7.942144946507,19
46.852765775498,7.955256755582,19
46.852356946703,5.883453632670,19
46.852534450964,5.896563115007,19
46.852710452225,5.909672682800,19
46.852884950486,5.922782335322,19
46.861876345392,7.929115056422,19
46.861819381705,7.942229084495,19
46.861760915018,7.955343084664,19
46.861350520693,5.883193682936,19
46.861528054282,5.896305357092,19
46.861704084622,5.909417116704,19
46.861878611715,5.922528961046,19
46.870871492226,7.929197030453,19
46.870814519126,7.942313250345,19
46.870756042779,7.955429442333,19
46.870696063184,7.968545605690,19
46.870344082691,5.882933647152,19
46.870521645608,5.896047513853,19
46.870697705029,5.909161466009,19
46.870872260953,5.922275502895,19
46.879866627068,7.929279031619,19
46.879809644557,7.942397444056,19
46.879751158550,7.955515828588,19
46.879337632466,5.882673525317,19
46.879515224711,5.895789585288,19
46.879691313211,5.908905730714,19
46.879865897967,5.922021960870,19
46.888861749686,7.929361059921,19
46.888804757764,7.942481665628,19
46.888746262096,7.955602243431,19
46.888331169782,5.882413317431,19
46.888508791355,5.895531571397,19
46.888684908936,5.908649910820,19
46.888859522523,5.921768334971,19
46.897856859847,7.929443115359,19
46.897799858512,7.942565915061,19
46.897741353185,7.955688686860,19
46.897324694407,5.882153023494,19
46.897502345309,5.895273472181,19
46.897678491969,5.908394006325,19
46.897853134388,5.921514625198,19
46.906851957316,7.929525197933,19
46.906794946570,7.942650192356,19
46.906736431582,7.955775158876,19
46.906676412353,7.968900096765,19
46.906318206108,5.881892643506,19
46.906495886338,5.895015287640,19
46.906672062078,5.908138017231,19
46.906846733328,5.921260831550,19
46.915847041861,7.929607307642,19
46.915790021703,7.942734497513,19
46.915731497055,7.955861659479,19
46.915671467917,7.968988792815,19
46.915311704651,5.881632177467,19
46.915489414209,5.894757017774,19
46.915665619029,5.907881943537,19
46.915840319111,5.921006954029,19
46.924842113248,7.929689444488,19
46.924785083678,7.942818830530,19
46.924726549370,7.955948188669,19
46.924666510324,7.969077518177,19
46.924305189803,5.881371625378,19
46.924482928689,5.894498662582,19
46.924659162589,5.907625785243,19
46.924833891502,5.920752992633,19
46.933892705240,7.916639998351,19
46.933837171244,7.929771608469,19
46.933780132262,7.942903191409,19
46.933721588294,7.956034746446,19
46.933298661331,5.881110987237,19
46.933476429545,5.894240222065,19
46.933652692524,5.907369542349,19
46.933827450269,5.920498947363,19
46.934000702779,5.933628436379,19
46.942832215616,7.929853799585,19
46.942775167222,7.942987580149,19
46.942716613593,7.956121332810,19
46.942656554730,7.969255056839,19
46.942469916543,5.893981696223,19
46.942646208602,5.907113214856,19
46.942820995178,5.920244818218,19
46.942994276272,5.933376505583,19
46.951882798452,7.916800011748,19
46.951827246129,7.929936017838,19
46.951770188324,7.943071996751,19
46.951711625035,7.956207947760,19
46.951463389450,5.893723085055,19
46.951639710589,5.906856802763,19
46.951814525997,5.919990605200,19
46.951987835673,5.933124491639,19
46.960877824038,7.916880058061,19
46.960822262552,7.930018263226,19
46.960765195334,7.943156441214,19
46.960706622386,7.956294591298,19
46.960646543705,7.969432712751,19
46.960456848032,5.893464388562,19
46.960633198251,5.906600306070,19
46.960808042490,5.919736308307,19
46.960981380750,5.932872394546,19
46.969872835300,7.916960130786,19
46.969817264650,7.930100535751,19
46.969760188021,7.943240913538,19
46.969701605412,7.956381263422,19
46.969450292057,5.893205606744,19
46.969626671355,5.906343724777,19
46.969801544426,5.919481927540,19
46.969974911269,5.932620214305,19
46.978867832004,7.917040229920,19
46.978812252191,7.930182835410,19
46.978755166149,7.943325413724,19
46.978696573880,7.956467964133,19
46.978443721290,5.892946739600,19
46.978620129669,5.906087058884,19
46.978795031571,5.919227462898,19
46.978968426997,5.932367950915,19
46.987916896417,7.903975522272,19
46.987862813917,7.917120355464,19
46.987807224940,7.930265162206,19
46.987750129487,7.943409941771,19
46.987691527557,7.956554693431,19
46.987437135499,5.892687787131,19
46.987613572958,5.905830308392,19
46.987788503691,5.918972914383,19
46.987961927700,5.932115604376,19
46.996911872220,7.904053472250,19
46.996857780805,7.917200507419,19
46.996802182665,7.930347516138,19
46.996745077800,7.943494497679,19
46.996430534450,5.892428749336,19
46.996607000989,5.905573473300,19
46.996781960554,5.918718281993,19
46.996955413146,5.931863174689,19
46.997127358766,5.945008150661,19
47.005959426124,7.890982184316,19
47.005906832766,7.904131447912,19
47.005852732436,7.917280685784,19
47.005797125132,7.930429897205,19
47.005740010855,7.943579081449,19
47.005423917910,5.892169626217,19
47.005600413529,5.905316553608,19
47.005775401925,5.918463565729,19
47.005948883101,5.931610661853,19
47.006120857055,5.944757841252,19
47.014954379845,7.891057982236,19
47.014901777821,7.904209449259,19
47.014847668575,7.917360890559,19
47.014792052108,7.930512305408,19
47.014734928419,7.943663693080,19
47.014593810344,5.905059549317,19
47.014768827572,5.918208765591,19
47.014942337331,5.931358065868,19
47.015114339620,5.944507449421,19
47.023896707151,7.904287476291,19
47.023842588990,7.917441121744,19
47.023786963359,7.930594740747,19
47.023587191202,5.904802460425,19
47.023762237262,5.917953881579,19
47.023935775603,5.931105386735,19
47.024107806227,5.944256975167,19
47.032944239882,7.891209652952,19
47.032891620523,7.904365529008,19
47.032837493447,7.917521379340,19
47.032781858653,7.930677203221,19
47.032580555869,5.904545286934,19
47.032755630760,5.917698913692,19
47.032929197685,5.930852624453,19
47.033101256643,5.944006418489,19
47.041939145730,7.891285525749,19
47.041886517705,7.904443607409,19
47.041832381713,7.917601663346,19
47.041776737756,7.930759692832,19
47.041749007833,5.917443861931,19
47.041922603342,5.930599779022,19
47.042094690635,5.943755779389,19
47.042265269714,5.956911862305,19
47.050934035153,7.891361423504,19
47.050881398462,7.904521711495,19
47.050827253555,7.917681973762,19
47.050771600434,7.930842209578,19
47.050742368249,5.917188726296,19
47.050915992341,5.930346850442,19
47.051088107969,5.943505057865,19
47.051258715134,5.956663347837,19
47.059928907919,7.891437346219,19
47.059876262561,7.904599841266,19
47.059822108739,7.917762310588,19
47.059766446454,7.930924753460,19
47.059735711774,5.916933506787,19
47.059909364449,5.930093838714,19
47.060081508412,5.943254253918,19
47.060252143664,5.956414751671,19
47.060421270204,5.969575331247,19
47.068923763794,7.891513293893,19
47.068871109769,7.904677996721,19
47.068816947032,7.917842673825,19
47.068761275584,7.931007324478,19
47.068902719432,5.929840743838,19
47.069074891730,5.943003367548,19
47.069245555068,5.956166073808,19
47.069414709447,5.969328861890,19
47.077918602545,7.891589266527,19
47.077865939852,7.904756177861,19
47.077811768200,7.917923063471,19
47.077756087588,7.931089922631,19
47.077896057058,5.929587565812,19
47.078068257691,5.942752398755,19
47.078238949116,5.955917314247,19
47.078408131332,5.969082311562,19
47.078575804341,5.982247389972,19
47.086964586088,7.878496118555,19
47.086913423937,7.891665264119,19
47.086860752578,7.904834384686,19
47.086806572011,7.918003479528,19
47.086750882236,7.931172547920,19
47.086889377093,5.929334304638,19
47.087061606060,5.942501347539,19
47.087232325572,5.955668472989,19
47.087401535626,5.968835680261,19
47.087569236225,5.982002968630,19
47.095959398308,7.878569931148,19
47.095908227739,7.891741286670,19
47.095855547713,7.904912617195,19
47.095801358230,7.918083921995,19
47.096054936605,5.942250213900,19
47.096225684203,5.955419550033,19
47.096394922096,5.968588967989,19
47.096562650285,5.981758467041,19
47.104954192704,7.878643767975,19
47.104903013716,7.891817334181,19
47.104850325023,7.904990875389,19
47.104796126625,7.918164390873,19
47.105048249092,5.941998997837,19
47.105219024777,5.955170545379,19
47.105388290508,5.968342174745,19
47.105556046286,5.981513885206,19
47.105722292112,5.994685676036,19
47.113998646495,7.865541827151,19
47.113948969042,7.878717629036,19
47.113897781635,7.891893406650,19
47.113845084275,7.905069159267,19
47.113790876962,7.918244886160,19
47.114041543289,5.941747699352,19
47.114212347059,5.954921459029,19
47.114381640629,5.968095300528,19
47.114549423997,5.981269223124,19
47.114715697164,5.994443226089,19
47.122993412712,7.865613500311,19
47.122943727088,7.878791514330,19
47.122892531263,7.891969504079,19
47.122839825236,7.905147468831,19
47.122785609009,7.918325407858,19
47.123205650818,5.954672290980,19
47.123374972225,5.967848345340,19
47.123542783183,5.981024480795,19
47.123709083691,5.994200696620,19
47.131988160404,7.865685196978,19
47.131938466610,7.878865423858,19
47.131887262367,7.892045626467,19
47.131834547673,7.905225804079,19
47.132198935818,5.954423041234,19
47.132368285064,5.967601309179,19
47.132536123612,5.980779658221,19
47.132702451461,5.993958087631,19
47.132867268613,6.007136596685,19
47.141031080605,7.852574453144,19
47.140982889339,7.865756917154,19
47.140933187375,7.878939357619,19
47.140881974713,7.892121773814,19
47.140829251352,7.905304165011,19
47.141361578911,5.967354192047,19
47.141529445049,5.980534755400,19
47.141695800240,5.993715399121,19
47.141860644485,6.006896122486,19
47.150025798471,7.852643982517,19
47.149977599282,7.865828660837,19
47.149927889148,7.879013315614,19
47.149876668067,7.892197946120,19
47.150354853534,5.967106993943,19
47.150522747262,5.980289772332,19
47.150689129795,5.993472631091,19
47.150854001133,6.006655569492,19
47.151017361276,6.019838586809,19
47.159067193027,7.839526618497,19
47.159020497111,7.852713534672,19
47.158972290001,7.865900428029,19
47.158922571697,7.879087297842,19
47.158871342198,7.892274143385,19
47.159516030017,5.980044709018,19
47.159682439891,5.993229783539,19
47.159847338322,6.006414937703,19
47.160010725311,6.019600170782,19
47.160172600856,6.032785482051,19
47.168061879883,7.839593977672,19
47.168015176294,7.852783109609,19
47.167966961263,7.865972218729,19
47.167917234788,7.879161304304,19
47.167865996870,7.892350365609,19
47.168509293081,5.979799565457,19
47.168675730297,5.992986856466,19
47.168840655821,6.006174227118,19
47.169004069654,6.019361676685,19
47.169165971796,6.032549204442,19
47.177056547049,7.839661358904,19
47.177009835786,7.852852707329,19
47.176961612833,7.866044032936,19
47.176911878188,7.879235335000,19
47.177669000778,5.992743849873,19
47.177833953395,6.005933437738,19
47.177997394073,6.019123104519,19
47.178159322812,6.032312849489,19
47.178319739610,6.045502671922,19
47.186096401286,7.826535174463,19
47.186051194290,7.839728762192,19
47.186004475354,7.852922327831,19
47.185956244479,7.866115870652,19
47.185906501664,7.879309389929,19
47.186827230812,6.005692569562,19
47.186990698334,6.018884454282,19
47.187152653669,6.032076417192,19
47.187313096816,6.045268457564,19
47.187472027775,6.058460574672,19
47.195134738027,7.813404554838,19
47.195091035794,7.826600381870,19
47.195045821373,7.839796187538,19
47.194999094764,7.852991971115,19
47.194950855966,7.866187731875,19
47.195820487837,6.005451622592,19
47.195983982205,6.018645725976,19
47.196145964136,6.031839907550,19
47.196306433631,6.045034166587,19
47.196465390689,6.058228502359,19
47.204129359321,7.813467564911,19
47.204085649911,7.826665610608,19
47.204040428065,7.839863634940,19
47.203993693782,7.853061637182,19
47.204977245450,6.018406919600,19
47.205139253978,6.031603320564,19
47.205299749821,6.044799798991,19
47.205458732980,6.057996354154,19
47.205616203454,6.071192985326,19
47.213166163893,7.800330309866,19
47.213123959991,7.813530595590,19
47.213080243404,7.826730860677,19
47.213035014133,7.839931104400,19
47.212988272176,7.853131326032,19
47.214132522963,6.031366656234,19
47.214293045154,6.044565354777,19
47.214452054412,6.057764130055,19
47.214609550737,6.070962981343,19
47.214765534130,6.084161907913,19
47.222160750634,7.800391141036,19
47.222118539803,7.813593646875,19
47.222074816039,7.826796132078,19
47.222029579343,7.839998595916,19
47.223125770856,6.031129914560,19
47.223286319395,6.044330833944,19
47.223445354753,6.057531830063,19
47.223602876930,6.070732902192,19
47.223758885926,6.083934049604,19
47.231196020861,7.787247245493,19
47.231155316283,7.800451992085,19
47.231113098524,7.813656718766,19
47.231069367583,7.826861424810,19
47.231024123461,7.840066109489,19
47.232279572312,6.044096236492,19
47.232438633770,6.057299454178,19
47.232596181799,6.070502747874,19
47.232752216397,6.083706116852,19
47.232906737566,6.096909560387,19
47.240190571866,7.787305894856,19
47.240149860608,7.800512863015,19
47.240107635920,7.813719811262,19
47.240063897803,7.826926738873,19
47.241431891229,6.057067002400,19
47.241589465109,6.070272518388,19
47.241745525311,6.083478109659,19
47.241900071835,6.096683775486,19
47.242053104681,6.109889515142,19
47.249224305573,7.774155353739,19
47.249185101313,7.787364563374,19
47.249144383375,7.800573753825,19
47.249102151759,7.813782924365,19
47.249058406465,7.826992074267,19
47.250425126897,6.056834474729,19
47.250582726629,6.070042213735,19
47.250738812434,6.083250028024,19
47.250893384312,6.096457916868,19
47.251046442265,6.109665879542,19
47.258218819661,7.774211818394,19
47.258179608969,7.787423251046,19
47.258138884351,7.800634664515,19
47.258096645806,7.813846058073,19
47.259575966124,6.069811833914,19
47.259732077532,6.083021871946,19
47.259886674765,6.096231984534,19
47.260039757824,6.109442170952,19
47.260191326708,6.122652430472,19
47.267251014674,7.761054626624,19
47.267213311725,7.774268301477,19
47.267174094601,7.787481957873,19
47.267133363302,7.800695595085,19
47.267091117829,7.813909212387,19
47.268725320372,6.082793641427,19
47.268879942960,6.096005978484,19
47.269033051126,6.109218389370,19
47.269184644868,6.122430873359,19
47.269334724187,6.135643429724,19
47.276281685373,7.747892986614,19
47.276245490663,7.761108903667,19
47.276207781531,7.774324802990,19
47.276168557975,7.787540683855,19
47.276127819996,7.800756545536,19
47.277718540721,6.082565336465,19
47.277873188665,6.095779898717,19
47.278026321936,6.108994534798,19
47.278177940537,6.122209243981,19
47.278328044466,6.135424025541,19
47.278476633724,6.148638878750,19
47.285310830780,7.734726896915,19
47.285276144806,7.747945056167,19
47.285239944161,7.761163198415,19
47.285202228845,7.774381322931,19
47.285162998858,7.787599428991,19
47.286866411644,6.095553745234,19
47.287019570023,6.108770607235,19
47.287171213481,6.121987542338,19
47.287321342020,6.135204549818,19
47.287469955639,6.148421628947,19
47.294305273175,7.734776757526,19
47.294270581515,7.747997142698,19
47.294234374935,7.761217510865,19
47.294196653435,7.774437861302,19
47.296012795151,6.108546606681,19
47.296164463468,6.121765768430,19
47.296314616617,6.134985002555,19
47.296463254597,6.148204308330,19
47.296610377410,6.161423685027,19
47.303423330322,7.681936031613,19
47.303394693647,7.695158704179,19
47.303364541804,7.708381362649,19
47.303332874793,7.721604006294,19
47.303299692613,7.734826634389,19
47.303264995266,7.748049246206,19
47.303228782751,7.761271841020,19
47.303191055068,7.774494418102,19
47.305157690263,6.121543922256,19
47.305307868022,6.134765383753,19
47.305456530364,6.147986916899,19
47.305603677290,6.161208520967,19
47.305749308800,6.174430195232,19
47.312444872785,7.668752101934,19
47.312417746833,7.681977015243,19
47.312389105464,7.695201915181,19
47.312358948679,7.708426801022,19
47.312327276478,7.721651672038,19
47.312294088860,7.734876527504,19
47.312259385826,7.748101366693,19
47.312223167376,7.761326188877,19
47.314150893634,6.121322003817,19
47.314301096003,6.134545693411,19
47.314449782707,6.147769454653,19
47.314596953746,6.160993286819,19
47.314742609120,6.174217189180,19
47.314886748830,6.187441161011,19
47.321488984118,7.642336550802,19
47.321464885050,7.655563716769,19
47.321439270317,7.668790870818,19
47.321412139919,7.682018012224,19
47.321383493857,7.695245140258,19
47.321353332130,7.708472254196,19
47.321321654739,7.721699353309,19
47.323294300326,6.134325931529,19
47.323443011391,6.147551921594,19
47.323590206543,6.160777982581,19
47.323735885783,6.174004113765,19
47.323880049109,6.187230314418,19
47.324022696522,6.200456583814,19
47.330505953241,7.629141468687,19
47.330483366137,7.642370874666,19
47.330459263120,7.655600269455,19
47.330433644191,7.668829652327,19
47.330406509348,7.682059022555,19
47.330377858592,7.695288379412,19
47.330347691924,7.708517722171,19
47.332436216185,6.147334317720,19
47.332583435450,6.160562608255,19
47.332729138554,6.173790968987,19
47.332873325497,6.187019399188,19
47.333015996278,6.200247898131,19
47.333157150899,6.213476465091,19
47.339521389711,7.615941928185,19
47.339500315069,7.629173574176,19
47.339477724265,7.642405209704,19
47.339453617300,7.655636834041,19
47.339427994173,7.668868446460,19
47.339400854885,7.682100046236,19
47.339372199436,7.695331632641,19
47.341576640232,6.160347163840,19
47.341722367201,6.173577754846,19
47.341866577761,6.186808415320,19
47.342009271910,6.200039144537,19
47.342150449650,6.213269941770,19
47.342290110980,6.226500806292,19
47.348535292552,7.602737927846,19
47.348515730867,7.615971813849,19
47.348494652773,7.629205690114,19
47.348472058269,7.642439555915,19
47.348447947355,7.655673410525,19
47.348422320031,7.668907253218,19
47.350715571490,6.173364471341,19
47.350859805666,6.186597362814,19
47.351002523184,6.199830323031,19
47.351143724044,6.213063351263,19
47.351283408246,6.226296446784,19
47.351421575789,6.239529608868,19
47.357547660783,7.589529466222,19
47.357529612553,7.602765592234,19
47.357510047665,7.616001709235,19
47.357488966118,7.629237816499,19
47.357466367914,7.642473913299,19
47.357442253052,7.655709998909,19
47.359853008981,6.186386241672,19
47.359995749867,6.199621433612,19
47.360136973847,6.212856693569,19
47.360276680920,6.226092020815,19
47.360414871087,6.239327414623,19
47.360551544347,6.252562874268,19
47.366573510800,7.563078168283,19
47.366558493427,7.576316541861,19
47.366541959148,7.589554907882,19
47.366523907963,7.602793265618,19
47.366504339871,7.616031614344,19
47.366483254873,7.629269953333,19
47.366460652969,7.642508281858,19
47.368988951725,6.199412476282,19
47.369130198825,6.212649968688,19
47.369269928769,6.225887528384,19
47.369408141560,6.239125154643,19
47.369544837195,6.252362846738,19
47.369680015676,6.265600603942,19
47.375567789506,7.563099153314,19
47.375552769675,7.576339759342,19
47.375536232689,7.589580357813,19
47.375518178549,7.602820948000,19
47.375498607253,7.616061529176,19
47.378123398745,6.212443176622,19
47.378263151561,6.225682969493,19
47.378401386975,6.238922828928,19
47.378538104985,6.252162754198,19
47.378673305592,6.265402744578,19
47.378806988797,6.278642799340,19
47.384575548041,7.549877299131,19
47.384562043155,7.563120145166,19
47.384547020865,7.576362984369,19
47.384530481172,7.589605816016,19
47.384512424077,7.602848639378,19
47.384492849578,7.616091453730,19
47.387256349062,6.225478344141,19
47.387394607099,6.238720437477,19
47.387531347484,6.251962596649,19
47.387666570218,6.265204820930,19
47.387800275300,6.278447109593,19
47.387932462731,6.291689461913,19
47.393592239849,7.523405886445,19
47.393581768054,7.536650977862,19
47.393569778609,7.549896063901,19
47.393556271512,7.563141143837,19
47.393541246764,7.576386216942,19
47.393524704364,7.589631282490,19
47.396387801698,6.238517980291,19
47.396524564458,6.251762374089,19
47.396659809318,6.265006832997,19
47.396793536279,6.278251356287,19
47.396925745340,6.291495943234,19
47.397056436501,6.304740593110,19
47.397185609763,6.317985305188,19
47.402595404175,7.510172857362,19
47.402586448567,7.523420188056,19
47.402575975059,7.536667514100,19
47.402563983652,7.549914834766,19
47.402550474345,7.563162149329,19
47.402535447138,7.576409457060,19
47.402518902032,7.589656757235,19
47.405517755675,6.251562086520,19
47.405653022662,6.264808780780,19
47.405786771500,6.278055539423,19
47.405919002191,6.291302361722,19
47.406049714734,6.304549246950,19
47.406178909129,6.317796194381,19
47.406306585376,6.331043203287,19
47.411597027526,7.496935358294,19
47.411589588601,7.510184928265,19
47.411580631528,7.523434494311,19
47.411570156306,7.536684055707,19
47.411558162937,7.549933611726,19
47.411544651420,7.563183161641,19
47.411529621755,7.576432704725,19
47.414646210013,6.264610664279,19
47.414779980730,6.277859659000,19
47.414912233051,6.291108717377,19
47.415042966975,6.304357838683,19
47.415172182503,6.317607022191,19
47.415299879635,6.330856267176,19
47.415426058370,6.344105572910,19
47.415550718709,6.357354938666,19
47.420601512272,7.470441576074,19
47.420597108923,7.483693387791,19
47.420591187177,7.496945197037,19
47.420583747035,7.510197003085,19
47.420574788497,7.523448805210,19
47.420564311562,7.536700602684,19
47.420552316231,7.549952394780,19
47.423905437687,6.290915010198,19
47.424036192992,6.304166368308,19
47.424165429654,6.317417788620,19
47.424293147670,6.330669270408,19
47.424419347042,6.343920812945,19
47.424544027769,6.357172415505,19
47.424667189851,6.370424077361,19
47.424788833289,6.383675797787,19
47.429599899593,7.443938842857,19
47.429598532813,7.457192894138,19
47.429595647388,7.470446944402,19
47.429591243319,7.483700992922,19
47.429585320604,7.496955038972,19
47.429577879246,7.510209081824,19
47.429568919242,7.523463120752,19
47.429558440594,7.536717155029,19
47.433029392552,6.303974835825,19
47.433158650346,6.317228493666,19
47.433286389247,6.330482212983,19
47.433412609256,6.343735993050,19
47.433537310371,6.356989833139,19
47.433660492593,6.370243732524,19
47.433782155922,6.383497690478,19
47.433902300359,6.396751706275,19
47.438592186275,7.417427160102,19
47.438593857057,7.430683448767,19
47.438594008946,7.443939737868,19
47.438592641943,7.457196026679,19
47.438589756046,7.470452314472,19
47.438585351256,7.483708600521,19
47.438579427574,7.496964884099,19
47.438571984998,7.510221164480,19
47.442279604133,6.330295094903,19
47.442405844778,6.343551113223,19
47.442530566282,6.356807191567,19
47.442653768644,6.370063329207,19
47.442775451865,6.383319525416,19
47.442895615944,6.396575779467,19
47.443014260882,6.409832090635,19
47.443131386679,6.423088458192,19
47.447578369104,7.390906529271,19
47.447583078442,7.404165053138,19
47.447586268639,7.417423578895,19
47.447587939694,7.430682105815,19
47.447588091609,7.443940633170,19
47.447586724381,7.457199160235,19
47.447583838013,7.470457686283,19
47.447579432503,7.483716210586,19
47.447573507852,7.496974732419,19
47.451523795268,6.356624490790,19
47.451647017770,6.369882867410,19
47.451768720882,6.383141302599,19
47.451888904605,6.396399795630,19
47.452007568938,6.409658345778,19
47.452124713881,6.422916952315,19
47.452240339435,6.436175614515,19
47.452354445599,6.449434331651,19
47.456566193755,7.377637708710,19
47.456572423252,7.390898468942,19
47.456577133360,7.404159231790,19
47.456580324079,7.417419996527,19
47.456581995407,7.430680762427,19
47.456582147346,7.443941528762,19
47.456580779896,7.457202294807,19
47.456577893055,7.470463059835,19
47.460640239738,6.369702347133,19
47.460761962742,6.382963022028,19
47.460882166108,6.396223754765,19
47.461000849836,6.409484544618,19
47.461118013926,6.422745390861,19
47.461233658377,6.436006292767,19
47.461347783191,6.449267249608,19
47.461460388367,6.462528260659,19
47.461571473905,6.475789325192,19
47.465543199782,7.351101416944,19
47.465552469573,7.364364409470,19
47.465560219727,7.377627406064,19
47.465566450243,7.390890406002,19
47.465571161121,7.404153408555,19
47.465574352361,7.417416412998,19
47.465576023962,7.430679418603,19
47.465576175926,7.443942424645,19
47.465574808252,7.457205430395,19
47.469875400220,6.396047656871,19
47.469994103343,6.409310687156,19
47.470111286579,6.422573773830,19
47.470226949929,6.435836916166,19
47.470341093392,6.449100113439,19
47.470453716970,6.462363364921,19
47.470564820661,6.475626669885,19
47.470674404465,6.488890027606,19
47.470782468384,6.502153437356,19
47.470889012416,6.515416898408,19
47.474500262344,7.311290962911,19
47.474514093309,7.324556179300,19
47.474526404389,7.337821401938,19
47.474537195582,7.351086630098,19
47.474546466888,7.364351863055,19
47.474554218308,7.377617100081,19
47.474560449842,7.390882340449,19
47.474565161490,7.404147583434,19
47.474568353251,7.417412828308,19
47.474570025126,7.430678074344,19
47.479104531608,6.422402101220,19
47.479220213856,6.435667484714,19
47.479334375969,6.448932923143,19
47.479447017948,6.462198415782,19
47.479558139792,6.475463961903,19
47.479667741502,6.488729560781,19
47.479775823077,6.501995211687,19
47.479882384517,6.515260913897,19
47.479987425822,6.528526666682,19
47.480090946993,6.541792469317,19
47.480192948029,6.555058321074,19
47.483402256337,7.244932279252,19
47.483423690236,7.258199694651,19
47.483443604000,7.271467119933,19
47.483461997630,7.284734554370,19
47.483478871125,7.298001997237,19
47.483494224485,7.311269447806,19
47.483508057710,7.324536905351,19
47.483520370801,7.337804369146,19
47.483531163757,7.351071838463,19
47.483540436579,7.364339312577,19
47.483548189265,7.377606790760,19
47.483554421817,7.390874272285,19
47.483559134235,7.404141756426,19
47.488327630688,6.448765678721,19
47.488440291069,6.462033413242,19
47.488551431066,6.475301201246,19
47.488661050680,6.488569042006,19
47.488769149912,6.501836934795,19
47.488875728760,6.515104878886,19
47.488980787225,6.528372873554,19
47.489084325308,6.541640918071,19
47.489186343007,6.554909011711,19
47.489286840323,6.568177153746,19
47.489385817256,6.581445343451,19
47.492348739647,7.218360265763,19
47.492373217813,7.231629901099,19
47.492396175596,7.244899547770,19
47.492417612997,7.258169205051,19
47.492437530014,7.271438872215,19
47.492455926648,7.284708548535,19
47.492472802900,7.297978233284,19
47.492488158768,7.311247925736,19
47.492501994253,7.324517625163,19
47.492514309356,7.337787330840,19
47.492525104075,7.351057042040,19
47.492534378411,7.364326758036,19
47.492542132364,7.377596478101,19
47.497544694249,6.475138387913,19
47.497654331768,6.488408471281,19
47.497762448656,6.501678606678,19
47.497869044912,6.514948793377,19
47.497974120537,6.528219030653,19
47.498077675531,6.541489317778,19
47.498179709893,6.554759654025,19
47.498280223625,6.568030038669,19
47.498379216724,6.581300470982,19
47.498476689193,6.594570950237,19
47.498572641030,6.607841475709,19
47.498667072236,6.621112046670,19
47.498759982810,6.634382662394,19
47.501260052785,7.178507479924,19
47.501289096844,7.191779319499,19
47.501316620271,7.205051172591,19
47.501342623067,7.218323038472,19
47.501367105231,7.231594916416,19
47.501390066764,7.244866805695,19
47.501411507666,7.258138705584,19
47.501431427937,7.271410615356,19
47.501449827576,7.284682534283,19
47.501466706584,7.297954461640,19
47.501482064960,7.311226396700,19
47.501495902705,7.324498338735,19
47.501508219819,7.337770287020,19
47.501519016301,7.351042240828,19
47.506862332740,6.514792657369,19
47.506967425525,6.528065137979,19
47.507070997430,6.541337668437,19
47.507173048456,6.554610248018,19
47.507273578602,6.567882875995,19
47.507372587868,6.581155551641,19
47.507470076255,6.594428274230,19
47.507566043762,6.607701043035,19
47.507660490389,6.620973857330,19
47.507753416136,6.634246716387,19
47.507844821004,6.647519619480,19
47.507934704993,6.660792565882,19
47.508023068101,6.674065554867,19
47.508109910330,6.687338585708,19
47.510223324715,7.165189441922,19
47.510253894396,7.178463510588,19
47.510282943198,7.191737593497,19
47.510310471120,7.205011689922,19
47.510336478162,7.218285799137,19
47.510360964325,7.231559920414,19
47.510383929608,7.244834053027,19
47.510405374011,7.258108196249,19
47.510425297535,7.271382349354,19
47.510443700179,7.284656511615,19
47.510460581943,7.297930682306,19
47.510475942828,7.311204860699,19
47.516166358460,6.554460793689,19
47.516266905021,6.567735665725,19
47.516365930454,6.581010585430,19
47.516463434758,6.594285552078,19
47.516559417935,6.607560564942,19
47.516653879984,6.620835623295,19
47.516746820905,6.634110726411,19
47.516838240698,6.647385873564,19
47.516928139362,6.660661064025,19
47.517016516899,6.673936297069,19
47.517103373308,6.687211571969,19
47.517188708589,6.700486887998,19
47.517272522742,6.713762244430,19
47.517354815766,6.727037640538,19
47.517435587663,6.740313075596,19
47.517514838432,6.753588548876,19
47.519079622806,7.112038120365,19
47.519116281990,7.125314368853,19
47.519151420047,7.138590634490,19
47.519185036976,7.151866916551,19
47.519217132777,7.165143214307,19
47.519247707450,7.178419527032,19
47.519276760994,7.191695854000,19
47.519304293411,7.204972194484,19
47.519330304700,7.218248547757,19
47.519354794861,7.231524913093,19
47.519377763894,7.244801289766,19
47.525359244248,6.580865572348,19
47.525456764471,6.594142783780,19
47.525552763318,6.607420041429,19
47.525647240788,6.620697344567,19
47.525740196882,6.633974692467,19
47.525831631600,6.647252084404,19
47.525921544941,6.660529519650,19
47.526009936906,6.673806997479,19
47.526096807495,6.687084517163,19
47.526182156707,6.700362077977,19
47.526265984543,6.713639679194,19
47.526348291003,6.726917320086,19
47.526429076086,6.740194999928,19
47.526508339793,6.753472717993,19
47.526586082124,6.766750473553,19
47.526662303078,6.780028265883,19
47.526737002656,6.793306094256,19
47.526810180857,6.806583957945,19
47.526881837683,6.819861856222,19
47.526951973132,6.833139788363,19
47.527020587204,6.846417753640,19
47.527087679901,6.859695751326,19
47.527153251221,6.872973780694,19
47.527217301164,6.886251841019,19
47.527279829732,6.899529931573,19
47.527340836922,6.912808051629,19
47.527821439706,7.032312339859,19
47.527867233134,7.045590714975,19
47.527911505185,7.058869111601,19
47.527954255860,7.072147529010,19
47.527995485159,7.085425966474,19
47.528035193081,7.098704423268,19
47.528073379627,7.111982898665,19
47.528110044797,7.125261391938,19
47.528145188590,7.138539902360,19
47.528178811007,7.151818429204,19
47.528210912048,7.165096971745,19
47.528241491712,7.178375529255,19
47.528270550000,7.191654101007,19
47.528298086911,7.204932686276,19
47.528324102447,7.218211284334,19
47.534733543835,6.633838614555,19
47.534824993478,6.647118252001,19
47.534914921495,6.660397932757,19
47.535003327888,6.673677656096,19
47.535090212657,6.686957421291,19
47.535175575801,6.700237227615,19
47.535259417320,6.713517074342,19
47.535341737214,6.726796960744,19
47.535422535484,6.740076886096,19
47.535501812129,6.753356849671,19
47.535579567150,6.766636850742,19
47.535655800546,6.779916888582,19
47.535730512317,6.793196962465,19
47.535803702463,6.806477071663,19
47.535875370985,6.819757215451,19
47.535945517882,6.833037393102,19
47.536014143154,6.846317603889,19
47.536081246802,6.859597847085,19
47.536146828825,6.872878121963,19
47.536210889224,6.886158427798,19
47.536273427998,6.899438763862,19
47.536334445147,6.912719129429,19
47.536393940671,6.925999523772,19
47.536451914571,6.939279946164,19
47.536508366846,6.952560395878,19
47.536563297497,6.965840872189,19
47.536616706523,6.979121374369,19
47.536668593924,6.992401901692,19
47.536718959700,7.005682453431,19
47.536767803852,7.018963028859,19
47.536815126379,7.032243627249,19
47.536860927281,7.045524247876,19
47.536905206559,7.058804890012,19
47.536947964212,7.072085552931,19
47.536989200241,7.085366235906,19
47.537028914645,7.098646938210,19
47.537067107424,7.111927659116,19
47.537103778578,7.125208397899,19
47.537138928108,7.138489153831,19
47.537172556013,7.151769926186,19
47.537204662294,7.165050714236,19
47.537235246950,7.178331517256,19
47.537264309981,7.191612334519,19
47.543996689613,6.673548272922,19
47.544083588561,6.686830284352,19
47.544168965637,6.700112336912,19
47.544252820839,6.713394429874,19
47.544335154168,6.726676562513,19
47.544415965624,6.739958734100,19
47.544495255208,6.753240943911,19
47.544573022918,6.766523191217,19
47.544649268755,6.779805475293,19
47.544723992720,6.793087795411,19
47.544797194811,6.806370150846,19
47.544868875029,6.819652540869,19
47.544939033375,6.832934964756,19
47.545007669847,6.846217421778,19
47.545074784446,6.859499911210,19
47.545140377172,6.872782432324,19
47.545204448026,6.886064984394,19
47.545266997006,6.899347566694,19
47.545328024113,6.912630178497,19
47.545387529348,6.925912819075,19
47.545445512709,6.939195487703,19
47.545501974197,6.952478183653,19
47.545556913813,6.965760906199,19
47.545610331555,6.979043654615,19
47.545662227424,6.992326428173,19
47.545712601420,7.005609226148,19
47.545761453544,7.018892047812,19
47.545808783794,7.032174892438,19
47.545854592171,7.045457759300,19
47.545898878676,7.058740647672,19
47.545941643307,7.072023556826,19
47.545982886065,7.085306486037,19
47.546022606951,7.098589434576,19
47.546060805963,7.111872401719,19
47.546097483102,7.125155386737,19
47.546132638368,7.138438388905,19
47.546166271762,7.151721407495,19
47.546198383282,7.165004441782,19
47.553328541631,6.726556125391,19
47.553409366274,6.739840543940,19
47.553488668795,6.753125000712,19
47.553566449195,6.766409494979,19
47.553642707474,6.779694026016,19
47.553717443632,6.792978593096,19
47.553790657668,6.806263195491,19
47.553862349583,6.819547832476,19
47.553932519376,6.832832503324,19
47.554001167048,6.846117207307,19
47.554068292599,6.859401943700,19
47.554133896028,6.872686711776,19
47.554197977337,6.885971510808,19
47.554260536523,6.899256340069,19
47.554321573589,6.912541198832,19
47.554381088533,6.925826086372,19
47.554439081356,6.939111001961,19
47.554495552057,6.952395944872,19
47.554550500637,6.965680914380,19
47.554603927096,6.978965909757,19
47.554655831434,6.992250930276,19
47.554706213650,7.005535975212,19
47.554755073745,7.018821043837,19
47.554802411718,7.032106135425,19
47.554848227570,7.045391249248,19
47.554892521301,7.058676384581,19
47.554935292910,7.071961540697,19
47.554976542399,7.085246716868,19
47.555016269765,7.098531912369,19
47.555054475011,7.111817126473,19
47.563061771027,6.859303944557,19
47.563127385160,6.872590960319,19
47.563254046316,6.899165083985,19
47.563315093340,6.912452190436,19
47.563374617994,6.925739325662,19
47.563432620278,6.939026488938,19
47.563489100193,6.952313679536,19
47.563544057738,6.965600896731,19
47.563597492913,6.978888139794,19
47.563649405719,6.992175408001,19
47.563699796155,7.005462700623,19
47.563748664221,7.018750016935,19
47.563796009918,7.032037356209,19
47.563841833245,7.045324717720,19
