46.495855843667,7.326615913932,19
46.495867935896,7.339641632543,19
46.495878535256,7.352667356677,19
46.495887641749,7.365693085606,19
46.495895255374,7.378718818605,19
46.495901376131,7.391744554947,19
46.495906004021,7.404770293904,19
46.495909139043,7.417796034751,19
46.495910781198,7.430821776761,19
46.495910930484,7.443847519206,19
46.504619862975,7.183291202095,19
46.504724978341,7.235402368756,19
46.504747524393,7.248430190577,19
46.504768577329,7.261458023009,19
46.504788137148,7.274485865323,19
46.504806203852,7.287513716793,19
46.504822777439,7.300541576692,19
46.504837857911,7.313569444294,19
46.504851445266,7.326597318872,19
46.504863539506,7.339625199699,19
46.504874140630,7.352653086049,19
46.504883248637,7.365680977195,19
46.504890863529,7.378708872410,19
46.504896985304,7.391736770968,19
46.504901613964,7.404764672142,19
46.504904749508,7.417792575205,19
46.504906391935,7.430820479431,19
46.504906541247,7.443848384093,19
46.504905197443,7.456876288464,19
46.504902360522,7.469904191818,19
46.504898030486,7.482932093428,19
46.504892207333,7.495959992567,19
46.504884891065,7.508987888509,19
46.513248055960,7.052950361082,19
46.513291512862,7.065980121015,19
46.513333476400,7.079009901731,19
46.513585406963,7.170218887616,19
46.513615423586,7.183248808434,19
46.513643946845,7.196278743493,19
46.513670976740,7.209308692069,19
46.513696513270,7.222338653434,19
46.513720556435,7.235368626862,19
46.513743106237,7.248398611626,19
46.513764162674,7.261428606999,19
46.513783725747,7.274458612255,19
46.513801795455,7.287488626667,19
46.513818371799,7.300518649508,19
46.513833454779,7.313548680052,19
46.513847044394,7.326578717571,19
46.513859140646,7.339608761340,19
46.513869743532,7.352638810632,19
46.513878853055,7.365668864720,19
46.513886469213,7.378698922877,19
46.513892592007,7.391728984377,19
46.513897221436,7.404759048493,19
46.513900357501,7.417789114498,19
46.513902000202,7.430819181666,19
46.513902149538,7.443849249270,19
46.513900805510,7.456879316583,19
46.513897968118,7.469909382878,19
46.513893637362,7.482939447430,19
46.513887813241,7.495969509511,19
46.513880495756,7.508999568395,19
46.513871684906,7.522029623355,19
46.513861380692,7.535059673664,19
46.513849583114,7.548089718596,19
46.513836292171,7.561119757424,19
46.513821507864,7.574149789421,19
46.513805230193,7.587179813861,19
46.513787459158,7.600209830016,19
46.513768194758,7.613239837162,19
46.513747436993,7.626269834569,19
46.513621247707,7.691419650115,19
46.522198595036,7.039854414435,19
46.522243552777,7.052886316526,19
46.522287016906,7.065918240126,19
46.522328987422,7.078950184510,19
46.522369464325,7.091982148949,19
46.522408447616,7.105014132718,19
46.522445937294,7.118046135089,19
46.522481933359,7.131078155336,19
46.522549444652,7.157142246552,19
46.522580959879,7.170174316067,19
46.522610981493,7.183206400552,19
46.522639509495,7.196238499279,19
46.522666543885,7.209270611522,19
46.522692084661,7.222302736555,19
46.522716131825,7.235334873650,19
46.522738685376,7.248367022081,19
46.522759745315,7.261399181122,19
46.522779311641,7.274431350045,19
46.522797384354,7.287463528124,19
46.522813963455,7.300495714633,19
46.522829048943,7.313527908844,19
46.522842640818,7.326560110031,19
46.522854739081,7.339592317468,19
46.522865343731,7.352624530427,19
46.522874454768,7.365656748182,19
46.522882072192,7.378688970007,19
46.522888196004,7.391721195174,19
46.522892826204,7.404753422957,19
46.522895962790,7.417785652630,19
46.522897605764,7.430817883465,19
46.522897755125,7.443850114737,19
46.522896410874,7.456882345717,19
46.522893573010,7.469914575680,19
46.522889241533,7.482946803900,19
46.522883416444,7.495979029648,19
46.522876097742,7.509011252199,19
46.522867285427,7.522043470827,19
46.522856979500,7.535075684803,19
46.522845179960,7.548107893402,19
46.522831886807,7.561140095898,19
46.522817100041,7.574172291562,19
46.522800819663,7.587204479670,19
46.522783045673,7.600236659493,19
46.522763778069,7.613268830305,19
46.522743016853,7.626300991381,19
46.522720762024,7.639333141992,19
46.522697013583,7.652365281412,19
46.522671771529,7.665397408916,19
46.522645035862,7.678429523775,19
46.522616806583,7.691461625264,19
46.531147622363,7.026754139761,19
46.531194081441,7.039788184009,19
46.531239046657,7.052822250493,19
46.531282518012,7.065856338487,19
46.531324495506,7.078890447263,19
46.531364979139,7.091924576095,19
46.531403968911,7.104958724257,19
46.531441464822,7.117992891021,19
46.531477466872,7.131027075661,19
46.531511975061,7.144061277451,19
46.531544989389,7.157095495663,19
46.531576509857,7.170129729571,19
46.531606536463,7.183163978449,19
46.531635069208,7.196198241569,19
46.531662108092,7.209232518205,19
46.531687653115,7.222266807631,19
46.531711704277,7.235301109119,19
46.531734261578,7.248335421943,19
46.531755325018,7.261369745377,19
46.531792970315,7.287438421165,19
46.531809552173,7.300472772067,19
46.531824640169,7.313507130671,19
46.531850334578,7.339575868081,19
46.531893357775,7.443850980494,19
46.531892013300,7.456885375867,19
46.531884842767,7.482954162836,19
46.531871696790,7.509022939922,19
46.531852575369,7.535091701311,19
46.531840773867,7.548126074304,19
46.531827478505,7.561160441192,19
46.531812689281,7.574194801250,19
46.531796406196,7.587229153750,19
46.531778629250,7.600263497966,19
46.531759358443,7.613297833172,19
46.531738593775,7.626332158640,19
46.531716335246,7.639366473644,19
46.531692582856,7.652400777458,19
46.531667336605,7.665435069354,19
46.531640596493,7.678469348606,19
46.531612362521,7.691503614488,19
46.531582634687,7.704537866272,19
46.531518697436,7.730606324642,19
46.531448784741,7.756674717902,19
46.531411587602,7.769708888300,19
46.539942289579,6.974541121440,19
46.539994732817,6.987577234596,19
46.540045681945,7.000613372895,19
46.540143097874,7.026685722014,19
46.540189564674,7.039721931381,19
46.540234537365,7.052758162984,19
46.540320000419,7.078830689991,19
46.540360490782,7.091866983942,19
46.540399487035,7.104903297222,19
46.540436989179,7.117939629104,19
46.540472997214,7.130975978863,19
46.540507511140,7.144012345771,19
46.540540530956,7.157048729102,19
46.540572056663,7.170085128129,19
46.540602088261,7.183121542125,19
46.540657669128,7.209194412119,19
46.540683218398,7.222230866663,19
46.540707273558,7.235267333270,19
46.540848168068,7.535107723189,19
46.540836364604,7.548144261300,19
46.540823067031,7.561180793306,19
46.540808275349,7.574217318482,19
46.540791989557,7.587253836101,19
46.540774209656,7.600290345436,19
46.540754935646,7.613326845760,19
46.540734167526,7.626363336347,19
46.540711905297,7.639399816470,19
46.540688148958,7.652436285402,19
46.540662898511,7.665472742417,19
46.540636153954,7.678509186788,19
46.540607915287,7.691545617788,19
46.540578182511,7.704582034690,19
46.540546955626,7.717618436769,19
46.540514234632,7.730654823297,19
46.540480019528,7.743691193548,19
46.540444310315,7.756727546795,19
46.540407106993,7.769763882311,19
46.548653053173,6.909273024962,19
46.548712976916,6.922311167349,19
46.548771406301,6.935349338512,19
46.548828341328,6.948387537724,19
46.548883781997,6.961425764259,19
46.548937728309,6.974464017390,19
46.548990180263,6.987502296390,19
46.549041137859,7.000540600533,19
46.549090601098,7.013578929092,19
46.549138569979,7.026617281340,19
46.549185044503,7.039655656551,19
46.549230024668,7.052694053998,19
46.549432510132,7.117886349339,19
46.549468524152,7.130924864942,19
46.549831951937,7.548162454390,19
46.549729737872,7.626394524502,19
46.549707471943,7.639433170469,19
46.549683711656,7.652471805245,19
46.549658457011,7.665510428104,19
46.549631708009,7.678549038319,19
46.549603464649,7.691587635163,19
46.549573726932,7.704626217910,19
46.549542494857,7.717664785833,19
46.549509768424,7.730703338206,19
46.549439832485,7.756780393391,19
46.549402622979,7.769818894752,19
46.557459672220,6.870064315287,19
46.557524089739,6.883104533555,19
46.557587012651,6.896144782780,19
46.557648440958,6.909185062234,19
46.557708374658,6.922225371190,19
46.557766813753,6.935265708923,19
46.557823758242,6.948306074705,19
46.557879208124,6.961346467809,19
46.557933163401,6.974386887510,19
46.557985624071,6.987427333080,19
46.558036590136,7.000467803792,19
46.558086061595,7.013508298921,19
46.558134038447,7.026548817739,19
46.558599010374,7.691629666615,19
46.558569267714,7.704670415932,19
46.558538030449,7.717711150424,19
46.558435351017,7.756833257691,19
46.558398135327,7.769873925621,19
46.558359425032,7.782914575094,19
46.558319220131,7.795955205382,19
46.558277520623,7.808995815760,19
46.566389101693,6.856927467334,19
46.566455024769,6.869969821215,19
46.566519452991,6.883012206779,19
46.566582386358,6.896054623298,19
46.566643824871,6.909097070048,19
46.566703768530,6.922139546299,19
46.566762217334,6.935182051327,19
46.566819171284,6.948224584404,19
46.566874630380,6.961267144804,19
46.566928594622,6.974309731800,19
46.567393643805,7.769928974920,19
46.567354927077,7.782971791688,19
46.567314715496,7.796014589271,19
46.567273009060,7.809057366944,19
46.567229807770,7.822100123980,19
46.575248085822,6.830741827758,19
46.575317010055,6.843786284114,19
46.575384439186,6.856830773607,19
46.575450373213,6.869875295509,19
46.575514812138,6.882919849094,19
46.575577755960,6.895964433634,19
46.575639204680,6.909009048404,19
46.575699158297,6.922053692677,19
46.575757616811,6.935098365725,19
46.575814580223,6.948143066823,19
46.575870048532,6.961187795244,19
46.575924021738,6.974232550260,19
46.576389148178,7.769984042648,19
46.576350425018,7.783029027436,19
46.576310206757,7.796073993041,19
46.576268493392,7.809118938735,19
46.576225284925,7.822163863791,19
46.576134382683,7.848253649086,19
46.584101038914,6.804547616288,19
46.584172965297,6.817594172939,19
46.584243396329,6.830640764179,19
46.584312332010,6.843687389282,19
46.584379772341,6.856734047521,19
46.584445717320,6.869780738169,19
46.584510166948,6.882827460500,19
46.584573121225,6.895874213787,19
46.584634580151,6.908920997303,19
46.585345918622,7.783086282339,19
46.585305693680,7.796133416690,19
46.585263973387,7.809180531130,19
46.585220757743,7.822227624933,19
46.585176046748,7.835274697372,19
46.585129840402,7.848321747721,19
46.585082138705,7.861368775251,19
46.585032941657,7.874415779238,19
46.584982249259,7.887462758955,19
46.584930061509,7.900509713673,19
46.584876378408,7.913556642668,19
46.584821199956,7.926603545213,19
46.593022887282,6.791393489147,19
46.593096321209,6.804442179954,19
46.593168259537,6.817490906077,19
46.593238702265,6.830539666789,19
46.593307649395,6.843588461364,19
46.593375100925,6.856637289074,19
46.593441056855,6.869686149194,19
46.593505517186,6.882735040997,19
46.594216225990,7.822291407407,19
46.594171507570,7.835340649318,19
46.594125293550,7.848389869138,19
46.594077583931,7.861439066141,19
46.594028378713,7.874488239599,19
46.593977677896,7.887537388788,19
46.593925481479,7.900586512978,19
46.593871789463,7.913635611445,19
46.593816601848,7.926684683461,19
46.593759918633,7.939733728300,19
46.601866772795,6.765184234200,19
46.601943210610,6.778235022392,19
46.602018152579,6.791285847354,19
46.602091598699,6.804336708358,19
46.602163548972,6.817387604678,19
46.602234003397,6.830438535588,19
46.602302961974,6.843489500360,19
46.602370424704,6.856540498268,19
46.603120741894,7.848458013338,19
46.603073024353,7.861509380538,19
46.603023810965,7.874560724194,19
46.602973101729,7.887612043580,19
46.602920896645,7.900663337968,19
46.602867195714,7.913714606632,19
46.602811998935,7.926765848846,19
46.602755306309,7.939817063882,19
46.610784061321,6.752019292954,19
46.610862007923,6.765072214573,19
46.610938458428,6.778125173688,19
46.611013412838,6.791178169573,19
46.611086871151,6.804231201500,19
46.611158833369,6.817284268743,19
46.611229299491,6.830337370576,19
46.612068459737,7.861579718443,19
46.611968520524,7.887686723331,19
46.611916306774,7.900740188642,19
46.611862596927,7.913793628229,19
46.611807390985,7.926847041366,19
46.611750688947,7.939900427325,19
46.611692490812,7.952953785380,19
46.611632796582,7.966007114805,19
46.611571606255,7.979060414872,19
46.619699822356,6.738850009195,19
46.619779278240,6.751905064240,19
46.619857237779,6.764960157508,19
46.619933700975,6.778015288271,19
46.620008667826,6.791070455805,19
46.620082138333,6.804125659380,19
46.620154112495,6.817180898272,19
46.620802777764,7.926928261022,19
46.620746066313,7.939983818630,19
46.620687858519,7.953039348333,19
46.620628154380,7.966094849407,19
46.620566953897,7.979150321122,19
46.620504257069,7.992205762754,19
46.628614054920,6.725676381472,19
46.628695020583,6.738733569942,19
46.628774489654,6.751790797362,19
46.628852462132,6.764848063004,19
46.628928938017,6.777905366141,19
46.629003917310,6.790962706049,19
46.629741438176,7.940067237796,19
46.629683220721,7.953124939873,19
46.629623506674,7.966182613321,19
46.629562296034,7.979240257411,19
46.629499588801,7.992297871417,19
46.637526758036,6.712498408337,19
46.637609233975,6.725557730231,19
46.637690213073,6.738617091800,19
46.637769695330,6.751676492319,19
46.637847680746,6.764735931061,19
46.638618853230,7.966270406547,19
46.638557632433,7.979330223737,19
46.638494914795,7.992390010842,19
46.646352446924,6.686254674152,19
46.646437930725,6.699316088339,19
46.646521917437,6.712377543655,19
46.646604407059,6.725439039374,19
46.646685399592,6.738500574768,19
46.646764895036,6.751562149112,19
46.647614193814,7.966358229086,19
46.647552962861,7.979420220101,19
46.647490234818,7.992482181032,19
46.647426009685,8.005544111152,19
46.647360287463,8.018606009735,19
46.655260576691,6.673065873145,19
46.655347572009,6.686129420027,19
46.655433069990,6.699193008765,19
46.655517070633,6.712256638632,19
46.655599573939,6.725320308901,19
46.655680579906,6.738384018847,19
46.655760088536,6.751447767742,19
46.656609528195,7.966446080938,19
46.656548287084,7.979510246503,19
46.656485548636,7.992574381985,19
46.656421312850,8.005638486656,19
46.656355579726,8.018702559789,19
46.656288349265,8.031766600659,19
46.664167173577,6.659872722377,19
46.664255680910,6.672938401952,19
46.664342690656,6.686004124110,19
46.664428202817,6.699069888124,19
46.664512217392,6.712135693267,19
46.664594734380,6.725201538813,19
46.665543604870,7.979600302943,19
46.665480856016,7.992666613701,19
46.665416609577,8.005732893649,19
46.665350865552,8.018799142058,19
46.665283623940,8.031865358204,19
46.665214884743,8.044931541360,19
46.673072236605,6.646675220397,19
46.673162256449,6.659743032664,19
46.673250778458,6.672810888242,19
46.673337802633,6.685878786401,19
46.673423328973,6.698946726417,19
46.673507357479,6.712014707562,19
46.674411899633,8.005827332131,19
46.674346144706,8.018895756542,19
46.674278891944,8.031964148690,19
46.674210141348,8.045032507847,19
46.674139892918,8.058100833287,19
46.681975764797,6.633473365754,19
46.682067297648,6.646543310714,19
46.682157332416,6.659613299709,19
46.682245869101,6.672683332013,19
46.682332907704,6.685753406901,19
46.682418448225,6.698823523644,19
46.683274153044,8.032062972116,19
46.683205391049,8.045133508001,19
46.683135130972,8.058204010168,19
46.683063372813,8.071274477891,19
46.690877757173,6.620267157000,19
46.690970803528,6.633339234650,19
46.691062351552,6.646411357062,19
46.691152401245,6.659483523510,19
46.691240952607,6.672555733268,19
46.691328005638,6.685627985608,19
46.692200633613,8.045234541820,19
46.692130361889,8.058307221440,19
46.692058591834,8.071379866616,19
46.699778212755,6.607056592684,19
46.699872773111,6.620130803022,19
46.699965834888,6.633205058850,19
46.700057398085,6.646279359441,19
46.700147462703,6.659353704068,19
46.700236028742,6.672428092004,19
46.701125585434,8.058410467104,19
46.701053803484,8.071485290458,19
46.700980522955,8.084560078643,19
46.700905743846,8.097634830929,19
46.700829466158,8.110709546592,19
46.700751689890,8.123784224904,19
46.708677130566,6.593841671355,19
46.708773205420,6.606918014382,19
46.708867781446,6.619994403625,19
46.708960858644,6.633070838357,19
46.709052437014,6.646147317852,19
46.709142516557,6.659223841383,19
46.709975714857,8.084667716506,19
46.709900923356,8.097744647697,19
46.709824633028,8.110821542264,19
46.709746843872,8.123898399480,19
46.709667555888,8.136975218619,19
46.717574509627,6.580622391565,19
46.717672099475,6.593700867279,19
46.717768190246,6.606779389935,19
46.717862781942,6.619857958808,19
46.717955874562,6.632936573170,19
46.718047468105,6.646015232294,19
46.718896095029,8.097854501032,19
46.718819792060,8.110933575228,19
46.718741990016,8.124012612074,19
46.718662688896,8.137091610843,19
46.718581888699,8.150170570807,19
46.726470348960,6.567398751862,19
46.726569454298,6.580479360262,19
46.726667060312,6.593560016331,19
46.726763167002,6.606640719343,19
46.726857774367,6.619721468571,19
46.726950882408,6.632802263288,19
46.727814943022,8.111045645487,19
46.727737128089,8.124126862688,19
46.727657813832,8.137208041812,19
46.727577000250,8.150289182132,19
46.727494687344,8.163370282921,19
46.735364647585,6.554170750798,19
46.735465268911,6.567253491883,19
46.735564390664,6.580336281363,19
46.735662012845,6.593419118513,19
46.735758135453,6.606502002606,19
46.735852758488,6.619584932914,19
46.736732257857,8.124241151321,19
46.736652930463,8.137324511525,19
46.736572103496,8.150407832926,19
46.736489776957,8.163491114796,19
46.736405950845,8.176574356408,19
46.744257404526,6.540938386922,19
46.744359542336,6.554023260690,19
46.744460180325,6.567108183581,19
46.744559318493,6.580193154868,19
46.744656956840,6.593278173824,19
46.744753095366,6.606363239723,19
46.745727379088,8.124355477973,19
46.745648038557,8.137441019983,19
46.745567198205,8.150526523190,19
46.745484858032,8.163611986867,19
46.745401018038,8.176697410286,19
46.745315678223,8.189782792720,19
46.745228838587,8.202868133445,19
46.753252273594,6.540788665234,19
46.753354428315,6.553875721534,19
46.753455082967,6.566962826957,19
46.753554237550,6.580049980776,19
46.753651892064,6.593137182264,19
46.754643137879,8.137557567186,19
46.754562284142,8.150645252925,19
46.754479930336,8.163732899133,19
46.754396076460,8.176820505084,19
46.754310722515,8.189908070051,19
46.754223868501,8.202995593307,19
46.754135514417,8.216083074126,19
46.762143461706,6.527549704065,19
46.762247133657,6.540638893773,19
46.762349305290,6.553728133331,19
46.762449976606,6.566817422011,19
46.762549147603,6.579906759087,19
46.763474993635,8.163853851596,19
46.763391125878,8.176943640804,19
46.763305757803,8.190033389028,19
46.763218889410,8.203123095542,19
46.763130520699,8.216212759618,19
46.771138295372,6.527397698848,19
46.771241984483,6.540489072540,19
46.771344173027,6.553580496080,19
46.771444861006,6.566671968743,19
46.772386166058,8.177066817445,19
46.772300783852,8.190158749652,19
46.772213901081,8.203250640149,19
46.772125517744,8.216342488208,19
46.772035633840,8.229434293103,19
46.780133119567,6.527245643133,19
46.780236825837,6.540339201533,19
46.780339031294,6.553432809782,19
46.780439735935,6.566526467154,19
46.781208903281,8.203378227129,19
46.781120505317,8.216472259896,19
46.781030606538,8.229566249500,19
46.789231657488,6.540189280753,19
46.789333879855,6.553285074436,19
46.790203895777,8.203505856481,19
46.790115483186,8.216602074683,19
46.790025569532,8.229698249721,19
46.789934154816,8.242794380868,19
46.789841239037,8.255890467398,19
46.798226479200,6.540039310200,19
46.798328718479,6.553137290042,19
46.799198878335,8.203633528205,19
46.799110451117,8.216731932567,19
46.799020522588,8.229830293764,19
46.798929092748,8.242928611071,19
46.798836161597,8.256026883761,19
46.807117532991,6.526789172994,19
46.807221290741,6.539889289873,19
46.807323546932,6.552989456601,19
46.807424301563,6.566089672452,19
46.808015465473,8.229962381632,19
46.807924020509,8.243062885824,19
46.807831073987,8.256163345399,19
46.807736625905,8.269263759630,19
46.816007040251,6.513534661371,19
46.816112316968,6.526636915284,19
46.816216091878,6.539739219774,19
46.816318364980,6.552841574113,19
46.816419136275,6.565943977574,19
46.817010397953,8.230094513323,19
46.816918937866,8.243197205126,19
46.816825975972,8.256299852311,19
46.816731512269,8.269402454153,19
46.825001796182,6.513380164826,19
46.825107090308,6.526484607076,19
46.825210882377,6.539589099901,19
46.825313172391,6.552693642577,19
46.825413960348,6.565798234375,19
46.826005319796,8.230226688837,19
46.825913844585,8.243331568977,19
46.825820867319,8.256436404498,19
46.825726387996,8.269541194676,19
46.825630406618,8.282645938784,19
46.833996541242,6.513225617056,19
46.834101852776,6.526332248368,19
46.834205662005,6.539438930256,19
46.834307968930,6.552545661993,19
46.834908740433,8.243465977377,19
46.834815747795,8.256573001960,19
46.834721252852,8.269679981200,19
46.834625255606,8.282786914369,19
46.834527756054,8.295893800741,19
46.842884443703,6.499962248266,19
46.842991275198,6.513071018063,19
46.843096604140,6.526179839162,19
46.843200430529,6.539288710837,19
46.843302754365,6.552397632362,19
46.843810617167,8.256709644697,19
46.843716106604,8.269818813724,19
46.843620093489,8.282927936681,19
46.843522577821,8.296037012840,19
46.843423559600,8.309146041475,19
46.843323038826,8.322255021860,19
46.851879148664,6.499805407535,19
46.851985997815,6.512916367845,19
46.852091344165,6.526027379457,19
46.852195187715,6.539138441645,19
46.852710949018,8.269957692248,19
46.852614920034,8.283069005718,19
46.852517388249,8.296180272390,19
46.852418353663,8.309291491538,19
46.852317816276,8.322402662436,19
46.860655599291,6.473422368573,19
46.860765472197,6.486535415336,19
46.860873842054,6.499648514855,19
46.860980708862,6.512761666403,19
46.861086072620,6.525874869254,19
46.861189933329,6.538988122680,19
46.861609735008,8.283210121481,19
46.861512187106,8.296323579392,19
46.861413136155,8.309436989778,19
46.861312582155,8.322550351915,19
46.869650244819,6.473261040015,19
46.869760135878,6.486376278741,19
46.869868523640,6.499491570224,19
46.869975408104,6.512606913737,19
46.870080789271,6.525722308552,19
46.870604538178,8.283351283970,19
46.870506974159,8.296466933845,19
46.870407906843,8.309582536195,19
46.870307336229,8.322698090296,19
46.878644878309,6.473099658055,19
46.878754787521,6.486217089472,19
46.878863193188,6.499334573644,19
46.878970095309,6.512452109846,19
46.879501749174,8.296610335749,19
46.879402665493,8.309728130789,19
46.879302078265,8.322845877579,19
46.879199987492,8.335963575392,19
46.887528068367,6.459818651346,19
46.887639499528,6.472938222695,19
46.887749426893,6.486057847527,19
46.887857850465,6.499177525114,19
46.888397411872,8.309873773560,19
46.888296808031,8.322993713765,19
46.888194700395,8.336113604993,19
46.896522658680,6.459654968444,19
46.896634108242,6.472776733934,19
46.896744053761,6.485898552906,19
46.896852495237,6.499020424635,19
46.897392145746,8.310019464508,19
46.897291525292,8.323141598854,19
46.897189400794,8.336263684222,19
46.897085772255,8.349385719887,19
46.905517236255,6.459491231415,19
46.905628704218,6.472615191771,19
46.905738667891,6.485739205610,19
46.905847127272,6.498863272205,19
46.906386866882,8.310165203632,19
46.906286229815,8.323289532845,19
46.906184088456,8.336413813079,19
46.906080442806,8.349538043610,19
46.914398809955,6.446201338521,19
46.914511800859,6.459327440260,19
46.914623287224,6.472453596208,19
46.914733269049,6.485579805639,19
46.914841746335,6.498706067826,19
46.915381575048,8.310310990934,19
46.915280921367,8.323437515738,19
46.915178763146,8.336563991565,19
46.915075100386,8.349690417687,19
46.914969933086,8.362816793380,19
46.923393342705,6.446035296923,19
46.923506352259,6.459163594979,19
46.923617857025,6.472291947244,19
46.923727857003,6.485420352993,19
46.924376270009,8.310456826412,19
46.924275599714,8.323585547534,19
46.924173424632,8.336714219678,19
46.924069744761,8.349842842118,19
46.923964560103,8.362971414128,19
46.932273328777,6.432738760309,19
46.932387862017,6.445869200472,19
46.932500890221,6.458999695571,19
46.932612413388,6.472130244880,19
46.932722431520,6.485260847671,19
46.933270264624,8.323733628232,19
46.933168072679,8.336864497419,19
46.933064375699,8.349995316902,19
46.932959173683,8.363126085955,19
46.941267815520,6.432570411237,19
46.941382367658,6.445703049169,19
46.941495414511,6.458835742037,19
46.941606956080,6.471968489114,19
46.941716992365,6.485101289674,19
46.942264915862,8.323881757832,19
46.942162707056,8.337014824788,19
46.942058992966,8.350147842040,19
46.941953773591,8.363280808861,19
46.950262288358,6.432402006588,19
46.950376859394,6.445536843014,19
46.950489924897,6.458671734376,19
46.950601484868,6.471806679947,19
46.951259553197,8.324029936336,19
46.951157327529,8.337165201785,19
46.951053596328,8.350300417531,19
46.950948359594,8.363435582847,19
46.959140651344,6.419096566379,19
46.959256747059,6.432233546362,19
46.959371336993,6.445370582007,19
46.959484421146,6.458507672589,19
46.959595999518,6.471644817380,19
46.960151933863,8.337315628411,19
46.960048185552,8.350453043376,19
46.959942931460,8.363590407911,19
46.959836171587,8.376727721289,19
46.959727905934,8.389864982782,19
46.959618134499,8.403002191665,19
46.959506857283,8.416139347211,19
46.968135076526,6.418925850630,19
46.968251191388,6.432065030558,19
46.968365800220,6.445204266149,19
46.968478903023,6.458343556675,19
46.968830711475,8.376884797378,19
46.968722427966,8.390024258816,19
46.968612638428,8.403163667644,19
46.968501342860,8.416303023135,19
46.968388541263,8.429442324562,19
46.977129487105,6.418755078577,19
46.977245621113,6.431896459176,19
46.977360248843,6.445037895438,19
46.977473370296,6.458179386635,19
46.977825236759,8.377041925271,19
46.977716935395,8.390183587381,19
46.977607127753,8.403325196880,19
46.977495813833,8.416466753041,19
46.977382993636,8.429608255139,19
46.986006223165,6.405440724616,19
46.986123882845,6.418584250222,19
46.986240036000,6.431727832217,19
46.986354682628,6.444871469875,19
46.986467822731,6.458015162469,19
46.986711427985,8.390342968475,19
46.986601602240,8.403486779370,19
46.986490269968,8.416630536928,19
46.986377431171,8.429774240422,19
46.986263085848,8.442917889126,19
46.995118263515,6.418413365563,19
46.995234435816,6.431559149680,19
46.995349101343,6.444704989460,19
46.995462260095,6.457850884176,19
46.995596061656,8.403648415117,19
46.995484711033,8.416794374797,19
46.995371853635,8.429940280413,19
46.995257489463,8.443086131238,19
46.995141618517,8.456231926546,19
47.004112628880,6.418242424602,19
47.004228820327,6.431390411566,19
47.004343504752,6.444538454193,19
47.004456682155,6.457686551757,19
47.004479136792,8.416958266647,19
47.004366260795,8.430106375110,19
47.004251877774,8.443254428783,19
47.004135987731,8.456402426938,19
47.012989260842,6.404921293189,19
47.013106978707,6.418071427337,19
47.013223189301,6.431221617874,19
47.013337892624,6.444371864075,19
47.013451088676,6.457522165211,19
47.013473547014,8.417122212478,19
47.013360652416,8.430272524514,19
47.013246250547,8.443422781760,19
47.013130341408,8.456572983488,19
47.013012924997,8.469723128972,19
47.021983575503,6.404748035322,19
47.022101312763,6.417900373769,19
47.022217542504,6.431052768605,19
47.022332264725,6.444205219104,19
47.022467941465,8.417286212290,19
47.022355028267,8.430438728625,19
47.022240607550,8.443591190169,19
47.022124679313,8.456743596196,19
47.022007243557,8.469895945979,19
47.030977874160,6.404574720427,19
47.031095630815,6.417729263898,19
47.031211879702,6.430883863758,19
47.031326620821,6.444038519281,19
47.031349388113,8.430604987443,19
47.031234948547,8.443759654012,19
47.031119001214,8.456914265062,19
47.031001546112,8.470068819869,19
47.039972156579,6.404401348503,19
47.040089932629,6.417558097724,19
47.040206200662,6.430714903334,19
47.040320960680,6.443871764606,19
47.040343731722,8.430771300968,19
47.040229273307,8.443928173286,19
47.040113306877,8.457084990087,19
47.048847118818,6.391069020971,19
47.048966422527,6.404227919551,19
47.049084217972,6.417386875246,19
47.049200505152,6.430545887332,19
47.049315284067,6.443704955079,19
47.049338058859,8.430937669200,19
47.049223581596,8.444096747993,19
47.049107596069,8.457255771269,19
47.057841348419,6.390893327789,19
47.057960671771,6.404054433570,19
47.058078486610,6.417215596466,19
47.058194792937,6.430376815752,19
47.058309590750,6.443538090701,19
47.058332369292,8.431104092139,19
47.058217873180,8.444265378132,19
47.058101868556,8.457426608609,19
47.066835561081,6.390717576853,19
47.066954904076,6.403880890560,19
47.067072738310,6.417044261383,19
47.067189063784,6.430207688595,19
47.067212147827,8.444434063704,19
47.067096124106,8.457597502107,19
47.066978591624,8.470760884266,19
47.075829756573,6.390541768162,19
47.075949119211,6.403707290521,19
47.076066972840,6.416872869996,19
47.076183317460,6.430038505860,19
47.076206405302,8.444602804709,19
47.076090362485,8.457768451763,19
47.075972810658,8.470934042574,19
47.084703043121,6.377198227824,19
47.084823934660,6.390365901718,19
47.084943316941,6.403533633454,19
47.085061189965,6.416701422306,19
47.085200645373,8.444771601145,19
47.085084583459,8.457939457578,19
47.084967012287,8.471107257766,19
47.093697183678,6.377020093523,19
47.093818095109,6.390189977519,19
47.093937497034,6.403359919358,19
47.094055389452,6.416529918314,19
47.094194867807,8.444940453015,19
47.094078786795,8.458110519550,19
47.093961196278,8.471280529841,19
47.102691306365,6.376841900741,19
47.102812237687,6.390013995566,19
47.102931659255,6.403186148234,19
47.103049571068,6.416358358018,19
47.103189072369,8.445109360316,19
47.103072972261,8.458281637680,19
47.102955362398,8.471453858800,19
47.111685410947,6.376663649480,19
47.111806362161,6.389837955859,19
47.111925803372,6.403012320081,19
47.112043734580,6.416186741419,19
47.112183258826,8.445278323050,19
47.112067139621,8.458452811968,19
47.111949510414,8.471627244642,19
47.120557015836,6.363308879649,19
47.120679497192,6.376485339738,19
47.120800468297,6.389661858397,19
47.120919929151,6.402838434899,19
47.121037879754,6.416015068517,19
47.121177426946,8.445447341217,19
47.121061288644,8.458624042414,19
47.120943640092,8.471800687368,19
47.129551063369,6.363128298423,19
47.129673564865,6.376306971518,19
47.129794555862,6.389485703182,19
47.129914036359,6.402664492688,19
47.130171576495,8.445616414816,19
47.130055419096,8.458795329019,19
47.129937751198,8.471974186977,19
47.138545092098,6.362947657991,19
47.138667613734,6.376128544817,19
47.138788624622,6.389309490212,19
47.138908124762,6.402490493449,19
47.139165707240,8.445785543847,19
47.139049530744,8.458966671781,19
47.138931843501,8.472147743470,19
47.147539101789,6.362766958354,19
47.147661643565,6.375950059636,19
47.147782674344,6.389133219488,19
47.147902194128,6.402316437182,19
47.148043623354,8.459138070701,19
47.147925916765,8.472321356847,19
47.156533092209,6.362586199512,19
47.156655654125,6.375771515976,19
47.156776704796,6.388956891009,19
47.156896244223,6.402142323885,19
47.157037696692,8.459309525779,19
47.156919970759,8.472495027107,19
47.165527063125,6.362405381465,19
47.165649645180,6.375592913836,19
47.165770715743,6.388780504777,19
47.165890274813,6.401968153560,19
47.166031750527,8.459481037015,19
47.165914005248,8.472668754251,19
47.174521014303,6.362224504212,19
47.174643616498,6.375414253216,19
47.174764706952,6.388604060790,19
47.174884285665,6.401793926206,19
47.175025784623,8.459652604410,19
47.174908019999,8.472842538278,19
47.183514945510,6.362043567754,19
47.183637567845,6.375235534117,19
47.183758678190,6.388427559049,19
47.183878276547,6.401619641824,19
47.184019798748,8.459824227962,19
47.183902014779,8.473016379189,19
47.192508856512,6.361862572090,19
47.192631498987,6.375056756537,19
47.192752629224,6.388250999554,19
47.192872247223,6.401445300413,19
47.193130083746,8.446801482117,19
47.193013792669,8.459995907672,19
47.192895989355,8.473190276983,19
47.201502747077,6.361681517222,19
47.201625409691,6.374877920478,19
47.201746559820,6.388074382304,19
47.201866197463,6.401270901973,19
47.202124076326,8.446970999176,19
47.202007766152,8.460167643540,19
47.201889943493,8.473364231661,19
47.210496616970,6.361500403148,19
47.210619299725,6.374699025939,19
47.210740469745,6.387897707300,19
47.210860127031,6.401096446504,19
47.211118048234,8.447140571667,19
47.211001718964,8.460339435566,19
47.210883876960,8.473538243222,19
47.219490465959,6.361319229868,19
47.219613168854,6.374520072921,19
47.219734358765,6.387720974543,19
47.219854035694,6.400921934007,19
47.220111999239,8.447310199590,19
47.219995650872,8.460511283751,19
47.219877789522,8.473712311667,19
47.228484293810,6.361137997383,19
47.228607016845,6.374341061422,19
47.228728226648,6.387544184030,19
47.228847923220,6.400747364481,19
47.229105929105,8.447479882946,19
47.228989561641,8.460683188093,19
47.228871680946,8.473886436996,19
47.237478100291,6.360956705693,19
47.237600843465,6.374161991444,19
47.237722073159,6.387367335764,19
47.237841789374,6.400572737927,19
47.238099837601,8.447649621734,19
47.237983451040,8.460855148593,19
47.237865551000,8.474060619208,19
47.246471885166,6.360775354798,19
47.246594648480,6.373982862986,19
47.246715898066,6.387190429744,19
47.246835633925,6.400398054344,19
47.247093724492,8.447819415955,19
47.246977318834,8.461027165251,19
47.246859399449,8.474234858303,19
47.255465648204,6.360593944697,19
47.255588431658,6.373803676048,19
47.255709701135,6.387013465969,19
47.255829456637,6.400223313732,19
47.256087589545,8.447989265608,19
47.255971164791,8.461199238067,19
47.255853226060,8.474409154283,19
47.264582192764,6.373624430631,19
47.264703482134,6.386836444440,19
47.264823257278,6.400048516091,19
47.264941518199,6.413260644859,19
47.265081432527,8.448159170694,19
47.264964988676,8.461371367042,19
47.264847030600,8.474583507145,19
47.273575931567,6.373445126733,19
47.273697240827,6.386659365156,19
47.273817035615,6.399873661422,19
47.273935315930,6.413088014804,19
47.274075253205,8.448329131212,19
47.273958790257,8.461543552174,19
47.273840812836,8.474757916892,19
47.282569647831,6.373265764356,19
47.282690976983,6.386482228119,19
47.282810791414,6.399698749725,19
47.282929091124,6.412915328446,19
47.283069051345,8.448499147162,19
47.282952569300,8.461715793464,19
47.282834572534,8.474932383522,19
47.291563341324,6.373086343499,19
47.291684690368,6.386305033327,19
47.291804524442,6.399523780998,19
47.291922843547,6.412742585785,19
47.292062826714,8.448669218545,19
47.291946325572,8.461888090912,19
47.291828309461,8.475106907035,19
47.300557011813,6.372906864162,19
47.300678380748,6.386127780781,19
47.300798234466,6.399348755243,19
47.300916572966,6.412569786821,19
47.301033396248,6.425790874787,19
47.301056579078,8.448839345361,19
47.300940058839,8.462060444518,19
47.300822023383,8.475281487432,19
47.309550659064,6.372727326346,19
47.309672047891,6.385950470481,19
47.309791921251,6.399173672459,19
47.309910279146,6.412396931553,19
47.310027121575,6.425620247036,19
47.310165332074,8.435786145417,19
47.310050308204,8.449009527609,19
47.309933768869,8.462232854283,19
47.309815714068,8.475456124713,19
47.318665691562,6.385773102427,19
47.318785584566,6.398998532647,19
47.318903961856,6.412224019982,19
47.319020823431,6.425449563708,19
47.319159056578,8.435954154856,19
47.319044013860,8.449179765289,19
47.318927455428,8.462405320205,19
47.318809381281,8.475630818877,19
47.327659311529,6.385595676618,19
47.327779224176,6.398823335806,19
47.327897620861,6.412051052109,19
47.328014501582,6.425278824801,19
47.328152757377,8.436122219001,19
47.328037695811,8.449350058402,19
47.327921118282,8.462577842285,19
47.327803024790,8.475805569924,19
47.336652907559,6.385418193056,19
47.336772839849,6.398648081936,19
47.336891255928,6.411878027932,19
47.337008155796,6.425108030318,19
47.337146434239,8.436290337853,19
47.337031353824,8.449520406947,19
47.336914757198,8.462750420523,19
47.336796644361,8.475980377855,19
47.345646479417,6.385240651738,19
47.345766431350,6.398472771037,19
47.345884866824,6.411704947452,19
47.346001785839,6.424937180256,19
47.346117188394,6.438169468723,19
47.346140086930,8.436458511412,19
47.346024987666,8.449690810925,19
47.345908371944,8.462923054919,19
47.345790239762,8.476155242670,19
47.354640026870,6.385063052667,19
47.354759998447,6.398297403110,19
47.354878453316,6.411531810669,19
47.354995391477,6.424766274617,19
47.355110812930,6.438000794228,19
47.355247316620,8.423392154232,19
47.355133715216,8.436626739678,19
47.355018597104,8.449861270335,19
47.354901962284,8.463095745474,19
47.354783810757,8.476330164369,19
47.363753540906,6.398121978154,19
47.363872015170,6.411358617583,19
47.363988972477,6.424595313401,19
47.364104412829,6.437832064881,19
47.364240938869,8.423558205335,19
47.364127318864,8.436795022651,19
47.364012181904,8.450031785177,19
47.363895527988,8.463268492186,19
47.363777357115,8.476505142950,19
47.372747058494,6.397946496170,19
47.372865552152,6.411185368194,19
47.372982528606,6.424424296607,19
47.373097987856,6.437663280683,19
47.373234536246,8.423724310419,19
47.373120897642,8.436963360331,19
47.373005741833,8.450202355452,19
47.372889068820,8.463441295056,19
47.381740550977,6.397770957157,19
47.381859064031,6.411012062501,19
47.381976059631,6.424253224235,19
47.382091537779,6.437494441632,19
47.382205498475,6.450735713964,19
47.382228108519,8.423890469485,19
47.382114451315,8.437131752718,19
47.381999276657,8.450372981160,19
47.381882584547,8.463614154084,19
47.390852550571,6.410838700506,19
47.390969565318,6.424082096286,19
47.391085062364,6.437325547729,19
47.391199041710,6.450569054108,19
47.391333813558,8.410813111189,19
47.391221655454,8.424056682532,19
47.391107979650,8.437300199811,19
47.390992786144,8.450543662300,19
47.390876074937,8.463787069270,19
47.399846011541,6.410665282207,19
47.399963045434,6.423910912759,19
47.400078561379,6.437156598974,19
47.400192559374,6.450402340125,19
47.400327353274,8.410977143446,19
47.400215176819,8.424222949561,19
47.400101482414,8.437468701612,19
47.399986270059,8.450714398872,19
47.408839446706,6.410491807606,19
47.408956499746,6.423739673655,19
47.409072034588,6.436987595367,19
47.409186051233,6.450235572016,19
47.409298549680,6.463483602873,19
47.409320867186,8.411141228959,19
47.409208672378,8.424389270571,19
47.409094959373,8.437637258119,19
47.408979728170,8.450885190877,19
47.417832855833,6.410318276701,19
47.417949928020,6.423568378973,19
47.418065481760,6.436818536909,19
47.418179517055,6.450068749780,19
47.418292033903,6.463319016860,19
47.418314355060,8.411305367727,19
47.418202141900,8.424555645562,19
47.418088410295,8.437805869333,19
47.417973160243,8.451056038314,19
47.426943330022,6.423397028714,19
47.427058902661,6.436649423598,19
47.427172956605,6.449901873418,19
47.427285491856,6.463154377447,19
47.427418529479,8.398216991630,19
47.427307816662,8.411469559751,19
47.427195585151,8.424722074534,19
47.427081834945,8.437974535254,19
47.435936705520,6.423225622877,19
47.436052297057,6.436480255435,19
47.436166369652,6.449734942929,19
47.436278923303,6.462989684632,19
47.436389958012,6.476244479818,19
47.436411982681,8.398378999235,19
47.436301251760,8.411633805030,19
47.436189001897,8.424888557488,19
47.436075233092,8.438143255882,19
47.445045664716,6.436311032420,19
47.445159755960,6.449567958314,19
47.445272328013,6.462824938417,19
47.445383380875,6.476081972002,19
47.445514638978,8.385283962565,19
47.445405409145,8.398541059371,19
47.445294660121,8.411798103566,19
47.445182391906,8.425055094424,19
47.445068604500,8.438312031217,19
47.454039005403,6.436141754553,19
47.454153115297,6.449400919572,19
47.454265705752,6.462660138800,19
47.454376776767,6.475919411511,19
47.454508056326,8.385443836106,19
47.454398808638,8.398703172037,19
47.454288041510,8.411962455357,19
47.454175754943,8.425221685340,19
47.454061948937,8.438480861259,19
47.463032318886,6.435972421835,19
47.463146447430,6.449233826704,19
47.463259056286,6.462495285783,19
47.463370145455,6.475756798345,19
47.463479714936,6.489018363662,19
47.463609192325,8.372342133786,19
47.463501446469,8.385603761452,19
47.463392180926,8.398865337233,19
47.463281395695,8.412126860404,19
47.463169090776,8.425388330238,19
47.472139752125,6.449066679710,19
47.472252379383,6.462330379365,19
47.472363486704,6.475594132503,19
47.472473074090,6.488857938397,19
47.472602572637,8.372499870360,19
47.472494809175,8.385763738602,19
47.472385525776,8.399027554960,19
47.472274722442,8.412291318707,19
47.472162399172,8.425555029117,19
47.481133029149,6.448899478589,19
47.481245674808,6.462165419546,19
47.481356800283,6.475431413986,19
47.481466405574,6.488697461182,19
47.481574490680,6.501963560407,19
47.481702186164,8.359391497312,19
47.481595925279,8.372657658013,19
47.481488144210,8.385923767557,19
47.481378842956,8.399189825217,19
47.481268021518,8.412455830266,19
47.490238942329,6.462000406326,19
47.490350085957,6.475268642793,19
47.490459709153,6.488536932017,19
47.490567811915,6.501805273269,19
47.490695528259,8.359547094017,19
47.490589250016,8.372815496745,19
47.490481451340,8.386083848316,19
47.490372132231,8.399352148004,19
47.499232181713,6.461835339705,19
47.499343343494,6.475105818925,19
47.499452984594,6.488376350902,19
47.499561105013,6.501646934907,19
47.499667704751,6.514917570216,19
47.499688842217,8.359702741075,19
47.499582546615,8.372973386556,19
47.499474730332,8.386243980881,19
47.499365393368,8.399514523321,19
47.508225392725,6.461670219684,19
47.508336572659,6.474942942382,19
47.508446231664,6.488215717837,19
47.508554369740,6.501488545321,19
47.508660986886,6.514761424108,19
47.508786919835,8.346585499096,19
47.508682127804,8.359858438487,19
47.508575814843,8.373131327447,19
47.508467980953,8.386404165250,19
47.508358626134,8.399676951168,19
47.517329773220,6.474780013164,19
47.517439450130,6.488055032823,19
47.517547605862,6.501330104511,19
47.517654240416,6.514605227502,19
47.517759353793,6.527880401069,19
47.517883481891,8.333463769358,19
47.517780193927,8.346739002657,19
47.517675384786,8.360014186252,19
47.517569054467,8.373289319416,19
47.517461202970,8.386564401423,19
47.526432639758,6.487894295859,19
47.526540813146,6.501171612477,19
47.526647465109,6.514448980397,19
47.526752595645,6.527726398894,19
47.526978527406,8.320337550412,19
47.526876744007,8.333615077618,19
47.526773439182,8.346892555846,19
47.526668612930,8.360169984371,19
47.526562265253,8.373447362465,19
47.526454396149,8.386724689401,19
47.535425800314,6.487733506945,19
47.535533991359,6.501013069218,19
47.535640660730,6.514292682794,19
47.535745808427,6.527572346945,19
47.535849434449,6.540852060947,19
47.536072055404,8.307206840807,19
47.535971777065,8.320486661918,19
47.535869977052,8.333766434780,19
47.535766655365,8.347046158663,19
47.535661812003,8.360325832843,19
47.544527140268,6.500854474735,19
47.544633827047,6.514136334692,19
47.544738991904,6.527418245224,19
47.544842634837,6.540700205606,19
47.544944755848,6.553982215111,19
47.545164064904,8.294071639093,19
47.545065292123,8.307353754110,19
47.544964997420,8.320635821602,19
47.544863180793,8.333917840844,19
47.544759842244,8.347199811109,19
47.553520259639,6.500695829028,19
47.553626963827,6.513979936091,19
47.553732145843,6.527264093730,19
47.553835805688,6.540548301218,19
47.553937943362,6.553832557829,19
47.554254554930,8.280931943821,19
47.554157288203,8.294216352741,19
47.554058499305,8.307500714864,19
47.553958188236,8.320785029463,19
47.553856354996,8.334069295811,19
47.562620070835,6.513823486991,19
47.562725270011,6.527109892462,19
47.562828946767,6.540396347782,19
47.562931101104,6.553682852225,19
47.563031733022,6.566969405064,19
47.563247764326,8.281074456362,19
47.563150481730,8.294361113114,19
47.563051676716,8.307647723069,19
47.562951349282,8.320934285500,19
47.571613147838,6.513666987393,19
47.571718364174,6.526955641421,19
47.571822057842,6.540244345299,19
47.571924228843,6.553533098299,19
47.572024877175,6.566821899695,19
47.572124002840,6.580110748761,19
47.572336719514,8.267928063524,19
47.572240943717,8.281217014904,19
47.572143645253,8.294505920214,19
47.572044824122,8.307794778726,19
47.571944480323,8.321083589714,19
47.580711428100,6.526801340608,19
47.580815138679,6.540092293768,19
47.580917326343,6.553383296051,19
47.581017991091,6.566674346731,19
47.581117132922,6.579965445079,19
47.581329884287,8.268068418783,19
47.581234092871,8.281359619447,19
47.581136778539,8.294650774039,19
47.581037941290,8.307941881834,19
47.589808189046,6.539940193190,19
47.589910393372,6.553233445482,19
47.590011074535,6.566526746169,19
47.590110232533,6.579820094527,19
47.590207867367,6.593113489826,19
47.590417302462,8.254915323301,19
47.590323018590,8.268208819317,19
47.590227211554,8.281502269989,19
47.590129881353,8.294795674590,19
47.590031027988,8.308089032394,19
47.598903429697,6.553083546590,19
47.599004127274,6.566379098012,19
47.599103301439,6.579674697103,19
47.599200952191,6.592970343137,19
47.599297079530,6.606266035387,19
47.599503197264,8.241757727009,19
47.599410421433,8.255053518376,19
47.599316122189,8.268349265126,19
47.599220299532,8.281644966532,19
47.599122953462,8.294940621867,19
47.607896435084,6.552933599376,19
47.607997149076,6.566231402258,19
47.608096339407,6.579529252809,19
47.608194006078,6.592827150302,19
47.608290149087,6.606125094012,19
47.608384768435,6.619423083211,19
47.608587567714,8.228595628455,19
47.608496300420,8.241893715172,19
47.608403509465,8.255191757999,19
47.608309194849,8.268489756209,19
47.608213356572,8.281787709074,19
47.616990139707,6.566083658907,19
47.617089346205,6.579383761643,19
47.617187028793,6.592683911322,19
47.617283187472,6.605984107217,19
47.617377822242,6.619284348601,19
47.617670412834,8.215429026190,19
47.617580654574,8.228729408257,19
47.617489372405,8.242029747160,19
47.617396566326,8.255330042172,19
47.617302236339,8.268630292567,19
47.617206382442,8.281930497618,19
47.626082321598,6.579238223607,19
47.626180020104,6.592540626196,19
47.626276194453,6.605843075002,19
47.626370844644,6.619145569297,19
47.626463970677,6.632448108355,19
47.626751731645,8.202257918765,19
47.626663482916,8.215560596180,19
47.626573710029,8.228863231157,19
47.626482412985,8.242165822971,19
47.626389591783,8.255468370894,19
47.626295246424,8.268770874199,19
47.635172979777,6.592397294926,19
47.635269169796,6.605701997368,19
47.635363835409,6.619006745299,19
47.635456976615,6.632311537993,19
47.635548593416,6.645616374723,19
47.635831523169,8.189082304728,19
47.635744784468,8.202387277490,19
47.635656521361,8.215692208542,19
47.635566733847,8.228997097155,19
47.635475421928,8.242301942605,19
47.635382585602,8.255606744165,19
47.644165907579,6.592253917510,19
47.644262113268,6.605560874313,19
47.644356794302,6.618867876606,19
47.644449950682,6.632174923662,19
47.644541582407,6.645482014754,19
47.644631689478,6.658789149155,19
47.644909786429,8.175902182631,19
47.644824558251,8.189209450739,19
47.644737805420,8.202516677863,19
47.644649527934,8.215823863276,19
47.644559725794,8.229131006252,19
47.644468398999,8.242438106063,19
47.653255024635,6.605419705839,19
47.653349721091,6.618728963220,19
47.653442892644,6.632038265363,19
47.653534539294,6.645347611542,19
47.653624661042,6.658657001031,19
47.653713257887,6.671966433102,19
47.653986520445,8.162717551023,19
47.653902803288,8.176027114476,19
47.653817561229,8.189336637671,19
47.653730794267,8.202646119882,19
47.653642502403,8.215955560383,19
47.653552685636,8.229264958446,19
47.662342615542,6.618590005139,19
47.662435802268,6.631901563095,19
47.662527463843,6.645213165088,19
47.662617600268,6.658524810389,19
47.662706211541,6.671836498273,19
47.662793297663,6.685148228014,19
47.663061724239,8.149528408454,19
47.662979518600,8.162840267250,19
47.662895787810,8.176152086516,19
47.662810531869,8.189463865524,19
47.662723750777,8.202775603548,19
47.662635444534,8.216087299862,19
47.671428679322,6.631764816859,19
47.671520355822,6.645078675390,19
47.671610506922,6.658392577230,19
47.671699132623,6.671706521653,19
47.671786232925,6.685020507931,19
47.671871807828,6.698334535340,19
47.672135396833,8.136334753474,19
47.672054703208,8.149648907613,19
47.671972484184,8.162963022948,19
47.671888739761,8.176277098752,19
47.671803469938,8.189591134298,19
47.671716674716,8.202905128861,19
47.680513214995,6.644944142449,19
47.680603380772,6.658260301553,19
47.680692020902,6.671576503240,19
47.680779135384,6.684892746783,19
47.680864724218,6.698209031455,19
47.680948787404,6.711525356530,19
47.681207537248,8.123136584633,19
47.681128356134,8.136453034113,19
47.681047649373,8.149769445516,19
47.680965416964,8.163085818115,19
47.680881658907,8.176402151183,19
47.680796375202,8.189718443994,19
47.689596221585,6.658127983358,19
47.689684876142,6.671446443035,19
47.689772004804,6.684764944568,19
47.689857607570,6.698083487230,19
47.689941684439,6.711402070294,19
47.690024235413,6.724720693035,19
47.690278144507,8.109933900481,19
47.690200476401,8.123252645302,19
47.690121282398,8.136571352772,19
47.690040562500,8.149890022164,19
47.689958316706,8.163208652753,19
47.689874545015,8.176527243811,19
47.698677698112,6.671316341038,19
47.698764840953,6.684637101286,19
47.698850457650,6.697957902663,19
47.698934548203,6.711278744443,19
47.699017112612,6.724599625899,19
47.699098150876,6.737920546304,19
47.699347217631,8.096726699569,19
47.699271063029,8.110047739729,19
47.699193382282,8.123368743264,19
47.699114175391,8.136689709450,19
47.699033442356,8.150010637557,19
47.698951183176,8.163331526861,19
47.707757643598,6.684509216938,19
47.707843274227,6.697832277756,19
47.707927378463,6.711155378976,19
47.708009956306,6.724478519873,19
47.708091007757,6.737801699719,19
47.708170532814,6.751124917788,19
47.708414755641,8.083514980445,19
47.708340115040,8.096838315943,19
47.708263948046,8.110161615544,19
47.708186254659,8.123484878520,19
47.708107034880,8.136808104146,19
47.708026288707,8.150131291695,19
47.716836057065,6.697706612508,19
47.716920174984,6.711031973895,19
47.717002766262,6.724357374958,19
47.717083830900,6.737682814970,19
47.717163368896,6.751008293205,19
47.717241380251,6.764333808936,19
47.717480757560,8.070298741661,19
47.717407631456,8.083624372496,19
47.717332978711,8.096949968160,19
47.717256799325,8.110275527927,19
47.717179093298,8.123601051070,19
47.717099860630,8.136926536862,19
47.725912937535,6.710908529198,19
47.725995542248,6.724236191152,19
47.726076620072,6.737563892056,19
47.726156171006,6.750891631183,19
47.726234195051,6.764219407806,19
47.726310692206,6.777547221198,19
47.726385662473,6.790875070633,19
47.726615306628,8.043750021878,19
47.726545222408,8.057077981766,19
47.726473611298,8.070405907936,19
47.726400473299,8.083733799663,19
47.726325808411,8.097061656219,19
47.726249616633,8.110389476878,19
47.726171897966,8.123717260913,19
47.734988284029,6.724114968457,19
47.735069375039,6.737444930979,19
47.735148938912,6.750774931723,19
47.735226975646,6.764104969963,19
47.735303485243,6.777435044973,19
47.735378467703,6.790765156025,19
47.735451923025,6.804095302393,19
47.735676717689,8.030522444813,19
47.735608149208,8.043852699310,19
47.735538053589,8.057182920815,19
47.735466430832,8.070513108603,19
47.735393280938,8.083843261948,19
47.735318603906,8.097173380121,19
47.735242399737,8.110503462397,19
47.744062095569,6.737325931737,19
47.744141672379,6.750658194824,19
47.744219721804,6.763990495408,19
47.744296243843,6.777322832760,19
47.744371238495,6.790655206155,19
47.744444705762,6.803987614867,19
47.744516645642,6.817320058167,19
47.744736589226,8.017290343739,19
47.744669536981,8.030622892842,19
47.744600957350,8.043955409682,19
47.744530850332,8.057287893530,19
47.744459215929,8.070620343662,19
47.744386054139,8.083952759349,19
47.744311364964,8.097285139865,19
47.753212433291,6.763875984139,19
47.753288967771,6.777210584560,19
47.753363974617,6.790545221024,19
47.753437453828,6.803879892803,19
47.753509405405,6.817214599173,19
47.753579829348,6.830549339404,19
47.753648725656,6.843884112772,19
47.753794920262,8.004053717205,19
47.753729384749,8.017388560915,19
47.753662321602,8.030723373086,19
47.753593730820,8.044058152994,19
47.753523612404,8.057392899911,19
47.753451966354,8.070727613111,19
47.762281656794,6.777098300372,19
47.762356675833,6.790435200630,19
47.762430166990,6.803772136204,19
47.762502130263,6.817109106367,19
47.762572565654,6.830446110393,19
47.762641473162,6.843783147555,19
47.762708852788,6.857120217126,19
47.762774704531,6.870457318380,19
47.762914200218,7.977475395364,19
47.762851709817,7.990812563762,19
47.762787691534,8.004149702076,19
47.762722145367,8.017486809579,19
47.762655071318,8.030823885545,19
47.762586469386,8.044160929247,19
47.762516339572,8.057497939958,19
47.771349341912,6.790325144974,19
47.771422845014,6.803664345068,19
47.771494819984,6.817003579751,19
47.771565266823,6.830342848296,19
47.771634185531,6.843682149978,19
47.771701576108,6.857021484069,19
47.771767438554,6.870360849842,19
47.771831772869,6.883700246572,19
47.771894579053,6.897039673531,19
47.772027373637,7.950887928778,19
47.771967929341,7.964227419684,19
47.771906956914,7.977566881958,19
47.771844456356,7.990906314876,19
47.771780427668,8.004245717710,19
47.771714870848,8.017585089733,19
47.771647785897,8.030924430218,19
47.771579172815,8.044263738440,19
47.780487474333,6.816898019323,19
47.780557932620,6.830239553114,19
47.780626862528,6.843581120041,19
47.780694264057,6.856922719377,19
47.780760137206,6.870264350396,19
47.780824481976,6.883606012370,19
47.780887298367,6.896947704575,19
47.780948586378,6.910289426281,19
47.781134437305,7.924291318908,19
47.781078040107,7.937633130140,19
47.781020114531,7.950974914194,19
47.780960660575,7.964316670345,19
47.780899678239,7.977658397865,19
47.780837167524,7.991000096028,19
47.780773128430,8.004341764107,19
47.780707560957,8.017683401375,19
47.780640465104,8.031025007106,19
47.789619503921,6.843480057744,19
47.789686916401,6.856823923051,19
47.789752800254,6.870167820041,19
47.789817155478,6.883511747986,19
47.789879982075,6.896855706161,19
47.789941280045,6.910199693839,19
47.790001049387,6.923543710292,19
47.790059290101,6.936887754795,19
47.790116002187,6.950231826621,19
47.790182038902,7.911029696590,19
47.790127161169,7.924373800244,19
47.790070754808,7.937717877447,19
47.790012819820,7.951061927472,19
47.789953356203,7.964405949594,19
47.789892363960,7.977749943085,19
47.789829843088,7.991093907218,19
47.789765793589,8.004437841268,19
47.798745427463,6.870071258777,19
47.798809793143,6.883417453419,19
47.798872629946,6.896763678290,19
47.798933937874,6.910109932664,19
47.798993716926,6.923456215814,19
47.799051967101,6.936802527013,19
47.799108688401,6.950148865535,19
47.799163880824,6.963495230653,19
47.799217544372,6.976841621640,19
47.799279922513,7.884417120495,19
47.799228093616,7.897763541567,19
47.799174735844,7.911109937640,19
47.799119849196,7.924456307990,19
47.799063433671,7.937802651890,19
47.799005489271,7.951148968612,19
47.798946015994,7.964495257429,19
47.798885013842,7.977841517617,19
47.798822482814,7.991187748447,19
47.807802394736,6.883323128668,19
47.807865241746,6.896671620961,19
47.807926559632,6.910020142757,19
47.807986348394,6.923368693329,19
47.808044608031,6.936717271950,19
47.808101338544,6.950065877894,19
47.808156539932,6.963414510434,19
47.808210212196,6.976763168843,19
47.808262355336,6.990111852394,19
47.808312969351,7.003460560362,19
47.808418937668,7.844446644190,19
47.808371687726,7.857795403315,19
47.808322908659,7.871144139623,19
47.808272600469,7.884492852386,19
47.808220763154,7.897841540880,19
47.808167396715,7.911190204375,19
47.808112501151,7.924538842147,19
47.808056076463,7.937887453468,19
47.807998122651,7.951236037612,19
47.807938639714,7.964584593852,19
47.816919145086,6.909930324118,19
47.816978943557,6.923281142837,19
47.817037212656,6.936631989606,19
47.817093952382,6.949982863697,19
47.817149162735,6.963333764385,19
47.817202843716,6.976684690941,19
47.817254995324,6.990035642640,19
47.817305617559,7.003386618756,19
47.817354710421,7.016737618560,19
47.817402273911,7.030088641327,19
47.817544199695,7.804462384417,19
47.817501530197,7.817813475782,19
47.817457331327,7.831164546509,19
47.817411603085,7.844515595872,19
47.817364345469,7.857866623145,19
47.817315558481,7.871217627600,19
47.817265242120,7.884568608511,19
47.817213396387,7.897919565152,19
47.817160021281,7.911270496795,19
47.817105116802,7.924621402714,19
47.817048682951,7.937972282183,19
47.826086529682,6.949899822945,19
47.826141749000,6.963252992506,19
47.826195438697,6.976606187935,19
47.826247598773,6.989959408508,19
47.826298229229,7.003312653496,19
47.826347330063,7.016665922173,19
47.826394901276,7.030019213814,19
47.826440942868,7.043372527690,19
47.826485454839,7.056725863075,19
47.826528437189,7.070079219244,19
47.826577996909,7.791171171389,19
47.826536850105,7.804524551537,19
47.826494173679,7.817877911775,19
47.826449967632,7.831231251375,19
47.826404231964,7.844584569611,19
47.826356966675,7.857937865757,19
47.826308171765,7.871291139085,19
47.826257847234,7.884644388869,19
47.826205993082,7.897997614383,19
47.826152609309,7.911350814899,19
47.835187996908,6.976527659825,19
47.835240165452,6.989883149996,19
47.835290804127,7.003238664583,19
47.835339912933,7.016594202859,19
47.835387491869,7.029949764098,19
47.835433540936,7.043305347573,19
47.835478060134,7.056660952557,19
47.835521049462,7.070016578324,19
47.835562508921,7.083372224146,19
47.835684898467,7.751164027353,19
47.835648334590,7.764519732472,19
47.835610240844,7.777875419860,19
47.835570617228,7.791231088791,19
47.835529463743,7.804586738538,19
47.835486780389,7.817942368374,19
47.835442567165,7.831297977572,19
47.835396824072,7.844653565407,19
47.835349551110,7.858009131151,19
47.835300748278,7.871364674078,19
47.835250415577,7.884720193461,19
47.844283342021,7.003164652017,19
47.844332458798,7.016522460617,19
47.844380045458,7.029880292180,19
47.844426102000,7.043238145979,19
47.844470628424,7.056596021287,19
47.844513624730,7.069953917378,19
47.844555090919,7.083311833525,19
47.844595026990,7.096669769001,19
47.844633432943,7.110027723080,19
47.844670308779,7.123385695035,19
47.844705654497,7.136743684139,19
47.844808478405,7.697785088392,19
47.844778029063,7.711143127491,19
47.844746049604,7.724501151766,19
47.844712540027,7.737859160490,19
47.844677500332,7.751217152937,19
47.844640930520,7.764575128380,19
47.844602830590,7.777933086092,19
47.844563200543,7.791291025347,19
47.844522040377,7.804648945418,19
47.844479350094,7.818006845578,19
47.844435129694,7.831364725101,19
47.844389379176,7.844722583260,19
47.853372561809,7.029810798060,19
47.853418625826,7.043170922909,19
47.853463159476,7.056531069267,19
47.853506162761,7.069891236407,19
47.853547635679,7.083251423604,19
47.853587578232,7.096611630130,19
47.853625990419,7.109971855258,19
47.853662872239,7.123332098263,19
47.853698223694,7.136692358417,19
47.853732044782,7.150052634993,19
47.853764335505,7.163412927266,19
47.853795095862,7.176773234508,19
47.853824325852,7.190133555992,19
47.853930380216,7.631027399086,19
47.853907577763,7.644387772455,19
47.853883244943,7.657748134633,19
47.853857381758,7.671108484893,19
47.853829988206,7.684468822510,19
47.853801064289,7.697829146756,19
47.853770610006,7.711189456904,19
47.853738625356,7.724549752229,19
47.853705110341,7.737910032003,19
47.853670064959,7.751270295499,19
47.853633489212,7.764630541992,19
47.853595383099,7.777990770754,19
47.853555746619,7.791350981058,19
47.853514579774,7.804711172179,19
47.853471882562,7.818071343389,19
47.862455653057,7.056466096495,19
47.862498663320,7.069828535411,19
47.862540142969,7.083190994383,19
47.862580092003,7.096553472684,19
47.862618510423,7.109915969588,19
47.862655398228,7.123278484368,19
47.862690755419,7.136641016297,19
47.862724581996,7.150003564649,19
47.862756877958,7.163366128696,19
47.862787643306,7.176728707714,19
47.862816878040,7.190091300973,19
47.862844582160,7.203453907749,19
47.862870755665,7.216816527314,19
47.862895398555,7.230179158942,19
47.862918510832,7.243541801906,19
47.862940092494,7.256904455479,19
47.862998868084,7.577609434701,19
47.862982184388,7.590972117341,19
47.862963970078,7.604334791696,19
47.862944225153,7.617697457042,19
47.862922949613,7.631060112649,19
47.862900143460,7.644422757793,19
47.862875806692,7.657785391746,19
47.862849939310,7.671148013782,19
47.862822541313,7.684510623174,19
47.862793612702,7.697873219195,19
47.862763153477,7.711235801119,19
47.862731163637,7.724598368219,19
47.862697643184,7.737960919768,19
47.862662592115,7.751323455040,19
47.862626010433,7.764685973307,19
47.862587898136,7.778048473845,19
47.862548255225,7.791410955924,19
