46.40644172,8.96803361,19
46.41561021,8.95528322,19
46.41543562,8.96828714,19
46.41525954,8.98129097,19
46.41508197,8.99429472,19
46.41341675,9.11132445,19
46.41203809,9.20234238,19
46.41183517,9.21534455,19
46.42511905,8.91651594,19
46.42477727,8.94252851,19
46.42460414,8.95553467,19
46.42442953,8.96854075,19
46.42425342,8.98154674,19
46.42407582,8.99455264,19
46.42389673,9.00755846,19
46.42371615,9.02056419,19
46.42353407,9.03356983,19
46.42335051,9.04657539,19
46.42316545,9.05958085,19
46.42297891,9.07258622,19
46.42279087,9.08559150,19
46.42260134,9.09859669,19
46.42241032,9.11160179,19
46.42221781,9.12460679,19
46.42202381,9.13761170,19
46.42182831,9.15061651,19
46.42163133,9.16362123,19
46.42143285,9.17662585,19
46.42123288,9.18963038,19
46.42103143,9.20263481,19
46.42082848,9.21563913,19
46.42062404,9.22864336,19
46.43411307,8.91676100,19
46.43394289,8.92976949,19
46.43377123,8.94277789,19
46.43359808,8.95578621,19
46.43342343,8.96879444,19
46.43324729,8.98180259,19
46.43306966,8.99481065,19
46.43289054,9.00781863,19
46.43270993,9.02082652,19
46.43252783,9.03383432,19
46.43234423,9.04684203,19
46.43215915,9.05984965,19
46.43197257,9.07285718,19
46.43178450,9.08586461,19
46.43159494,9.09887196,19
46.43140389,9.11187921,19
46.43121134,9.12488637,19
46.43101731,9.13789344,19
46.43082178,9.15090041,19
46.43062477,9.16390729,19
46.43042626,9.17691407,19
46.43022626,9.18992075,19
46.43002476,9.20292733,19
46.42982178,9.21593382,19
46.42961731,9.22894021,19
46.42941134,9.24194649,19
46.42920388,9.25495268,19
46.42899493,9.26795876,19
46.44327579,8.90399543,19
46.44310708,8.91700615,19
46.44293688,8.93001680,19
46.44276519,8.94302736,19
46.44259201,8.95603783,19
46.44241733,8.96904823,19
46.44224117,8.98205853,19
46.44206351,8.99506875,19
46.44188436,9.00807888,19
46.44170372,9.02108893,19
46.44152158,9.03409889,19
46.44133796,9.04710876,19
46.44115284,9.06011853,19
46.44096623,9.07312822,19
46.44077813,9.08613782,19
46.44058854,9.09914732,19
46.44039745,9.11215673,19
46.44020488,9.12516605,19
46.44001081,9.13817528,19
46.43981525,9.15118441,19
46.43961820,9.16419344,19
46.43941966,9.17720238,19
46.43921963,9.19021122,19
46.43901810,9.20321996,19
46.43881509,9.21622860,19
46.43861058,9.22923715,19
46.43840458,9.24224559,19
46.43819708,9.25525394,19
46.43798810,9.26826218,19
46.43777762,9.28127032,19
46.43756566,9.29427836,19
46.45243708,8.89122553,19
46.45226984,8.90423850,19
46.45210110,8.91725138,19
46.45193087,8.93026419,19
46.45175915,8.94327691,19
46.45087817,9.00833923,19
46.45069750,9.02135143,19
46.45051533,9.03436355,19
46.45033168,9.04737557,19
46.45014653,9.06038751,19
46.44995989,9.07339936,19
46.44977176,9.08641111,19
46.44958214,9.09942278,19
46.44939102,9.11243435,19
46.44919841,9.12544582,19
46.44900431,9.13845721,19
46.44880872,9.15146850,19
46.44861164,9.16447969,19
46.44841306,9.17749078,19
46.44821300,9.19050178,19
46.44780839,9.21652349,19
46.44760385,9.22953419,19
46.44739781,9.24254479,19
46.44719028,9.25555530,19
46.44698127,9.26856570,19
46.44677075,9.28157600,19
46.44655875,9.29458619,19
46.44634526,9.30759628,19
46.44613027,9.32060627,19
46.44591379,9.33361615,19
46.46176122,8.86543603,19
46.46159693,8.87845132,19
46.46143115,8.89146653,19
46.46126388,8.90448165,19
46.46109512,8.91749670,19
46.46092486,8.93051166,19
46.46075311,8.94352654,19
46.45639104,9.24284409,19
46.45618348,9.25585676,19
46.45597443,9.26886932,19
46.45576388,9.28188177,19
46.45555185,9.29489413,19
46.45533832,9.30790638,19
46.45512329,9.32091853,19
46.45490678,9.33393057,19
46.45468877,9.34694251,19
46.45446927,9.35995434,19
46.45424828,9.37296606,19
46.45402580,9.38597768,19
46.47123934,8.82661997,19
46.47107950,8.83963766,19
46.47091817,8.85265526,19
46.47075535,8.86567279,19
46.47059103,8.87869024,19
46.47042522,8.89170761,19
46.47025792,8.90472489,19
46.47008913,8.91774210,19
46.46475701,9.28218766,19
46.46454494,9.29520217,19
46.46433137,9.30821658,19
46.46411631,9.32123089,19
46.46389976,9.33424509,19
46.46368172,9.34725919,19
46.46346219,9.36027318,19
46.46324116,9.37328707,19
46.46301864,9.38630084,19
46.46279463,9.39931451,19
46.48085808,8.77477017,19
46.48070418,8.78779033,19
46.48054879,8.80081040,19
46.48039191,8.81383040,19
46.48023354,8.82685032,19
46.48007368,8.83987017,19
46.47991232,8.85288994,19
46.47974947,8.86590963,19
46.47958513,8.87892923,19
46.47941929,8.89194876,19
46.47353803,9.29551032,19
46.47332443,9.30852689,19
46.47310933,9.32154336,19
46.47289275,9.33455972,19
46.47267467,9.34757598,19
46.47245510,9.36059213,19
46.47223403,9.37360818,19
46.47201147,9.38662411,19
46.47178742,9.39963994,19
46.47156188,9.41265566,19
46.47133485,9.42567127,19
46.47110632,9.43868676,19
46.47087630,9.45170215,19
46.47064479,9.46471742,19
46.49000481,8.76196957,19
46.48985238,8.77499196,19
46.48969846,8.78801427,19
46.48954305,8.80103651,19
46.48938614,8.81405867,19
46.48922774,8.82708075,19
46.48906785,8.84010276,19
46.48890647,8.85312469,19
46.48874359,8.86614654,19
46.48857922,8.87916831,19
46.48188573,9.33487446,19
46.48166761,9.34789288,19
46.48144800,9.36091119,19
46.48122690,9.37392940,19
46.48100431,9.38694749,19
46.48078022,9.39996548,19
46.48055464,9.41298336,19
46.48032757,9.42600113,19
46.48009900,9.43901879,19
46.47986894,9.45203634,19
46.47963739,9.46505377,19
46.49973900,8.69706543,19
46.49959401,8.71009034,19
46.49944753,8.72311518,19
46.49929956,8.73613995,19
46.49915010,8.74916464,19
46.49899914,8.76218927,19
46.49884668,8.77521382,19
46.49869274,8.78823829,19
46.49853730,8.80126269,19
46.49838037,8.81428701,19
46.49822194,8.82731126,19
46.49806203,8.84033543,19
46.49790061,8.85335952,19
46.49021977,9.37425072,19
46.48999714,9.38727098,19
46.48977302,9.40029113,19
46.48954740,9.41331118,19
46.48932029,9.42633111,19
46.48909168,9.43935093,19
46.48886159,9.45237064,19
46.48863000,9.46539023,19
46.48839691,9.47840972,19
46.48816234,9.49142909,19
46.50873345,8.69727438,19
46.50858844,8.71030145,19
46.50844193,8.72332846,19
46.50829394,8.73635539,19
46.50814445,8.74938225,19
46.50799346,8.76240904,19
46.50784098,8.77543575,19
46.50768701,8.78846239,19
46.50753155,8.80148895,19
46.50737459,8.81451544,19
46.50721614,8.82754185,19
46.49831300,9.42666119,19
46.49808436,9.43968318,19
46.49785423,9.45270505,19
46.49762260,9.46572681,19
46.49738948,9.47874846,19
46.49715486,9.49176999,19
46.49691875,9.50479141,19
46.49668115,9.51781271,19
46.51815404,8.65839527,19
46.51801348,8.67142472,19
46.51787144,8.68445410,19
46.51772790,8.69748340,19
46.51758286,8.71051264,19
46.51743633,8.72354181,19
46.51728831,8.73657091,19
46.51713880,8.74959993,19
46.51698779,8.76262888,19
46.51683528,8.77565776,19
46.50684686,9.45303958,19
46.50661520,9.46606350,19
46.50638204,9.47908731,19
46.50614738,9.49211101,19
46.50591123,9.50513459,19
46.50567359,9.51815806,19
46.50543446,9.53118141,19
46.52742522,8.63253444,19
46.52728763,8.64556619,19
46.52714855,8.65859787,19
46.52700797,8.67162948,19
46.52686590,8.68466102,19
46.52672234,8.69769250,19
46.52657728,8.71072390,19
46.52643073,8.72375523,19
46.52613314,8.74981768,19
46.51560779,9.46640030,19
46.51537459,9.47942628,19
46.51513990,9.49245214,19
46.51490371,9.50547789,19
46.51466603,9.51850352,19
46.51442686,9.53152903,19
46.51418619,9.54455443,19
46.51394402,9.55757971,19
46.53669052,8.60666476,19
46.53655590,8.61969880,19
46.53641978,8.63273278,19
46.53628217,8.64576669,19
46.53614306,8.65880054,19
46.53600246,8.67183432,19
46.53586037,8.68486802,19
46.53571678,8.69790166,19
46.53557170,8.71093523,19
46.52436715,9.47976536,19
46.52389619,9.50582130,19
46.52365847,9.51884909,19
46.52341925,9.53187677,19
46.52317854,9.54490434,19
46.52293634,9.55793179,19
46.54608009,8.56774981,19
46.54594993,8.58078622,19
46.54581827,8.59382256,19
46.54568512,8.60685883,19
46.54555047,8.61989504,19
46.54541433,8.63293119,19
46.54527670,8.64596727,19
46.54513757,8.65900328,19
46.54499695,8.67203922,19
46.54485483,8.68507509,19
46.53265090,9.51919479,19
46.53241165,9.53222463,19
46.53217090,9.54525436,19
46.53192865,9.55828397,19
46.53168492,9.57131347,19
46.55545634,8.52882137,19
46.55533064,8.54186012,19
46.55520344,8.55489882,19
46.55507475,8.56793745,19
46.55494457,8.58097602,19
46.55481289,8.59401453,19
46.55467972,8.60705297,19
46.55454505,8.62009135,19
46.55440888,8.63312966,19
46.55427123,8.64616790,19
46.55413207,8.65920608,19
46.54140403,9.53257261,19
46.54116325,9.54560450,19
46.54092096,9.55863628,19
46.54067718,9.57166794,19
46.54043191,9.58469949,19
46.54018514,9.59773091,19
46.56493900,8.47683827,19
46.56481925,8.48987943,19
46.56469802,8.50292053,19
46.56457529,8.51596158,19
46.56445106,8.52900256,19
46.56432534,8.54204349,19
46.56419812,8.55508435,19
46.56406941,8.56812515,19
46.56393920,8.58116589,19
46.56380750,8.59420656,19
46.56367431,8.60724717,19
46.56353962,8.62028772,19
46.56340343,8.63332820,19
46.55015559,9.54595476,19
46.54991327,9.55898871,19
46.54966945,9.57202254,19
46.54942413,9.58505625,19
46.54917733,9.59808984,19
46.57428411,8.43788052,19
46.57405206,8.46396746,19
46.57393379,8.47701085,19
46.57381403,8.49005418,19
46.57369277,8.50309746,19
46.57357002,8.51614067,19
46.57344577,8.52918382,19
46.57332003,8.54222692,19
46.57319280,8.55526995,19
46.57306406,8.56831291,19
46.57293383,8.58135582,19
46.57280211,8.59439866,19
46.57266889,8.60744144,19
46.57253418,8.62048415,19
46.55914793,9.54630514,19
46.55890557,9.55934125,19
46.55866171,9.57237725,19
46.55841635,9.58541313,19
46.55816950,9.59844889,19
46.55792116,9.61148452,19
46.55767132,9.62452004,19
46.58327896,8.43804665,19
46.58316366,8.45109232,19
46.58304687,8.46413794,19
46.58292859,8.47718350,19
46.58280880,8.49022900,19
46.58268753,8.50327444,19
46.58256475,8.51631982,19
46.58244049,8.52936514,19
46.58231472,8.54241040,19
46.58192846,8.58154582,19
46.56789786,9.55969391,19
46.56765396,9.57273208,19
46.56740857,9.58577013,19
46.56716168,9.59880805,19
46.56691329,9.61184586,19
46.56666341,9.62488355,19
46.56641203,9.63792111,19
46.56615916,9.65095855,19
46.59227380,8.43821285,19
46.59215849,8.45126069,19
46.59204168,8.46430847,19
46.59192337,8.47735620,19
46.59180357,8.49040387,19
46.59155948,8.51649903,19
46.57664622,9.57308703,19
46.57640078,9.58612725,19
46.57615385,9.59916734,19
46.57590542,9.61220732,19
46.57565550,9.62524718,19
46.57540408,9.63828691,19
46.57515117,9.65132652,19
46.57489676,9.66436601,19
46.57464085,9.67740537,19
46.60138248,8.42532903,19
46.60126864,8.43837909,19
46.60115331,8.45142910,19
46.60103648,8.46447906,19
46.60091816,8.47752896,19
46.60079833,8.49057880,19
46.58514601,9.59952675,19
46.58489754,9.61256890,19
46.58464758,9.62561092,19
46.58439612,9.63865283,19
46.58414316,9.65169461,19
46.58388871,9.66473627,19
46.58363276,9.67777780,19
46.61037734,8.42549316,19
46.61026348,8.43854540,19
46.61014813,8.45159758,19
46.61003128,8.46464971,19
46.59363966,9.62597480,19
46.59338815,9.63901887,19
46.59313516,9.65206282,19
46.59288066,9.66510665,19
46.59262467,9.67815036,19
46.59236718,9.69119394,19
46.59210820,9.70423739,19
46.61937219,8.42565735,19
46.61925831,8.43871176,19
46.61914294,8.45176611,19
46.61902607,8.46482041,19
46.60212714,9.65243116,19
46.60187261,9.66547716,19
46.60161657,9.67852304,19
46.60135905,9.69156879,19
46.60110002,9.70461442,19
46.62859033,8.39970826,19
46.62847943,8.41276495,19
46.62836703,8.42582159,19
46.62825314,8.43887817,19
46.61111913,9.65279962,19
46.61086455,9.66584779,19
46.61060847,9.67889584,19
46.61035090,9.69194377,19
46.61009183,9.70499157,19
46.60983127,9.71803924,19
46.60956920,9.73108679,19
46.63758521,8.39986821,19
46.63747429,8.41292708,19
46.63736187,8.42598589,19
46.61934275,9.69231887,19
46.61908364,9.70536884,19
46.61882303,9.71841869,19
46.61856092,9.73146841,19
46.64679746,8.37390598,19
46.64668952,8.38696712,19
46.64658008,8.40002822,19
46.64646914,8.41308925,19
46.64635670,8.42615024,19
46.62833459,9.69269410,19
46.62807544,9.70574624,19
46.62781479,9.71879826,19
46.62755264,9.73185016,19
46.62728899,9.74490192,19
46.65579236,8.37406169,19
46.65568440,8.38712501,19
46.65557494,8.40018827,19
46.65546398,8.41325149,19
46.63706723,9.70612377,19
46.63680654,9.71917797,19
46.63654434,9.73223203,19
46.63628065,9.74528598,19
46.66499872,8.34808630,19
46.66489373,8.36115190,19
46.66478725,8.37421745,19
46.66467927,8.38728294,19
46.66456980,8.40034838,19
46.66445882,8.41341377,19
46.64605902,9.70650142,19
46.64579828,9.71955779,19
46.64553604,9.73261404,19
46.64527231,9.74567016,19
46.67399364,8.34823776,19
46.67388864,8.36130554,19
46.67378214,8.37437326,19
46.67367414,8.38744093,19
46.67356465,8.40050855,19
46.65479002,9.71993775,19
46.65452774,9.73299617,19
46.65426396,9.74605446,19
46.65399869,9.75911263,19
46.68319410,8.32224922,19
46.68309207,8.33531927,19
46.68298855,8.34838927,19
46.68288353,8.36145922,19
46.68277702,8.37452912,19
46.68266900,8.38759897,19
46.68255949,8.40066877,19
46.66378175,9.72031783,19
46.66351942,9.73337843,19
46.66325560,9.74643890,19
46.66299028,9.75949924,19
46.69218904,8.32239642,19
46.69208700,8.33546865,19
46.69198346,8.34854083,19
46.69187842,8.36161296,19
46.67277347,9.72069804,19
46.67251110,9.73376082,19
46.67224724,9.74682346,19
46.67198188,9.75988598,19
46.67171501,9.77294837,19
46.70128453,8.30946922,19
46.70118397,8.32254368,19
46.70108192,8.33561809,19
46.70097836,8.34869244,19
46.70087331,8.36176675,19
46.68150278,9.73414333,19
46.68123887,9.74720815,19
46.68097346,9.76027285,19
46.68070656,9.77333742,19
46.71037855,8.29653766,19
46.71027947,8.30961435,19
46.71017890,8.32269098,19
46.71007682,8.33576757,19
46.70997325,8.34884411,19
46.69049444,9.73452597,19
46.69023049,9.74759297,19
46.68996504,9.76065985,19
46.68969809,9.77372660,19
46.68942964,9.78679321,19
46.68915969,9.79985970,19
46.71937350,8.29668066,19
46.71927441,8.30975952,19
46.71917382,8.32283834,19
46.71907173,8.33591710,19
46.69922210,9.74797792,19
46.69895661,9.76104698,19
46.69868961,9.77411591,19
46.69842112,9.78718470,19
46.69815113,9.80025337,19
46.69787964,9.81332190,19
46.72846605,8.28374260,19
46.72836844,8.29682370,19
46.72826933,8.30990474,19
46.72816873,8.32298574,19
46.72806662,8.33606668,19
46.70821371,9.74836300,19
46.70794817,9.76143424,19
46.70768113,9.77450534,19
46.70741259,9.78757632,19
46.70714255,9.80064717,19
46.70687102,9.81371788,19
46.73746100,8.28388351,19
46.73736338,8.29696678,19
46.73726425,8.31005001,19
46.73716363,8.32313319,19
46.71667264,9.77489491,19
46.71640406,9.78796807,19
46.71613397,9.80104110,19
46.71586239,9.81411399,19
46.74655209,8.27093896,19
46.74645594,8.28402447,19
46.74635830,8.29710992,19
46.74625916,8.31019533,19
46.74615852,8.32328069,19
46.72539551,9.78835995,19
46.72512538,9.80143516,19
46.72485376,9.81451024,19
46.72458063,9.82758518,19
46.72430600,9.84066000,19
46.75554704,8.27107778,19
46.75545088,8.28416547,19
46.75535322,8.29725310,19
46.75525406,8.31034069,19
46.73438696,9.78875196,19
46.73411679,9.80182935,19
46.73384511,9.81490661,19
46.73357194,9.82798374,19
46.73329727,9.84106074,19
46.76454198,8.27121665,19
46.76444580,8.28430651,19
46.76434813,8.29739634,19
46.74310818,9.80222367,19
46.74283646,9.81530312,19
46.74256324,9.82838243,19
46.74228853,9.84146161,19
46.74201231,9.85454066,19
46.77363160,8.25826346,19
46.77353691,8.27135556,19
46.77344072,8.28444761,19
46.77334303,8.29753961,19
46.75209956,9.80261812,19
46.75182780,9.81569975,19
46.75155454,9.82878125,19
46.75127978,9.84186261,19
46.75100351,9.85494385,19
46.75072575,9.86802494,19
46.78281144,8.23221153,19
46.78271974,8.24530590,19
46.78262653,8.25840023,19
46.78253183,8.27149451,19
46.78243562,8.28458875,19
46.78233792,8.29768294,19
46.76081913,9.81609652,19
46.76054582,9.82918020,19
46.76027101,9.84226375,19
46.75999470,9.85534717,19
46.75971689,9.86843045,19
46.79180640,8.23234397,19
46.79171468,8.24544053,19
46.79162146,8.25853705,19
46.79152674,8.27163352,19
46.79143052,8.28472994,19
46.76953710,9.82957929,19
46.76926224,9.84266503,19
46.76898589,9.85575063,19
46.76870803,9.86883610,19
46.80089158,8.21937767,19
46.80080135,8.23247646,19
46.80070961,8.24557521,19
46.80061638,8.25867391,19
46.77852836,9.82997851,19
46.77825346,9.84306643,19
46.77797706,9.85615422,19
46.77769916,9.86924187,19
46.77741976,9.88232939,19
46.80997528,8.20640700,19
46.80988653,8.21950802,19
46.80979628,8.23260900,19
46.80970454,8.24570993,19
46.80961129,8.25881082,19
46.78724467,9.84346797,19
46.78696822,9.85655795,19
46.78669027,9.86964779,19
46.78641083,9.88273749,19
46.78612987,9.89582706,19
46.81905749,8.19343195,19
46.81897023,8.20653520,19
46.81888147,8.21963841,19
46.81879121,8.23274157,19
46.81869945,8.24584469,19
46.79595937,9.85696181,19
46.79568138,9.87005383,19
46.79540189,9.88314573,19
46.79512089,9.89623749,19
46.82805245,8.19355801,19
46.82796518,8.20666345,19
46.82787640,8.21976884,19
46.82778613,8.23287420,19
46.82769435,8.24597951,19
46.80495052,9.85736580,19
46.80467248,9.87046002,19
46.80439293,9.88355410,19
46.80411189,9.89664804,19
46.80382934,9.90974185,19
46.83704740,8.19368411,19
46.83696011,8.20679173,19
46.83687132,8.21989932,19
46.83678103,8.23300686,19
46.81366356,9.87086633,19
46.81338397,9.88396260,19
46.81310288,9.89705874,19
46.81282029,9.91015474,19
46.81253619,9.92325060,19
46.84612814,8.18070039,19
46.84604234,8.19381025,19
46.84595504,8.20692006,19
46.84586623,8.22002984,19
46.82265463,9.87127278,19
46.82237500,9.88437125,19
46.82209386,9.89746957,19
46.82181122,9.91056776,19
46.85512308,8.18082438,19
46.85503727,8.19393643,19
46.85494995,8.20704844,19
46.85486113,8.22016040,19
46.83136602,9.88478002,19
46.83108483,9.89788054,19
46.83080215,9.91098092,19
46.83051796,9.92408116,19
46.86420233,8.16783413,19
46.86411801,8.18094841,19
46.86403218,8.19406265,19
46.86394485,8.20717685,19
46.84035702,9.88518893,19
46.84007579,9.89829164,19
46.83979306,9.91139421,19
46.83950882,9.92449665,19
46.83922308,9.93759894,19
46.87319726,8.16795601,19
46.87311293,8.18107248,19
46.87302709,8.19418892,19
46.87293974,8.20730531,19
46.84906674,9.89870288,19
46.84878396,9.91180765,19
46.84849967,9.92491227,19
46.84821389,9.93801676,19
46.88227503,8.15495922,19
46.88219218,8.16807793,19
46.88210783,8.18119660,19
46.88202198,8.19431522,19
46.88193462,8.20743381,19
46.85805767,9.89911426,19
46.85777484,9.91222121,19
46.85749051,9.92532803,19
46.85720468,9.93843471,19
46.85691734,9.95154126,19
46.89126995,8.15507899,19
46.89118709,8.16819989,19
46.89110273,8.18132075,19
46.89101686,8.19444157,19
46.86676572,9.91263492,19
46.86648134,9.92574393,19
46.86619546,9.93885281,19
46.86590808,9.95196154,19
46.90026486,8.15519880,19
46.90018199,8.16832189,19
46.90009761,8.18144495,19
46.90001172,8.19456796,19
46.87575658,9.91304876,19
46.87547216,9.92615997,19
46.87518623,9.93927104,19
46.90934114,8.14219331,19
46.90925976,8.15531865,19
46.90917687,8.16844394,19
46.90909248,8.18156919,19
46.88474743,9.91346274,19
46.88446296,9.92657614,19
46.88417698,9.93968941,19
46.91833604,8.14231101,19
46.91825464,8.15543853,19
46.91817174,8.16856602,19
46.91808733,8.18169347,19
46.89373827,9.91387686,19
46.89345375,9.92699245,19
46.89316773,9.94010791,19
46.89288020,9.95322324,19
46.92741083,8.12929897,19
46.92733092,8.14242874,19
46.92724951,8.15555846,19
46.92716659,8.16868814,19
46.92708217,8.18181779,19
46.90272909,9.91429111,19
46.90244452,9.92740890,19
46.90215846,9.94052656,19
46.90187088,9.95364408,19
46.93640571,8.12941455,19
46.93632579,8.14254651,19
46.93624437,8.15567843,19
46.93616144,8.16881031,19
46.91171990,9.91470550,19
46.91143529,9.92782549,19
46.91114917,9.94094534,19
46.91086155,9.95406506,19
46.94540058,8.12953016,19
46.94532065,8.14266431,19
46.94523921,8.15579843,19
46.94515627,8.16893251,19
46.92042604,9.92824221,19
46.92013987,9.94136427,19
46.91985220,9.95448618,19
46.95447388,8.11650941,19
46.95439544,8.12964580,19
46.95431549,8.14278216,19
46.95423404,8.15591848,19
46.95415108,8.16905475,19
46.92970148,9.91553469,19
46.92941677,9.92865908,19
46.92913056,9.94178333,19
46.92884284,9.95490744,19
46.92855362,9.96803141,19
46.96346873,8.11662290,19
46.96339028,8.12976149,19
46.96331032,8.14290005,19
46.96322885,8.15603856,19
46.93840749,9.92907608,19
46.93812123,9.94220253,19
46.93783347,9.95532884,19
46.93754420,9.96845501,19
46.93725342,9.98158104,19
46.97254053,8.10359559,19
46.97246357,8.11673642,19
46.97238510,8.12987722,19
46.97230513,8.14301797,19
46.94682408,9.95575037,19
46.94653476,9.96887875,19
46.94624394,9.98200698,19
46.94595161,9.99513507,19
46.98153537,8.10370695,19
46.98145839,8.11684998,19
46.98137992,8.12999298,19
46.98129993,8.14313594,19
46.95581468,9.95617205,19
46.95552531,9.96930262,19
46.95523444,9.98243306,19
46.99060567,8.09067308,19
46.99053019,8.10381835,19
46.99045320,8.11696358,19
46.99037471,8.13010878,19
46.99029471,8.14325394,19
46.96480526,9.95659387,19
46.96451585,9.96972664,19
46.96422493,9.98285927,19
46.96393250,9.99599177,19
46.99960049,8.09078231,19
46.99952500,8.10392979,19
46.99944800,8.11707722,19
46.99936949,8.13022462,19
46.97379583,9.95701582,19
46.97350637,9.97015080,19
46.97321540,9.98328563,19
46.97292292,9.99642033,19
47.00859529,8.09089158,19
47.00851979,8.10404126,19
47.00844278,8.11719090,19
47.00836426,8.13034050,19
47.00828423,8.14349006,19
46.98278638,9.95743791,19
46.98249687,9.97057509,19
46.98220586,9.98371213,19
46.98191333,9.99684903,19
47.01759008,8.09100089,19
47.01751457,8.10415277,19
47.01743754,8.11730461,19
47.01735901,8.13045641,19
46.99177692,9.95786015,19
46.99148736,9.97099953,19
46.99119630,9.98413877,19
46.99090372,9.99727788,19
47.02658486,8.09111023,19
47.02650933,8.10426431,19
47.02643229,8.11741836,19
47.02635375,8.13057237,19
47.00076744,9.95828252,19
47.00047783,9.97142411,19
47.00018672,9.98456555,19
46.99989410,9.99770686,19
47.03565365,8.07806328,19
47.03557961,8.09121960,19
47.03550407,8.10437589,19
47.03542702,8.11753214,19
47.03534847,8.13068836,19
47.00975794,9.95870503,19
47.00946829,9.97184882,19
47.00917713,9.98499247,19
47.00888446,9.99813599,19
47.04464840,8.07817048,19
47.04457435,8.09132902,19
47.04449880,8.10448751,19
47.04442174,8.11764597,19
47.01874843,9.95912768,19
47.01845873,9.97227368,19
47.01816752,9.98541954,19
47.01787481,9.99856525,19
47.05364314,8.07827773,19
47.05356908,8.09143846,19
47.05349351,8.10459916,19
47.05341644,8.11775983,19
47.02744915,9.97269867,19
47.02715790,9.98584674,19
47.02686513,9.99899466,19
47.02657086,10.01214244,19
47.06263786,8.07838500,19
47.06256379,8.09154795,19
47.06248821,8.10471086,19
47.06241112,8.11787373,19
47.03643956,9.97312381,19
47.03614826,9.98627408,19
47.03585544,9.99942421,19
47.03556112,10.01257420,19
47.07163256,8.07849232,19
47.07155848,8.09165747,19
47.07148289,8.10482258,19
47.07140578,8.11798766,19
47.04513860,9.98670156,19
47.04484574,9.99985390,19
47.04455137,10.01300610,19
47.04425549,10.02615816,19
47.08069983,8.06543227,19
47.08062724,8.07859966,19
47.08055315,8.09176702,19
47.08047755,8.10493435,19
47.08040043,8.11810164,19
47.05412892,9.98712918,19
47.05383601,10.00028373,19
47.05354160,10.01343814,19
47.05324567,10.02659241,19
47.08969451,8.06553744,19
47.08962191,8.07870705,19
47.08954781,8.09187662,19
47.08947219,8.10504615,19
47.06311923,9.98755695,19
47.06282627,10.00071371,19
47.06253181,10.01387032,19
47.06223583,10.02702680,19
47.09868917,8.06564265,19
47.09861656,8.07881446,19
47.09854244,8.09198625,19
47.09846682,8.10515799,19
47.07181652,10.00114382,19
47.07152200,10.01430265,19
47.07122598,10.02746133,19
47.07092844,10.04061988,19
47.10775493,8.05257383,19
47.10768382,8.06574789,19
47.10761120,8.07892192,19
47.10753706,8.09209591,19
47.08080674,10.00157408,19
47.08051218,10.01473511,19
47.08021610,10.02789601,19
47.07991852,10.04105676,19
47.11674957,8.05267689,19
47.11667844,8.06585317,19
47.11660581,8.07902941,19
47.11653167,8.09220561,19
47.08979694,10.00200447,19
47.08950233,10.01516772,19
47.08920621,10.02833083,19
47.08890858,10.04149380,19
47.12574419,8.05277999,19
47.12567305,8.06595848,19
47.12560041,8.07913693,19
47.12552625,8.09231535,19
47.09878713,10.00243501,19
47.09849247,10.01560047,19
47.09819630,10.02876579,19
47.09789862,10.04193097,19
47.13473879,8.05288312,19
47.13466764,8.06606382,19
47.13459498,8.07924449,19
47.13452082,8.09242512,19
47.13444514,8.10560571,19
47.10777730,10.00286569,19
47.10748259,10.01603337,19
47.10718637,10.02920090,19
47.10688864,10.04236829,19
47.14366221,8.06616920,19
47.14358954,8.07935208,19
47.14351536,8.09253493,19
47.14343967,8.10571773,19
47.11676745,10.00329651,19
47.11647269,10.01646640,19
47.11617643,10.02963615,19
47.11587865,10.04280575,19
47.15265676,8.06627462,19
47.15258408,8.07945971,19
47.15250989,8.09264477,19
47.15243419,8.10582979,19
47.12575758,10.00372747,19
47.12546278,10.01689958,19
47.12516646,10.03007154,19
47.12486863,10.04324336,19
47.16157860,8.07956738,19
47.16150440,8.09275465,19
47.16142868,8.10594189,19
47.16135145,8.11912909,19
47.13504103,9.99098411,19
47.13474769,10.00415857,19
47.13445284,10.01733289,19
47.13415647,10.03050707,19
47.13385860,10.04368111,19
47.17057310,8.07967508,19
47.17049888,8.09286457,19
47.17042316,8.10605402,19
47.17034592,8.11924344,19
47.14403117,9.99141314,19
47.14373778,10.00458982,19
47.14344288,10.01776635,19
47.14314647,10.03094275,19
47.17956758,8.07978281,19
47.17949335,8.09297452,19
47.17941761,8.10616619,19
47.17934036,8.11935782,19
47.17926160,8.13254942,19
47.15302129,9.99184231,19
47.15272786,10.00502120,19
47.15243290,10.01819996,19
47.15213644,10.03137857,19
47.18848780,8.09308451,19
47.18841205,8.10627840,19
47.18833478,8.11947225,19
47.18825601,8.13266606,19
47.16201139,9.99227162,19
47.16171791,10.00545273,19
47.16142291,10.01863370,19
47.16112640,10.03181453,19
47.19748223,8.09319453,19
47.19740646,8.10639064,19
47.19732919,8.11958671,19
47.19725040,8.13278274,19
47.17100147,9.99270107,19
47.17070794,10.00588440,19
47.17041289,10.01906758,19
47.17011633,10.03225063,19
47.20647664,8.09330459,19
47.20640086,8.10650292,19
47.20632357,8.11970120,19
47.20624477,8.13289946,19
47.20616445,8.14609767,19
47.17999153,9.99313066,19
47.17969795,10.00631621,19
47.17940285,10.01950161,19
47.21539523,8.10661523,19
47.21531793,8.11981574,19
47.21523911,8.13301621,19
47.21515879,8.14621664,19
47.18898157,9.99356039,19
47.18868794,10.00674816,19
47.18839280,10.01993578,19
47.22438959,8.10672759,19
47.22431227,8.11993031,19
47.22423344,8.13313300,19
47.22415310,8.14633566,19
47.19826376,9.98080013,19
47.19797159,9.99399026,19
47.19767791,10.00718025,19
47.19738272,10.02037009,19
47.23330659,8.12004492,19
47.23322775,8.13324984,19
47.23314739,8.14645471,19
47.23306553,8.15965954,19
47.20725380,9.98122792,19
47.20696159,9.99442027,19
47.20666786,10.00761248,19
47.24237823,8.10695240,19
47.24230089,8.12015957,19
47.24222204,8.13336671,19
47.24214167,8.14657380,19
47.24205978,8.15978086,19
47.21653457,9.96846114,19
47.21624382,9.98165585,19
47.21595156,9.99485042,19
47.21565778,10.00804485,19
47.21536250,10.02123914,19
47.25129517,8.12027426,19
47.25121630,8.13348361,19
47.25113592,8.14669293,19
47.25105402,8.15990221,19
47.22552462,9.96888698,19
47.22523382,9.98208392,19
47.22494151,9.99528071,19
47.22464769,10.00847737,19
47.26028942,8.12038898,19
47.26021054,8.13360056,19
47.26013015,8.14681210,19
47.26004824,8.16002360,19
47.25996481,8.17323507,19
47.23451465,9.96931297,19
47.23422380,9.98251213,19
47.23393145,9.99571114,19
47.23363757,10.00891002,19
47.26920476,8.13371754,19
47.26912435,8.14693131,19
47.26904243,8.16014503,19
47.26895899,8.17335872,19
47.24379403,9.95653757,19
47.24350465,9.96973909,19
47.24321376,9.98294048,19
47.24292136,9.99614172,19
47.24262743,10.00934282,19
47.27819896,8.13383457,19
47.27811854,8.14705056,19
47.27803660,8.16026651,19
47.27795315,8.17348242,19
47.25249464,9.97016536,19
47.25220370,9.98336896,19
47.25191124,9.99657243,19
47.28711270,8.14716984,19
47.28703075,8.16038802,19
47.28694729,8.17360616,19
47.28686231,8.18682425,19
47.26177407,9.95738579,19
47.26148460,9.97059176,19
47.26119361,9.98379759,19
47.26090111,9.99700329,19
47.29610684,8.14728917,19
47.29602487,8.16050957,19
47.29594140,8.17372993,19
47.29585640,8.18695026,19
47.27076405,9.95781010,19
47.27047453,9.97101830,19
47.27018350,9.98422636,19
47.26989095,9.99743428,19
47.30510095,8.14740853,19
47.30501898,8.16063116,19
47.30493549,8.17385375,19
47.30485048,8.18707630,19
47.28004207,9.94502400,19
47.27975402,9.95823456,19
47.27946445,9.97144498,19
47.27917337,9.98465527,19
47.27888077,9.99786541,19
47.31409505,8.14752793,19
47.31401306,8.16075279,19
47.31392955,8.17397761,19
47.31384453,8.18720239,19
47.28874395,9.95865915,19
47.28845434,9.97187180,19
47.28816321,9.98508432,19
47.28787056,9.99829669,19
47.32300711,8.16087446,19
47.32292359,8.17410151,19
47.32283856,8.18732851,19
47.29802202,9.94586886,19
47.29773387,9.95908388,19
47.29744421,9.97229876,19
47.29715303,9.98551350,19
47.29686033,9.99872811,19
47.33208316,8.14776685,19
47.33200114,8.16099617,19
47.33191761,8.17422545,19
47.33183256,8.18745468,19
47.33174600,8.20068387,19
47.30701195,9.94629150,19
47.30672376,9.95950875,19
47.30643405,9.97272586,19
47.30614282,9.98594283,19
47.30585008,9.99915966,19
47.34099515,8.16111792,19
47.34091161,8.17434942,19
47.34082654,8.18758089,19
47.34073996,8.20081231,19
47.31628859,9.93349466,19
47.31600187,9.94671428,19
47.31571363,9.95993376,19
47.31542387,9.97315310,19
47.31513260,9.98637230,19
47.34998913,8.16123971,19
47.34990558,8.17447344,19
47.34982050,8.18770714,19
47.34973391,8.20094079,19
47.34964580,8.21417441,19
47.32527853,9.93391535,19
47.32499176,9.94713719,19
47.32470347,9.96035890,19
47.32441367,9.97358047,19
47.35889952,8.17459750,19
47.35881443,8.18783343,19
47.35872782,8.20106932,19
47.35863970,8.21430516,19
47.33426844,9.93433617,19
47.33398162,9.94756025,19
47.33369329,9.96078419,19
47.33340344,9.97400799,19
47.36789344,8.17472160,19
47.36780834,8.18795976,19
47.36772172,8.20119788,19
47.36763358,8.21443595,19
47.36754392,8.22767399,19
47.34354368,9.92153068,19
47.34325833,9.93475713,19
47.34297147,9.94798344,19
47.34268308,9.96120961,19
47.37680222,8.18808613,19
47.37671558,8.20132648,19
47.37662743,8.21456679,19
47.35281747,9.90872073,19
47.35253359,9.92194954,19
47.35224819,9.93517822,19
47.35196128,9.94840676,19
47.35167285,9.96163517,19
47.38579608,8.18821255,19
47.38570943,8.20145513,19
47.38562126,8.21469767,19
47.38553158,8.22794017,19
47.36180740,9.90913749,19
47.36152347,9.92236854,19
47.36123803,9.93559945,19
47.36095107,9.94883023,19
47.39478991,8.18833900,19
47.39470324,8.20158382,19
47.39461506,8.21482860,19
47.39452536,8.22807333,19
47.39443415,8.24131802,19
47.37107976,9.89632097,19
47.37079730,9.90955439,19
47.37051333,9.92278768,19
47.37022784,9.93602082,19
47.36994084,9.94925383,19
47.40369704,8.20171255,19
47.40360884,8.21495956,19
47.40351913,8.22820653,19
47.40342789,8.24145346,19
47.40333514,8.25470034,19
47.38006968,9.89673577,19
47.37978718,9.90997143,19
47.37950317,9.92320695,19
47.37921763,9.93644233,19
47.41260259,8.21509057,19
47.41251286,8.22833978,19
47.41242162,8.24158894,19
47.41232885,8.25483805,19
47.38905958,9.89715071,19
47.38877704,9.91038860,19
47.38849298,9.92362635,19
47.38820739,9.93686397,19
47.42159632,8.21522162,19
47.42150657,8.22847306,19
47.42141531,8.24172446,19
47.42132253,8.25497581,19
47.42122823,8.26822712,19
47.39833053,9.88432552,19
47.39804946,9.89756578,19
47.39776687,9.91080590,19
47.39748276,9.92404589,19
47.39719713,9.93728575,19
47.43059001,8.21535272,19
47.43050026,8.22860640,19
47.43040898,8.24186003,19
47.43031619,8.25511362,19
47.43022187,8.26836716,19
47.40732043,9.88473848,19
47.40703931,9.89798098,19
47.40675667,9.91122335,19
47.40647251,9.92446557,19
47.40618684,9.93770766,19
47.43949391,8.22873977,19
47.43940262,8.24199564,19
47.43930981,8.25525147,19
47.43921548,8.26850725,19
47.41658994,9.87190672,19
47.41631029,9.88515159,19
47.41602913,9.89839632,19
47.41574644,9.91164092,19
47.41546224,9.92488539,19
47.44848755,8.22887319,19
47.44839624,8.24213130,19
47.44830341,8.25538936,19
47.44820907,8.26864739,19
47.42557983,9.87231771,19
47.42530014,9.88556482,19
47.42501892,9.89881180,19
47.42473619,9.91205864,19
47.45748115,8.22900665,19
47.45738983,8.24226700,19
47.45729699,8.25552730,19
47.45720263,8.26878756,19
47.45710675,8.28204778,19
47.43484791,9.85947936,19
47.43456969,9.87272884,19
47.43428995,9.88597819,19
47.43400869,9.89922740,19
47.43372591,9.91247648,19
47.46638339,8.24240274,19
47.46629053,8.25566529,19
47.46619616,8.26892779,19
47.46610026,8.28219024,19
47.46600285,8.29545265,19
47.44411453,9.84663653,19
47.44383778,9.85988839,19
47.44355952,9.87314011,19
47.44327974,9.88639169,19
47.44299843,9.89964315,19
47.47537692,8.24253853,19
47.47528405,8.25580331,19
47.47518966,8.26906806,19
47.47509375,8.28233275,19
47.47499632,8.29559740,19
47.45310442,9.84704345,19
47.45282763,9.86029754,19
47.45254932,9.87355150,19
47.45226949,9.88680533,19
47.48427754,8.25594139,19
47.48418314,8.26920837,19
47.48408721,8.28247531,19
47.48398976,8.29574220,19
47.46236960,9.83419403,19
47.46209429,9.84745049,19
47.46181746,9.86070683,19
47.46153910,9.87396303,19
47.46125923,9.88721910,19
47.49327101,8.25607951,19
47.49317659,8.26934873,19
47.49308064,8.28261791,19
47.49298318,8.29588704,19
47.49288420,8.30915613,19
47.47135949,9.83459896,19
47.47108413,9.84785767,19
47.47080725,9.86111625,19
47.47052885,9.87437470,19
47.50217001,8.26948914,19
47.50207405,8.28276056,19
47.50197657,8.29603194,19
47.50187757,8.30930327,19
47.48062323,9.82174294,19
47.48034935,9.83500403,19
47.48007394,9.84826498,19
47.47979702,9.86152580,19
47.51116340,8.26962959,19
47.51106742,8.28290325,19
47.51096993,8.29617687,19
47.51087091,8.30945045,19
47.51077038,8.32272397,19
47.48961310,9.82214590,19
47.48933917,9.83540923,19
47.48906372,9.84867242,19
47.48878675,9.86193549,19
47.52006077,8.28304599,19
47.51996326,8.29632186,19
47.51986423,8.30959768,19
47.51976367,8.32287345,19
47.49887540,9.80928328,19
47.49860295,9.82254898,19
47.49832897,9.83581456,19
47.49805348,9.84908000,19
47.49777646,9.86234531,19
47.52905409,8.28318878,19
47.52895656,8.29646689,19
47.52885751,8.30974495,19
47.52875694,8.32302297,19
47.52865485,8.33630093,19
47.50813623,9.79641617,19
47.50786526,9.80968425,19
47.50759276,9.82295220,19
47.50731874,9.83622002,19
47.50704320,9.84948770,19
47.53794983,8.29661197,19
47.53785077,8.30989228,19
47.53775018,8.32317254,19
47.53764808,8.33645275,19
47.51712611,9.79681503,19
47.51685509,9.81008535,19
47.51658255,9.82335555,19
47.51630848,9.83662561,19
47.54694308,8.29675709,19
47.54684400,8.31003965,19
47.54674340,8.32332216,19
47.54664127,8.33660462,19
47.52638549,9.78394131,19
47.52611595,9.79721401,19
47.52584489,9.81048658,19
47.52557230,9.82375902,19
47.52529820,9.83703133,19
47.55583720,8.31018707,19
47.55573658,8.32347182,19
47.55563444,8.33675653,19
47.55553077,8.35004119,19
47.53537535,9.78433818,19
47.53510577,9.79761312,19
47.53483466,9.81088794,19
47.53456203,9.82416263,19
47.56483036,8.31033454,19
47.56472973,8.32362154,19
47.56462757,8.33690849,19
47.56452389,8.35019540,19
47.54463329,9.77145785,19
47.54436518,9.78473517,19
47.54409555,9.79801236,19
47.54382440,9.81128943,19
47.54355173,9.82456636,19
47.57372285,8.32377130,19
47.57362068,8.33706051,19
47.57351698,8.35034966,19
47.57341176,8.36363876,19
47.55362313,9.77185272,19
47.55335498,9.78513229,19
47.55308531,9.79841173,19
47.55281411,9.81169105,19
47.58271594,8.32392111,19
47.58261375,8.33721257,19
47.58251004,8.35050397,19
47.58240480,8.36379532,19
47.56314477,9.74568370,19
47.56287962,9.75896577,19
47.56261295,9.77224772,19
47.56234475,9.78552954,19
47.56207504,9.79881123,19
47.56180380,9.81209280,19
47.59170900,8.32407097,19
47.59160680,8.33736468,19
47.59150306,8.35065833,19
47.59139781,8.36395193,19
47.59129103,8.37724549,19
47.57239831,9.73278987,19
47.57213464,9.74607432,19
47.57186945,9.75935865,19
47.57160273,9.77264285,19
47.57133449,9.78592692,19
47.57106473,9.79921086,19
47.60059981,8.33751684,19
47.60049606,8.35081274,19
47.60039079,8.36410860,19
47.60028400,8.37740440,19
47.60017568,8.39070015,19
47.58165038,9.71989155,19
47.58138819,9.73317837,19
47.58112448,9.74646508,19
47.58085924,9.75975165,19
47.58059248,9.77303810,19
47.58032420,9.78632442,19
47.58005440,9.79961062,19
47.60959279,8.33766905,19
47.60948903,8.35096720,19
47.60938374,8.36426531,19
47.60927693,8.37756336,19
47.60916859,8.39086137,19
47.60905873,8.40415932,19
47.60894735,8.41745722,19
47.60883444,8.43075506,19
47.59064027,9.72027792,19
47.59037804,9.73356700,19
47.59011428,9.74685595,19
47.58984901,9.76014478,19
47.58958220,9.77343348,19
47.61848196,8.35112171,19
47.61837666,8.36442207,19
47.61826983,8.37772238,19
47.61816147,8.39102263,19
47.61805160,8.40432284,19
47.61794019,8.41762299,19
47.61782727,8.43092309,19
47.61771282,8.44422313,19
47.60015011,9.69408138,19
47.59989088,9.70737296,19
47.59963013,9.72066442,19
47.59936786,9.73395575,19
47.59910406,9.74724696,19
47.59883874,9.76053804,19
47.62736954,8.36457888,19
47.62726269,8.37788144,19
47.62715432,8.39118395,19
47.62704443,8.40448641,19
47.62693301,8.41778881,19
47.62682006,8.43109116,19
47.62670560,8.44439346,19
47.62658960,8.45769570,19
47.62647209,8.47099789,19
47.62635305,8.48430002,19
47.60914002,9.69446350,19
47.60888075,9.70775734,19
47.60861996,9.72105104,19
47.60835765,9.73434463,19
47.60809381,9.74763809,19
47.63603723,8.40465003,19
47.63592579,8.41795469,19
47.63581283,8.43125930,19
47.63569834,8.44456385,19
47.63558233,8.45786834,19
47.63546480,8.47117278,19
47.63534574,8.48447717,19
47.63522515,8.49778149,19
47.63510304,8.51108576,19
47.61838769,9.68154953,19
47.61812991,9.69484574,19
47.61787060,9.70814183,19
47.61760976,9.72143779,19
47.61734740,9.73473363,19
47.61708352,9.74802935,19
47.64491854,8.41812062,19
47.64480556,8.43142748,19
47.64469106,8.44473429,19
47.64457503,8.45804104,19
47.64445747,8.47134773,19
47.64433839,8.48465437,19
47.64421779,8.49796095,19
47.64409566,8.51126748,19
47.64397201,8.52457394,19
47.64384683,8.53788035,19
47.62763389,9.66863106,19
47.62737759,9.68192964,19
47.62711976,9.69522811,19
47.62686041,9.70852645,19
47.62659953,9.72182467,19
47.65356769,8.45821379,19
47.65345012,8.47152274,19
47.65333102,8.48483163,19
47.65321039,8.49814047,19
47.65308824,8.51144925,19
47.65296457,8.52475797,19
47.65283937,8.53806663,19
47.63738368,9.62910578,19
47.63713191,9.64240698,19
47.63687861,9.65570807,19
47.63662379,9.66900903,19
47.63636745,9.68230987,19
47.63610958,9.69561059,19
47.63585018,9.70891119,19
47.63558926,9.72221166,19
47.66232361,8.48500895,19
47.66220297,8.49832004,19
47.66208080,8.51163108,19
47.66195710,8.52494205,19
47.66183188,8.53825297,19
47.66170514,8.55156383,19
47.64687272,9.60286982,19
47.64662396,9.61617353,19
47.64637367,9.62947711,19
47.64612186,9.64278057,19
47.64586852,9.65608391,19
47.64561366,9.66938713,19
47.64535728,9.68269023,19
47.64509937,9.69599321,19
47.64483993,9.70929606,19
47.67107332,8.51181297,19
47.67094960,8.52512620,19
47.67082436,8.53843937,19
47.67069760,8.55175249,19
47.67056931,8.56506554,19
47.65635578,9.57662449,19
47.65611004,9.58993069,19
47.65586276,9.60323676,19
47.65561396,9.61654272,19
47.65536363,9.62984856,19
47.65511178,9.64315428,19
47.65485840,9.65645987,19
47.65460350,9.66976535,19
47.65434707,9.68307071,19
47.65408912,9.69637594,19
47.67994207,8.52531040,19
47.67981681,8.53862583,19
47.67969002,8.55194121,19
47.67956171,8.56525652,19
47.67943188,8.57857176,19
47.67930051,8.59188695,19
47.66607409,9.53706099,19
47.66583288,9.55036978,19
47.66559014,9.56367847,19
47.66534588,9.57698703,19
47.66510009,9.59029548,19
47.66485277,9.60360382,19
47.66460393,9.61691203,19
47.66435356,9.63022013,19
47.66410167,9.64352810,19
47.66384825,9.65683596,19
47.66359331,9.67014369,19
47.66333684,9.68345131,19
47.68893450,8.52549467,19
47.68880922,8.53881236,19
47.68868242,8.55212999,19
47.68855409,8.56544755,19
47.68842423,8.57876506,19
47.68829284,8.59208250,19
47.68815993,8.60539989,19
47.67554219,9.51079441,19
47.67530399,9.52410570,19
47.67506427,9.53741687,19
47.67482302,9.55072792,19
47.67458024,9.56403887,19
47.67433593,9.57734969,19
47.67409010,9.59066040,19
47.67384275,9.60397099,19
47.67359387,9.61728146,19
47.67334346,9.63059182,19
47.67309153,9.64390205,19
47.69767478,8.55231883,19
47.69754642,8.56563865,19
47.69741654,8.57895842,19
47.69728514,8.59227812,19
47.69715221,8.60559776,19
47.69701775,8.61891734,19
47.68476913,9.49783224,19
47.68453242,9.51114589,19
47.68429418,9.52445944,19
47.68405441,9.53777286,19
47.68381312,9.55108618,19
47.68357030,9.56439938,19
47.68332596,9.57771246,19
47.68308009,9.59102543,19
47.68283269,9.60433828,19
47.68258377,9.61765101,19
47.70653873,8.56582981,19
47.70640883,8.57915184,19
47.70627740,8.59247380,19
47.70614445,8.60579570,19
47.70600997,8.61911754,19
47.70587396,8.63243931,19
47.70573643,8.64576102,19
47.69422828,9.47154940,19
47.69399458,9.48486554,19
47.69375935,9.49818157,19
47.69352260,9.51149748,19
47.69328432,9.52481329,19
47.69304452,9.53812898,19
47.69280319,9.55144455,19
47.69256033,9.56476001,19
47.69231595,9.57807535,19
47.71540108,8.57934532,19
47.71526963,8.59266954,19
47.71513666,8.60599370,19
47.71500215,8.61931780,19
47.71486613,8.63264183,19
47.71472857,8.64596580,19
47.71458949,8.65928970,19
47.71444888,8.67261354,19
47.70413822,9.41861962,19
47.70391059,9.43193846,19
47.70368144,9.44525719,19
47.70345075,9.45857581,19
47.70321855,9.47189432,19
47.70298481,9.48521272,19
47.70274955,9.49853101,19
47.70251276,9.51184919,19
47.70227444,9.52516725,19
47.70203460,9.53848520,19
47.70179323,9.55180304,19
47.72412883,8.60619177,19
47.72399431,8.61951813,19
47.72385826,8.63284442,19
47.72372068,8.64617065,19
47.72358157,8.65949681,19
47.72344094,8.67282291,19
47.72329878,8.68614894,19
47.71335475,9.40563440,19
47.71312861,9.41895561,19
47.71290094,9.43227671,19
47.71267175,9.44559770,19
47.71244103,9.45891859,19
47.71220878,9.47223936,19
47.71197501,9.48556002,19
47.71173970,9.49888057,19
47.71150288,9.51220101,19
47.71126452,9.52552133,19
47.73298642,8.61971852,19
47.73285035,8.63304708,19
47.73271275,8.64637557,19
47.73257362,8.65970399,19
47.73243297,8.67303235,19
47.73229079,8.68636064,19
47.73214708,8.69968886,19
47.73200184,8.71301701,19
47.73185508,8.72634510,19
47.72323457,9.35267329,19
47.72301450,9.36599719,19
47.72279291,9.37932098,19
47.72256978,9.39264466,19
47.72234513,9.40596824,19
47.72211896,9.41929171,19
47.72189125,9.43261507,19
47.72166202,9.44593832,19
47.72143127,9.45926147,19
47.72119898,9.47258450,19
47.72096517,9.48590743,19
47.72072983,9.49923024,19
47.72049296,9.51255294,19
47.74170479,8.64658055,19
47.74156564,8.65991123,19
47.74142496,8.67324185,19
47.74128276,8.68657241,19
47.74113903,8.69990289,19
47.74099377,8.71323331,19
47.74084698,8.72656365,19
47.74069867,8.73989393,19
47.74054883,8.75322414,19
47.74039746,8.76655427,19
47.74024456,8.77988433,19
47.73351361,9.27303908,19
47.73330267,9.28636585,19
47.73309020,9.29969252,19
47.73287621,9.31301909,19
47.73266069,9.32634556,19
47.73244364,9.33967192,19
47.73222506,9.35299819,19
47.73200496,9.36632434,19
47.73178333,9.37965040,19
47.73156017,9.39297634,19
47.73133549,9.40630218,19
47.73110927,9.41962791,19
47.73088153,9.43295354,19
47.73065226,9.44627906,19
47.73042147,9.45960446,19
47.73018915,9.47292976,19
47.75041692,8.67345143,19
47.75027469,8.68678424,19
47.75013094,8.70011699,19
47.74998565,8.71344967,19
47.74983884,8.72678228,19
47.74969051,8.74011482,19
47.74954064,8.75344729,19
47.74938925,8.76677968,19
47.74923633,8.78011201,19
47.74908188,8.79344426,19
47.74892590,8.80677644,19
47.74860936,8.83344057,19
47.74312803,9.23336279,19
47.74292164,9.24669212,19
47.74271373,9.26002136,19
47.74250428,9.27335049,19
47.74229331,9.28667953,19
47.74208081,9.30000846,19
47.74186678,9.31333730,19
47.74165122,9.32666603,19
47.74143414,9.33999466,19
47.74121553,9.35332318,19
47.74099539,9.36665160,19
47.74077372,9.37997992,19
47.74055053,9.39330813,19
47.74032580,9.40663623,19
47.74009955,9.41996423,19
47.75926659,8.68699615,19
47.75912281,8.70033116,19
47.75897751,8.71366610,19
47.75883067,8.72700098,19
47.75868231,8.74033578,19
47.75853242,8.75367051,19
47.75838100,8.76700517,19
47.75822806,8.78033976,19
47.75807358,8.79367428,19
47.75791758,8.80700872,19
47.75776005,8.82034309,19
47.75760099,8.83367738,19
47.75744041,8.84701159,19
47.75727829,8.86034573,19
47.75711465,8.87367979,19
47.75272888,9.19367214,19
47.75252704,9.20700403,19
47.75232367,9.22033582,19
47.75211877,9.23366752,19
47.75191235,9.24699911,19
47.75170440,9.26033061,19
47.75149492,9.27366201,19
47.75128391,9.28699331,19
47.75107137,9.30032451,19
47.75085731,9.31365561,19
47.75064172,9.32698660,19
47.75042460,9.34031750,19
47.75020595,9.35364828,19
47.74998578,9.36697897,19
47.74976408,9.38030955,19
47.74954084,9.39364002,19
47.74931609,9.40697039,19
47.76782247,8.72721974,19
47.76767408,8.74055681,19
47.76752417,8.75389381,19
47.76737272,8.76723073,19
47.76721975,8.78056759,19
47.76706525,8.79390437,19
47.76690923,8.80724107,19
47.76675167,8.82057770,19
47.76659259,8.83391426,19
47.76643198,8.84725074,19
47.76626984,8.86058714,19
47.76610617,8.87392347,19
47.76594097,8.88725972,19
47.76577425,8.90059589,19
47.76560599,8.91393198,19
47.76543621,8.92726799,19
47.76526490,8.94060391,19
47.76509207,8.95393976,19
47.76491770,8.96727552,19
47.76231613,9.15396714,19
47.76211884,9.16730158,19
47.76192002,9.18063592,19
47.76171968,9.19397017,19
47.76151780,9.20730432,19
47.76131440,9.22063838,19
47.76110947,9.23397234,19
47.76090302,9.24730620,19
47.76069503,9.26063997,19
47.76048552,9.27397363,19
47.76027448,9.28730719,19
47.76006191,9.30064066,19
47.75984781,9.31397402,19
47.75963218,9.32730728,19
47.75941503,9.34064044,19
47.75919635,9.35397349,19
47.77636441,8.76745637,19
47.77621141,8.78079549,19
47.77605689,8.79413453,19
47.77590084,8.80747350,19
47.77574325,8.82081240,19
47.77558415,8.83415122,19
47.77542351,8.84748997,19
47.77526134,8.86082864,19
47.77509765,8.87416723,19
47.77493242,8.88750574,19
47.77476567,8.90084417,19
47.77459739,8.91418253,19
47.77442758,8.92752080,19
47.77425625,8.94085900,19
47.77408338,8.95419711,19
47.77390899,8.96753514,19
47.77373307,8.98087308,19
47.77355561,8.99421094,19
47.77337664,9.00754872,19
47.77319613,9.02088641,19
47.77301409,9.03422402,19
47.77283053,9.04756154,19
47.77264544,9.06089897,19
47.77245881,9.07423631,19
47.77227066,9.08757356,19
47.77208099,9.10091073,19
47.77188978,9.11424780,19
47.77169704,9.12758478,19
47.77150278,9.14092167,19
47.77130699,9.15425847,19
47.77110967,9.16759517,19
47.77091082,9.18093178,19
47.77071044,9.19426829,19
47.77050854,9.20760471,19
47.77030510,9.22094104,19
47.77010014,9.23427726,19
47.76989365,9.24761339,19
47.76968563,9.26094942,19
47.76947608,9.27428535,19
47.76926501,9.28762118,19
47.78489241,8.80770601,19
47.78457567,8.83438826,19
47.78441500,8.84772927,19
47.78425281,8.86107020,19
47.78408909,8.87441106,19
47.78392384,8.88775184,19
47.78375706,8.90109254,19
47.78358875,8.91443316,19
47.78341892,8.92777370,19
47.78324755,8.94111416,19
47.78307466,8.95445454,19
47.78290024,8.96779483,19
47.78272429,8.98113505,19
47.78254681,8.99447517,19
47.78236780,9.00781522,19
47.78218726,9.02115517,19
47.78200520,9.03449505,19
47.78182160,9.04783483,19
47.78163648,9.06117453,19
47.78144983,9.07451414,19
47.78126165,9.08785366,19
47.78107194,9.10119308,19
47.78088070,9.11453242,19
47.78068794,9.12787167,19
47.78049364,9.14121083,19
47.78029782,9.15454989,19
47.78010047,9.16788886,19
47.77990158,9.18122774,19
47.77970117,9.19456652,19
47.77949924,9.20790520,19
47.77929577,9.22124379,19
47.77909077,9.23458228,19
47.79291522,8.88799802,19
47.79274842,8.90134099,19
47.79258008,8.91468387,19
47.79241022,8.92802668,19
47.79223882,8.94136941,19
47.79206590,8.95471205,19
47.79189145,8.96805461,19
47.79171547,8.98139709,19
47.79153796,8.99473949,19
47.79135893,9.00808180,19
47.79117836,9.02142402,19
47.79099627,9.03476616,19
47.79081264,9.04810821,19
47.79062749,9.06145018,19
47.79044081,9.07479205,19
47.79025260,9.08813384,19
47.79006286,9.10147553,19
47.78987159,9.11481714,19
47.78967879,9.12815865,19
47.78948446,9.14150008,19
47.78928861,9.15484141,19
47.78909123,9.16818264,19
47.78889231,9.18152378,19
47.80105711,8.95496965,19
47.80088263,8.96831448,19
47.80070662,8.98165922,19
47.80052909,8.99500389,19
47.80035002,9.00834846,19
47.80016942,9.02169296,19
47.79998730,9.03503736,19
47.79980365,9.04838168,19
47.79961846,9.06172591,19
47.79943175,9.07507005,19
47.79924351,9.08841411,19
47.79905374,9.10175807,19
47.79886244,9.11510195,19
47.79866961,9.12844573,19
47.79847525,9.14178942,19
