45.81783016,9.63106221,20
45.81757813,9.64392146,20
45.81706964,9.66963958,20
45.81681318,9.68249845,20
45.81655525,9.69535720,20
45.81629584,9.70821582,20
45.81603496,9.72107431,20
45.81577260,9.73393267,20
45.81550877,9.74679090,20
45.81524347,9.75964900,20
45.81497669,9.77250697,20
45.81470843,9.78536481,20
45.81443870,9.79822252,20
45.81416750,9.81108009,20
45.81389482,9.82393753,20
45.81362066,9.83679483,20
45.81334504,9.84965200,20
45.81306793,9.86250903,20
45.81166029,9.92679213,20
45.81137434,9.93964833,20
45.81108691,9.95250439,20
45.82781527,9.57997496,20
45.82756909,9.59283681,20
45.82732144,9.60569854,20
45.82707232,9.61856014,20
45.82682172,9.63142162,20
45.82656964,9.64428298,20
45.82631609,9.65714422,20
45.82606107,9.67000532,20
45.82580456,9.68286631,20
45.82554659,9.69572716,20
45.82528714,9.70858789,20
45.82502621,9.72144849,20
45.82476381,9.73430896,20
45.82449994,9.74716930,20
45.82423459,9.76002951,20
45.82396776,9.77288959,20
45.82369946,9.78574954,20
45.82342969,9.79860935,20
45.82315844,9.81146903,20
45.82288571,9.82432858,20
45.82261151,9.83718800,20
45.82233584,9.85004727,20
45.82205869,9.86290642,20
45.82178006,9.87576542,20
45.82149996,9.88862429,20
45.82121839,9.90148302,20
45.82093534,9.91434161,20
45.82065081,9.92720006,20
45.82036481,9.94005837,20
45.82007734,9.95291653,20
45.81978838,9.96577456,20
45.83729501,9.55459778,20
45.83705175,9.56746198,20
45.83680701,9.58032606,20
45.83656079,9.59319002,20
45.83631310,9.60605386,20
45.83606393,9.61891757,20
45.83581329,9.63178116,20
45.83556117,9.64464463,20
45.83530758,9.65750797,20
45.83505251,9.67037119,20
45.83479596,9.68323428,20
45.83453794,9.69609725,20
45.83427845,9.70896009,20
45.83401748,9.72182280,20
45.83375504,9.73468538,20
45.83349112,9.74754783,20
45.83322572,9.76041015,20
45.83295885,9.77327234,20
45.83269051,9.78613440,20
45.83242069,9.79899632,20
45.83214939,9.81185811,20
45.83187662,9.82471977,20
45.83160237,9.83758130,20
45.83132665,9.85044268,20
45.83104945,9.86330394,20
45.83077078,9.87616505,20
45.83049063,9.88902603,20
45.83020901,9.90188687,20
45.82992591,9.91474757,20
45.82964134,9.92760813,20
45.82935529,9.94046854,20
45.82906777,9.95332882,20
45.82877877,9.96618896,20
45.82848830,9.97904895,20
45.82819635,9.99190880,20
45.82790292,10.00476851,20
45.82760802,10.01762807,20
45.82731165,10.03048748,20
45.82701380,10.04334675,20
45.82671447,10.05620587,20
45.82641367,10.06906485,20
45.84771571,9.47774444,20
45.84748125,9.49061145,20
45.84724532,9.50347835,20
45.84700792,9.51634514,20
45.84676904,9.52921180,20
45.84652868,9.54207835,20
45.84628685,9.55494478,20
45.84604354,9.56781109,20
45.84579876,9.58067728,20
45.84555250,9.59354335,20
45.84530476,9.60640930,20
45.84505556,9.61927513,20
45.84480487,9.63214083,20
45.84455271,9.64500641,20
45.84429907,9.65787186,20
45.84404396,9.67073719,20
45.84378738,9.68360239,20
45.84352931,9.69646747,20
45.84326978,9.70933242,20
45.84300876,9.72219724,20
45.84274628,9.73506193,20
45.84248231,9.74792649,20
45.84221687,9.76079092,20
45.84194996,9.77365522,20
45.84168157,9.78651939,20
45.84141170,9.79938343,20
45.84114036,9.81224733,20
45.84059325,9.83797473,20
45.84031748,9.85083823,20
45.84004024,9.86370159,20
45.83976152,9.87656482,20
45.83948132,9.88942790,20
45.83919965,9.90229085,20
45.83891651,9.91515366,20
45.83863189,9.92801633,20
45.83834579,9.94087886,20
45.83805822,9.95374125,20
45.83776917,9.96660350,20
45.83747865,9.97946560,20
45.83718665,9.99232756,20
45.83689318,10.00518938,20
45.83659823,10.01805105,20
45.83630180,10.03091258,20
45.83600390,10.04377396,20
45.83570453,10.05663519,20
45.83540367,10.06949628,20
45.83510135,10.08235721,20
45.83479755,10.09521800,20
45.83418551,10.12093912,20
45.85740242,9.43947081,20
45.85717236,9.45234028,20
45.85694081,9.46520964,20
45.85670779,9.47807889,20
45.85647330,9.49094801,20
45.85623733,9.50381703,20
45.85599989,9.51668592,20
45.85576096,9.52955470,20
45.85552057,9.54242336,20
45.85527870,9.55529190,20
45.85503535,9.56816032,20
45.85479052,9.58102862,20
45.85454422,9.59389680,20
45.85429645,9.60676486,20
45.85404720,9.61963280,20
45.85379647,9.63250061,20
45.85277880,9.68397062,20
45.85200006,9.72257180,20
45.84875227,9.87696472,20
45.84847203,9.88982992,20
45.84819031,9.90269498,20
45.84790712,9.91555990,20
45.84704868,9.95415383,20
45.84675959,9.96701818,20
45.84646901,9.97988240,20
45.84617697,9.99274647,20
45.84588344,10.00561040,20
45.84558844,10.01847418,20
45.84529197,10.03133782,20
45.84499402,10.04420131,20
45.84469459,10.05706466,20
45.84439369,10.06992785,20
45.84409131,10.08279090,20
45.84378746,10.09565380,20
45.84348213,10.10851655,20
45.84317533,10.12137914,20
45.84286705,10.13424159,20
45.84255729,10.14710388,20
45.84224606,10.15996602,20
45.84193335,10.17282801,20
45.86639464,9.43979904,20
45.86616454,9.45267063,20
45.86593295,9.46554210,20
45.86569990,9.47841345,20
45.86546536,9.49128469,20
45.86522935,9.50415581,20
45.86499187,9.51702682,20
45.86475291,9.52989771,20
45.86451247,9.54276848,20
45.86427056,9.55563914,20
45.86402717,9.56850967,20
45.86378230,9.58138009,20
45.85545939,9.98029934,20
45.85516730,9.99316552,20
45.85487372,10.00603156,20
45.85457868,10.01889746,20
45.85428215,10.03176321,20
45.85398415,10.04462881,20
45.85368467,10.05749427,20
45.85338372,10.07035958,20
45.85308129,10.08322473,20
45.85277739,10.09608975,20
45.85247201,10.10895461,20
45.85216515,10.12181932,20
45.85185682,10.13468387,20
45.85154701,10.14754828,20
45.85123573,10.16041253,20
45.85092297,10.17327663,20
45.85060873,10.18614058,20
45.85029302,10.19900437,20
45.84997583,10.21186800,20
45.87629269,9.38863148,20
45.87606845,9.40150562,20
45.87584273,9.41437965,20
45.87561554,9.42725357,20
45.87538687,9.44012738,20
45.87515673,9.45300108,20
45.87492511,9.46587466,20
45.87469201,9.47874813,20
45.87445744,9.49162148,20
45.87422139,9.50449472,20
45.87398387,9.51736784,20
45.87374486,9.53024084,20
45.87350439,9.54311373,20
45.87326243,9.55598650,20
45.86356892,10.01932088,20
45.86237377,10.07079145,20
45.86207129,10.08365872,20
45.86176733,10.09652584,20
45.86146190,10.10939282,20
45.86115499,10.12225964,20
45.86084661,10.13512631,20
45.86053675,10.14799283,20
45.86022541,10.16085920,20
45.85991260,10.17372541,20
45.85959831,10.18659147,20
45.85928254,10.19945737,20
45.85896530,10.21232312,20
45.85864658,10.22518871,20
45.85832639,10.23805414,20
45.88550789,9.37607511,20
45.88528509,9.38895148,20
45.88506081,9.40182773,20
45.88483506,9.41470388,20
45.88460783,9.42757992,20
45.88437912,9.44045584,20
45.88414894,9.45333165,20
45.88391728,9.46620734,20
45.88368414,9.47908293,20
45.87075729,10.09696209,20
45.87045180,10.10983118,20
45.87014484,10.12270011,20
45.86983641,10.13556890,20
45.86952649,10.14843753,20
45.86921510,10.16130601,20
45.86890224,10.17417434,20
45.86858790,10.18704251,20
45.86827208,10.19991053,20
45.86795478,10.21277839,20
45.86763601,10.22564609,20
45.86731576,10.23851364,20
45.86699404,10.25138103,20
45.86667084,10.26424826,20
45.86634616,10.27711533,20
45.86602001,10.28998224,20
45.86569238,10.30284899,20
45.89515999,9.33775701,20
45.89494158,9.35063582,20
45.89472170,9.36351451,20
45.89450034,9.37639311,20
45.89427750,9.38927159,20
45.89405318,9.40214996,20
45.89382739,9.41502822,20
45.89360012,9.42790637,20
45.89337138,9.44078440,20
45.89314116,9.45366233,20
45.87789190,10.17462342,20
45.87757750,10.18749371,20
45.87726163,10.20036384,20
45.87694428,10.21323381,20
45.87662545,10.22610363,20
45.87630515,10.23897329,20
45.87598337,10.25184280,20
45.87566012,10.26471214,20
45.87533539,10.27758133,20
45.87500918,10.29045035,20
45.87468149,10.30331922,20
45.87435233,10.31618792,20
45.90415256,9.33806877,20
45.90393412,9.35094969,20
45.90371420,9.36383050,20
45.90349280,9.37671121,20
45.90326992,9.38959181,20
45.90304557,9.40247229,20
45.90281974,9.41535267,20
45.90259244,9.42823293,20
45.90236365,9.44111308,20
45.88625119,10.20081731,20
45.88593379,10.21368940,20
45.88561491,10.22656133,20
45.88529456,10.23943311,20
45.88497272,10.25230473,20
45.88464941,10.26517619,20
45.88432463,10.27804749,20
45.88399836,10.29091863,20
45.88367062,10.30378961,20
45.88334140,10.31666042,20
45.88301071,10.32953108,20
45.88267854,10.34240157,20
45.88234489,10.35527190,20
45.88200976,10.36814206,20
45.91400430,9.28684742,20
45.91379173,9.29973088,20
45.91357768,9.31261424,20
45.91336215,9.32549749,20
45.91314515,9.33838063,20
45.91292667,9.35126367,20
45.91270671,9.36414660,20
45.91248527,9.37702942,20
45.91226236,9.38991214,20
45.91203797,9.40279474,20
45.89428397,10.23989308,20
45.89396208,10.25276681,20
45.89363872,10.26564039,20
45.89331388,10.27851380,20
45.89298756,10.29138706,20
45.89265976,10.30426016,20
45.89233049,10.31713309,20
45.89199974,10.33000586,20
45.89166751,10.34287847,20
45.89133381,10.35575091,20
45.89099863,10.36862319,20
45.89066197,10.38149531,20
45.89032383,10.39436726,20
45.88998422,10.40723904,20
45.88964313,10.42011065,20
45.92320818,9.27426524,20
45.92299705,9.28715093,20
45.92278444,9.30003650,20
45.92257035,9.31292198,20
45.92235479,9.32580735,20
45.92213775,9.33869261,20
45.92191923,9.35157776,20
45.92169923,9.36446281,20
45.92147776,9.37734775,20
45.90164892,10.30473087,20
45.90131959,10.31760592,20
45.90098878,10.33048080,20
45.90065650,10.34335553,20
45.90032274,10.35623009,20
45.89998750,10.36910449,20
45.89965079,10.38197872,20
45.89931259,10.39485278,20
45.89897292,10.40772668,20
45.89863178,10.42060041,20
45.89828915,10.43347397,20
45.89794505,10.44634737,20
45.93241065,9.26167883,20
45.93220097,9.27456674,20
45.93198980,9.28745454,20
45.93177716,9.30034223,20
45.93156303,9.31322982,20
45.93134744,9.32611731,20
45.93113036,9.33900469,20
45.93091180,9.35189196,20
45.91030870,10.31807891,20
45.90997784,10.33095591,20
45.90964550,10.34383275,20
45.90931168,10.35670943,20
45.90897639,10.36958594,20
45.90863962,10.38246229,20
45.90830137,10.39533847,20
45.90796164,10.40821449,20
45.90762044,10.42109034,20
45.90727775,10.43396602,20
45.90693359,10.44684153,20
45.90658795,10.45971687,20
45.94161174,9.24908819,20
45.94140349,9.26197831,20
45.94119377,9.27486833,20
45.94098257,9.28775825,20
45.94076989,9.30064807,20
45.94055573,9.31353777,20
45.94034009,9.32642738,20
45.94012298,9.33931687,20
45.91830064,10.35718894,20
45.91796529,10.37006757,20
45.91762846,10.38294603,20
45.91729015,10.39582433,20
45.91695037,10.40870247,20
45.91660911,10.42158043,20
45.91626637,10.43445823,20
45.91592215,10.44733586,20
45.91557645,10.46021332,20
45.91522928,10.47309061,20
45.91488062,10.48596773,20
45.91453049,10.49884467,20
45.95101675,9.22360086,20
45.95081142,9.23649331,20
45.95060462,9.24938565,20
45.95039634,9.26227789,20
45.95018658,9.27517003,20
45.94997535,9.28806207,20
45.94976263,9.30095400,20
45.92559779,10.42207070,20
45.92525499,10.43495061,20
45.92491072,10.44783036,20
45.92456496,10.46070994,20
45.92421773,10.47358935,20
45.92386902,10.48646858,20
45.92351883,10.49934765,20
45.92316716,10.51222654,20
45.96000971,9.22389419,20
45.95980436,9.23678875,20
45.95959752,9.24968322,20
45.95938920,9.26257758,20
45.95917941,9.27547184,20
45.95896814,9.28836599,20
45.93424363,10.43544316,20
45.93389929,10.44832503,20
45.93355348,10.46120673,20
45.93320619,10.47408826,20
45.93285742,10.48696961,20
45.93250717,10.49985080,20
45.93215545,10.51273181,20
45.93180224,10.52561265,20
45.96980948,9.17259987,20
45.96940904,9.19839394,20
45.96920661,9.21129083,20
45.96900269,9.22418761,20
45.96879730,9.23708430,20
45.96859043,9.24998088,20
45.96838208,9.26287737,20
45.96817225,9.27577375,20
45.94254201,10.46170369,20
45.94219467,10.47458734,20
45.94184584,10.48747081,20
45.94149553,10.50035412,20
45.94114374,10.51323725,20
45.94079048,10.52612021,20
45.97919719,9.14708622,20
45.97900063,9.15998561,20
45.97880260,9.17288492,20
45.97860309,9.18578412,20
45.97840210,9.19868323,20
45.97819963,9.21158223,20
45.97799568,9.22448114,20
45.97779025,9.23737995,20
45.97758334,9.25027865,20
45.95048390,10.50085761,20
45.95013205,10.51374286,20
45.94977873,10.52662794,20
45.94942393,10.53951285,20
45.98838549,9.13446550,20
45.98819039,9.14736711,20
45.98799380,9.16026863,20
45.98779573,9.17317006,20
45.98759619,9.18607138,20
45.98739516,9.19897261,20
45.98719266,9.21187374,20
45.98698868,9.22477477,20
45.98678321,9.23767570,20
45.98657627,9.25057652,20
45.95947228,10.50136127,20
45.95912037,10.51424865,20
45.95876699,10.52713585,20
45.95841213,10.54002288,20
45.99776458,9.10893660,20
45.99757240,9.12184053,20
45.99737874,9.13474437,20
45.99718360,9.14764811,20
45.99698698,9.16055175,20
45.99678888,9.17345530,20
45.99658930,9.18635874,20
45.99638824,9.19926209,20
45.99618570,9.21216535,20
45.99598169,9.22506850,20
45.96846067,10.50186511,20
45.96810870,10.51475461,20
45.96775526,10.52764393,20
45.96740034,10.54053308,20
45.96704394,10.55342206,20
46.00694863,9.09630518,20
46.00675790,9.10921133,20
46.00656568,9.12211738,20
46.00637199,9.13502334,20
46.00617682,9.14792920,20
46.00598017,9.16083496,20
46.00578203,9.17374063,20
45.97709704,10.51526074,20
45.97674354,10.52815219,20
45.97638856,10.54104346,20
45.97603210,10.55393456,20
45.97567416,10.56682548,20
46.01594199,9.09657787,20
46.01575123,9.10948614,20
46.01555898,9.12239432,20
46.01536526,9.13530240,20
46.01517005,9.14821038,20
46.01497336,9.16111827,20
45.98573183,10.52866061,20
45.98537679,10.54155401,20
45.98502027,10.55444723,20
45.98466227,10.56734028,20
46.02512468,9.08394017,20
46.02493536,9.09685065,20
46.02474457,9.10976105,20
46.02455229,9.12267135,20
46.02435853,9.13558156,20
45.99472014,10.52916922,20
45.99436503,10.54206474,20
45.99400845,10.55496008,20
45.99365039,10.56785525,20
45.99329085,10.58075025,20
46.03411809,9.08421092,20
46.03392874,9.09712353,20
46.03373791,9.11003605,20
46.03354560,9.12294848,20
46.00335329,10.54257564,20
46.00299665,10.55547311,20
46.00263852,10.56837041,20
46.00227892,10.58126753,20
46.00191784,10.59416447,20
46.04329942,9.07156693,20
46.04311152,9.08448176,20
46.04292213,9.09739650,20
46.04273127,9.11031115,20
46.04253893,9.12322570,20
46.01234155,10.54308671,20
46.01198485,10.55598631,20
46.01162667,10.56888573,20
46.01126700,10.58178498,20
46.01090586,10.59468405,20
46.01054324,10.60758294,20
46.01017913,10.62048165,20
46.05247933,9.05891869,20
46.05229288,9.07183574,20
46.05210495,9.08475270,20
46.05191553,9.09766957,20
46.05172464,9.11058634,20
46.02061482,10.56940124,20
46.02025509,10.58230261,20
46.01989389,10.59520381,20
46.01953121,10.60810482,20
46.01916704,10.62100566,20
46.01880140,10.63390632,20
46.06147283,9.05918547,20
46.06128635,9.07210464,20
46.06109839,9.08502373,20
46.06090894,9.09794272,20
46.02924319,10.58282042,20
46.02888193,10.59572374,20
46.02851918,10.60862688,20
46.02815496,10.62152985,20
46.02778925,10.63443264,20
46.02742206,10.64733525,20
46.07065138,9.04653093,20
46.07046634,9.05945233,20
46.07027983,9.07237364,20
46.07009183,9.08529485,20
46.06990236,9.09821597,20
46.03786998,10.59624385,20
46.03750717,10.60914912,20
46.03714288,10.62205422,20
46.03677711,10.63495914,20
46.03640986,10.64786387,20
46.07982851,9.03387215,20
46.07964493,9.04679576,20
46.07945986,9.05971929,20
46.07927332,9.07264272,20
46.07908529,9.08556607,20
46.04649517,10.60967154,20
46.04613082,10.62257877,20
46.04576499,10.63548581,20
46.04539768,10.64839268,20
46.04502888,10.66129936,20
46.08900423,9.02120910,20
46.08882210,9.03413494,20
46.08863849,9.04706068,20
46.08845339,9.05998634,20
46.08826682,9.07291190,20
46.08807876,9.08583737,20
46.05511876,10.62310349,20
46.05475287,10.63601267,20
46.05438549,10.64892166,20
46.05401664,10.66183047,20
46.09817854,9.00854179,20
46.09799786,9.02146985,20
46.09781570,9.03439781,20
46.09763205,9.04732569,20
46.09744693,9.06025347,20
46.09726032,9.07318117,20
46.06410671,10.62362839,20
46.06374076,10.63653970,20
46.06337332,10.64945082,20
46.06300440,10.66236177,20
46.06263401,10.67527253,20
46.10717220,9.00880050,20
46.10699149,9.02173068,20
46.10680930,9.03466078,20
46.10662563,9.04759079,20
46.10644047,9.06052070,20
46.07272865,10.63706691,20
46.07236116,10.64998017,20
46.07199218,10.66289325,20
46.07162172,10.67580614,20
46.11634513,8.99612689,20
46.11616588,9.00905929,20
46.11598514,9.02199161,20
46.11580291,9.03492384,20
46.11561921,9.04785598,20
46.08171656,10.63759431,20
46.08134900,10.65050969,20
46.08097996,10.66342490,20
46.08060944,10.67633993,20
46.08023743,10.68925477,20
46.07986394,10.70216943,20
46.12551665,8.98344901,20
46.12533884,8.99638364,20
46.12515956,9.00931817,20
46.12497879,9.02225262,20
46.12479654,9.03518698,20
46.09033685,10.65103940,20
46.08996775,10.66395674,20
46.08959716,10.67687390,20
46.08922509,10.68979087,20
46.08885154,10.70270767,20
46.13451040,8.98370371,20
46.13433256,8.99664047,20
46.13415325,9.00957714,20
46.13397245,9.02251373,20
46.13379016,9.03545022,20
46.09932471,10.65156929,20
46.09895554,10.66448876,20
46.09858489,10.67740805,20
46.09821276,10.69032716,20
46.09783915,10.70324609,20
46.09746405,10.71616483,20
46.14368053,8.97101952,20
46.14350415,8.98395850,20
46.14332629,8.99689740,20
46.14314694,9.00983620,20
46.14296611,9.02277492,20
46.10757263,10.67794238,20
46.10720044,10.69086363,20
46.10682676,10.70378469,20
46.10645161,10.71670557,20
46.15284925,8.95833107,20
46.15267432,8.97127227,20
46.15249791,8.98421338,20
46.15232002,8.99715441,20
46.15214064,9.01009535,20
46.11656038,10.67847690,20
46.11618813,10.69140028,20
46.11581439,10.70432347,20
46.11543916,10.71724649,20
46.11506246,10.73016931,20
46.16184307,8.95858176,20
46.16166812,8.97152509,20
46.16149168,8.98446834,20
46.16131376,8.99741151,20
46.16113435,9.01035458,20
46.12517582,10.69193711,20
46.12480201,10.70486244,20
46.12442673,10.71778759,20
46.12404996,10.73071255,20
46.17101041,8.94588698,20
46.17083691,8.95883254,20
46.17066192,8.97177801,20
46.17048546,8.98472339,20
46.13416351,10.69247412,20
46.13378965,10.70540159,20
46.13341430,10.71832887,20
46.13303747,10.73125597,20
46.18000428,8.94613571,20
46.17983075,8.95908340,20
46.17965573,8.97203101,20
46.17947924,8.98497853,20
46.14277729,10.70594092,20
46.14240188,10.71887035,20
46.14202498,10.73179958,20
46.14164660,10.74472863,20
46.18899815,8.94638452,20
46.18882459,8.95933435,20
46.18864955,8.97228409,20
46.18847302,8.98523375,20
46.15176493,10.70648044,20
46.15138946,10.71941200,20
46.15101250,10.73234337,20
46.15063406,10.74527456,20
46.15025413,10.75820557,20
46.19799203,8.94663341,20
46.19781844,8.95958538,20
46.19764337,8.97253726,20
46.19746681,8.98548906,20
46.16037705,10.71995384,20
46.16000003,10.73288735,20
46.15962152,10.74582068,20
46.15924153,10.75875382,20
46.15886005,10.77168678,20
46.20715804,8.93392820,20
46.20698591,8.94688239,20
46.20681230,8.95983650,20
46.20663720,8.97279052,20
46.20646061,8.98574446,20
46.16936464,10.72049586,20
46.16898756,10.73343151,20
46.16860899,10.74636698,20
46.16822893,10.75930226,20
46.16784739,10.77223735,20
46.21632264,8.92121871,20
46.21615196,8.93417512,20
46.21597980,8.94713145,20
46.21580616,8.96008770,20
46.21563103,8.97304387,20
46.17797509,10.73397586,20
46.17759646,10.74691346,20
46.17721634,10.75985088,20
46.17683474,10.77278812,20
46.17645165,10.78572517,20
46.22548581,8.90850493,20
46.22531659,8.92146357,20
46.22514589,8.93442213,20
46.22497370,8.94738060,20
46.22480002,8.96033899,20
46.22462486,8.97329729,20
46.18658394,10.74746013,20
46.18620376,10.76039970,20
46.18582209,10.77333907,20
46.18543894,10.78627826,20
46.18505430,10.79921726,20
46.23447979,8.90874774,20
46.23431054,8.92170852,20
46.23413981,8.93466922,20
46.23396760,8.94762984,20
46.19557142,10.74800699,20
46.19519117,10.76094869,20
46.19480944,10.77389021,20
46.19442623,10.78683154,20
46.19404152,10.79977268,20
46.24364157,8.89602763,20
46.24347378,8.90899063,20
46.24330450,8.92195356,20
46.24313374,8.93491640,20
46.24296150,8.94787915,20
46.20417860,10.76149788,20
46.20379680,10.77444153,20
46.20341352,10.78738500,20
46.20302875,10.80032829,20
46.20264250,10.81327138,20
46.25280192,8.88330323,20
46.25263559,8.89626846,20
46.25246777,8.90923361,20
46.25229847,8.92219867,20
46.25212768,8.93516366,20
46.21278416,10.77499305,20
46.21240082,10.78793866,20
46.21201599,10.80088408,20
46.21162967,10.81382932,20
46.26179597,8.88354200,20
46.26162961,8.89650937,20
46.26146177,8.90947666,20
46.26129244,8.92244387,20
46.26112162,8.93541100,20
46.22177153,10.77554474,20
46.22138812,10.78849250,20
46.22100323,10.80144007,20
46.22061684,10.81438745,20
46.27079002,8.88378085,20
46.27062364,8.89675037,20
46.27045577,8.90971980,20
46.27028641,8.92268915,20
46.23075890,10.77609663,20
46.23037543,10.78904653,20
46.22999047,10.80199624,20
46.22960402,10.81494577,20
46.27994901,8.87104804,20
46.27978408,8.88401978,20
46.27961767,8.89699144,20
46.27944977,8.90996302,20
46.27928038,8.92293452,20
46.23974627,10.77664870,20
46.23936274,10.78960075,20
46.23897771,10.80255261,20
46.23859120,10.81550428,20
46.23820320,10.82845576,20
46.28894310,8.87128490,20
46.28877815,8.88425879,20
46.28861171,8.89723260,20
46.28844378,8.91020633,20
46.24835005,10.79015515,20
46.24796496,10.80310916,20
46.24757838,10.81606297,20
46.24719032,10.82901660,20
46.29793719,8.87152185,20
46.29777221,8.88449788,20
46.29760574,8.89747384,20
46.29743779,8.91044971,20
46.25733737,10.79070974,20
46.25695221,10.80366589,20
46.25656557,10.81662186,20
46.25617744,10.82957763,20
46.25578783,10.84253321,20
46.30693129,8.87175888,20
46.30676628,8.88473706,20
46.30659978,8.89771516,20
46.30643180,8.91069318,20
46.26632468,10.79126452,20
46.26593947,10.80422282,20
46.26555276,10.81718093,20
46.26516457,10.83013885,20
46.26477489,10.84309658,20
46.31608893,8.85901557,20
46.31592538,8.87199598,20
46.31576035,8.88497631,20
46.31559383,8.89795656,20
46.27492672,10.80477994,20
46.27453995,10.81774019,20
46.27415169,10.83070026,20
46.27376195,10.84366013,20
46.32508306,8.85925061,20
46.32491948,8.87223317,20
46.32475442,8.88521565,20
46.32458787,8.89819804,20
46.28391398,10.80533724,20
46.28352715,10.81829964,20
46.28313882,10.83126186,20
46.28274901,10.84422388,20
46.28235771,10.85718572,20
46.33423930,8.84650094,20
46.33407719,8.85948573,20
46.33391359,8.87247044,20
46.33374850,8.88545506,20
46.33358192,8.89843961,20
46.29251434,10.81885928,20
46.29212595,10.83182365,20
46.29173608,10.84478782,20
46.29134471,10.85775180,20
46.34323346,8.84673399,20
46.34307132,8.85972093,20
46.34290769,8.87270778,20
46.34274257,8.88569456,20
46.30150154,10.81941911,20
46.30111309,10.83238563,20
46.30072315,10.84535195,20
46.30033171,10.85831808,20
46.35222762,8.84696711,20
46.35206545,8.85995620,20
46.35190180,8.87294521,20
46.35173665,8.88593414,20
46.31048874,10.81997913,20
46.31010022,10.83294780,20
46.30971021,10.84591627,20
46.30931872,10.85888455,20
46.30892573,10.87185265,20
46.36122178,8.84720032,20
46.36105959,8.86019156,20
46.36089590,8.87318272,20
46.36073073,8.88617380,20
46.31908736,10.83351015,20
46.31869728,10.84648078,20
46.31830572,10.85945121,20
46.31791267,10.87242146,20
46.37021594,8.84743360,20
46.37005372,8.86042699,20
46.36989001,8.87342030,20
46.36972481,8.88641354,20
46.32807449,10.83407270,20
46.32768436,10.84704548,20
46.32729273,10.86001807,20
46.32689961,10.87299046,20
46.37904786,8.86066251,20
46.37888412,8.87365797,20
46.37871889,8.88665336,20
46.33706163,10.83463544,20
46.33667143,10.84761037,20
46.33627974,10.86058511,20
46.33588656,10.87355966,20
46.38804199,8.86089810,20
46.38787823,8.87389572,20
46.38771297,8.88689326,20
46.38754622,8.89989071,20
46.34604877,10.83519837,20
46.34565850,10.84817545,20
46.34526674,10.86115234,20
46.34487350,10.87412905,20
46.39719843,8.84813392,20
46.39703613,8.86113378,20
46.39687234,8.87413355,20
46.39670705,8.88713324,20
46.39654028,8.90013285,20
46.35464557,10.84874072,20
46.35425375,10.86171977,20
46.35386044,10.87469863,20
46.40619260,8.84836752,20
46.40603027,8.86136953,20
46.40586645,8.87437145,20
46.40570113,8.88737330,20
46.36324076,10.86228739,20
46.36284738,10.87526840,20
46.41518676,8.84860120,20
46.41502440,8.86160536,20
46.41486055,8.87460944,20
46.41469522,8.88761344,20
46.37222777,10.86285519,20
46.37183433,10.87583836,20
46.42434182,8.83582856,20
46.42418092,8.84883495,20
46.42401854,8.86184127,20
46.42385466,8.87484751,20
46.42368930,8.88785367,20
46.38121478,10.86342319,20
46.38082127,10.87640852,20
46.43333600,8.83606023,20
46.43317509,8.84906879,20
46.43301267,8.86207726,20
46.43284877,8.87508566,20
46.43268338,8.88809397,20
46.39020178,10.86399138,20
46.38980821,10.87697886,20
46.44233019,8.83629199,20
46.44216925,8.84930270,20
46.44200681,8.86231333,20
46.44184288,8.87532389,20
46.44167746,8.88833436,20
46.39918879,10.86455976,20
46.39879515,10.87754940,20
46.45116341,8.84953669,20
46.45100094,8.86254948,20
46.45083699,8.87556219,20
46.45067154,8.88857483,20
46.40817579,10.86512834,20
46.40778209,10.87812013,20
46.46031857,8.83675573,20
46.46015757,8.84977076,20
46.45999507,8.86278571,20
46.45983109,8.87580058,20
46.45966561,8.88881537,20
46.41716280,10.86569710,20
46.41676903,10.87869106,20
46.46915172,8.85000491,20
46.46898921,8.86302202,20
46.46882519,8.87603905,20
46.46865969,8.88905600,20
46.42614980,10.86626605,20
46.42575596,10.87926217,20
46.47814588,8.85023913,20
46.47798333,8.86325841,20
46.47781930,8.87627760,20
46.47765376,8.88929671,20
46.43513680,10.86683520,20
46.43474290,10.87983348,20
46.48730111,8.83745193,20
46.48714003,8.85047344,20
46.48697746,8.86349487,20
46.48681339,8.87651623,20
46.48664784,8.88953750,20
46.44412380,10.86740454,20
46.44372983,10.88040498,20
46.49613419,8.85070782,20
46.49597159,8.86373142,20
46.49580749,8.87675494,20
46.49564191,8.88977837,20
46.45311080,10.86797406,20
46.45271676,10.88097667,20
46.50528947,8.83791645,20
46.50512834,8.85094229,20
46.50496571,8.86396805,20
46.50480159,8.87699373,20
46.46209779,10.86854378,20
46.46170369,10.88154855,20
46.51428364,8.83814883,20
46.51412248,8.85117683,20
46.51395983,8.86420475,20
46.51379568,8.87723259,20
46.47108478,10.86911369,20
46.47069062,10.88212062,20
46.52327781,8.83838128,20
46.52311663,8.85141145,20
46.52295394,8.86444154,20
46.52278977,8.87747154,20
46.47967754,10.88269289,20
46.53227198,8.83861382,20
46.53211077,8.85164615,20
46.53194806,8.86467840,20
46.48866446,10.88326534,20
46.54126614,8.83884643,20
46.54110490,8.85188093,20
46.54094217,8.86491534,20
46.49765137,10.88383799,20
46.55026030,8.83907912,20
46.55009904,8.85211578,20
46.54993627,8.86515237,20
46.50663829,10.88441083,20
46.55925446,8.83931189,20
46.55909317,8.85235072,20
46.55893038,8.86538947,20
46.55876609,8.87842814,20
46.51562519,10.88498387,20
46.56824861,8.83954473,20
46.56808729,8.85258573,20
46.56792447,8.86562665,20
46.56776016,8.87866749,20
46.52461210,10.88555709,20
46.57724276,8.83977766,20
46.57708141,8.85282082,20
46.57691857,8.86586391,20
46.57675423,8.87890692,20
46.53359900,10.88613051,20
46.58623690,8.84001066,20
46.58607553,8.85305599,20
46.58591266,8.86610125,20
46.58574829,8.87914643,20
46.54298058,10.87367985,20
46.54258589,10.88670412,20
46.59523104,8.84024374,20
46.59506964,8.85329124,20
46.59490674,8.86633867,20
46.59474235,8.87938602,20
46.55196754,10.87425148,20
46.55157278,10.88727792,20
46.60406375,8.85352657,20
46.60390082,8.86657617,20
46.60373640,8.87962569,20
46.60357048,8.89267513,20
46.56095449,10.87482330,20
46.56055967,10.88785191,20
46.61305785,8.85376198,20
46.61289490,8.86681375,20
46.61273045,8.87986544,20
46.61256450,8.89291705,20
46.56954655,10.88842609,20
46.62205195,8.85399746,20
46.62188897,8.86705141,20
46.62172449,8.88010527,20
46.62155852,8.89315905,20
46.57892838,10.87596752,20
46.57853342,10.88900047,20
46.63104604,8.85423303,20
46.63088303,8.86728914,20
46.63071853,8.88034518,20
46.63055253,8.89340114,20
46.58791531,10.87653991,20
46.58752029,10.88957504,20
46.64004012,8.85446867,20
46.63987709,8.86752696,20
46.63971256,8.88058517,20
46.63954653,8.89364330,20
46.59690224,10.87711250,20
46.59650716,10.89014980,20
46.64903420,8.85470439,20
46.64887114,8.86776485,20
46.64870658,8.88082524,20
46.64854053,8.89388554,20
46.60628281,10.86464562,20
46.60588916,10.87768528,20
46.60549401,10.89072475,20
46.65802827,8.85494019,20
46.65786518,8.86800283,20
46.65770060,8.88106539,20
46.65753451,8.89412787,20
46.61487608,10.87825825,20
46.61448086,10.89129989,20
46.66702233,8.85517607,20
46.66685922,8.86824088,20
46.66669461,8.88130562,20
46.66652850,8.89437028,20
46.62425677,10.86578739,20
46.62386299,10.87883140,20
46.62346771,10.89187522,20
46.67601639,8.85541203,20
46.67585325,8.86847902,20
46.67568861,8.88154593,20
46.67552247,8.89461276,20
46.67535484,8.90767952,20
46.63324373,10.86635856,20
46.63284989,10.87940475,20
46.63245454,10.89245075,20
46.68484727,8.86871723,20
46.68468261,8.88178632,20
46.68451644,8.89485533,20
46.68434878,8.90792426,20
46.68417962,8.92099311,20
46.64223070,10.86692993,20
46.64183678,10.87997830,20
46.64144137,10.89302647,20
46.69384129,8.86895552,20
46.69367660,8.88202679,20
46.69351040,8.89509798,20
46.69334271,8.90816909,20
46.69317352,8.92124012,20
46.65121765,10.86750148,20
46.65082367,10.88055203,20
46.65042820,10.89360238,20
46.70267058,8.88226734,20
46.70250436,8.89534071,20
46.70233664,8.90841400,20
46.70216742,8.92148720,20
46.66020459,10.86807323,20
46.65981055,10.88112595,20
46.65941501,10.89417848,20
46.71166455,8.88250798,20
46.71149830,8.89558352,20
46.71133056,8.90865899,20
46.71116131,8.92173437,20
46.66919153,10.86864516,20
46.66879742,10.88170007,20
46.66840182,10.89475478,20
46.72065852,8.88274869,20
46.72049224,8.89582641,20
46.72032447,8.90890406,20
46.72015519,8.92198163,20
46.67817846,10.86921729,20
46.67778429,10.88227437,20
46.67738862,10.89533126,20
46.72965248,8.88298948,20
46.72948617,8.89606939,20
46.72931837,8.90914921,20
46.72914907,8.92222896,20
46.68755812,10.85673015,20
46.68716538,10.86978960,20
46.68677115,10.88284887,20
46.68637541,10.89590794,20
46.73864642,8.88323035,20
46.73848009,8.89631244,20
46.73831226,8.90939445,20
46.73814293,8.92247638,20
46.69654510,10.85730047,20
46.69615230,10.87036211,20
46.69575799,10.88342356,20
46.69536219,10.89648481,20
46.74780522,8.87038695,20
46.74764036,8.88347130,20
46.74747401,8.89655557,20
46.74730615,8.90963977,20
46.74713679,8.92272388,20
46.70553207,10.85787099,20
46.70513920,10.87093480,20
46.70474483,10.88399843,20
46.70434896,10.89706187,20
46.75663430,8.88371233,20
46.75646791,8.89679879,20
46.75630002,8.90988516,20
46.71451903,10.85844169,20
46.71412609,10.87150769,20
46.71373166,10.88457350,20
46.71333573,10.89763912,20
46.76562822,8.88395344,20
46.76546180,8.89704208,20
46.76529389,8.91013064,20
46.76512448,8.92321912,20
46.72389748,10.84594421,20
46.72350598,10.85901258,20
46.72311298,10.87208077,20
46.72271848,10.88514877,20
46.72232248,10.89821657,20
46.77462213,8.88419464,20
46.77445569,8.89728546,20
46.77428775,8.91037620,20
46.77411831,8.92346687,20
46.73288448,10.84651310,20
46.73249292,10.85958366,20
46.73209986,10.87265404,20
46.73170529,10.88572422,20
46.78361603,8.88443591,20
46.78344956,8.89752892,20
46.78328160,8.91062185,20
46.78311213,8.92371469,20
46.74187148,10.84708219,20
46.74147985,10.86015494,20
46.74108672,10.87322749,20
46.74069209,10.88629986,20
46.79260992,8.88467726,20
46.79244343,8.89777246,20
46.79227543,8.91086757,20
46.79210593,8.92396261,20
46.79193494,8.93705756,20
46.75124866,10.83457634,20
46.75085847,10.84765147,20
46.75046677,10.86072640,20
46.75007358,10.87380114,20
46.74967889,10.88687570,20
46.80143728,8.89801608,20
46.80126926,8.91111338,20
46.80109973,8.92421060,20
46.80092871,8.93730774,20
46.80075618,8.95040479,20
46.76062445,10.82206612,20
46.76023570,10.83514362,20
46.75984544,10.84822093,20
46.75945369,10.86129805,20
46.75906043,10.87437498,20
46.81009352,8.92445867,20
46.80992247,8.93755800,20
46.80974991,8.95065724,20
46.80957585,8.96375640,20
46.76922273,10.83571109,20
46.76883241,10.84879058,20
46.76844059,10.86186989,20
46.81908730,8.92470683,20
46.81891622,8.93780834,20
46.81874363,8.95090978,20
46.81856954,8.96401112,20
46.77859863,10.82319687,20
46.77820975,10.83627874,20
46.77781936,10.84936043,20
46.77742748,10.86244192,20
46.82808107,8.92495507,20
46.82790996,8.93805877,20
46.82773734,8.95116239,20
46.82756322,8.96426593,20
46.78758570,10.82376252,20
46.78719676,10.83684659,20
46.78680631,10.84993046,20
46.78641436,10.86301414,20
46.83707482,8.92520339,20
46.83690368,8.93830929,20
46.83673104,8.95141509,20
46.83655689,8.96452082,20
46.79696027,10.81124192,20
46.79657277,10.82432836,20
46.79618375,10.83741462,20
46.79579324,10.85050068,20
46.84606857,8.92545180,20
46.84589740,8.93855988,20
46.84572473,8.95166788,20
46.84555055,8.96477580,20
46.84537488,8.97788363,20
46.80633346,10.79871694,20
46.80594739,10.81180576,20
46.80555982,10.82489439,20
46.80517074,10.83798284,20
46.80478016,10.85107109,20
46.85489110,8.93881056,20
46.85471840,8.95192075,20
46.85454420,8.96503086,20
46.85436849,8.97814088,20
46.85419128,8.99125082,20
46.81570526,10.78618758,20
46.81532063,10.79927878,20
46.81493449,10.81236979,20
46.81454686,10.82546061,20
46.81415772,10.83855124,20
46.81376707,10.85164169,20
46.86388480,8.93906132,20
46.86371207,8.95217370,20
46.86353784,8.96528600,20
46.86336210,8.97839822,20
46.86318486,8.99151035,20
46.82430778,10.79984080,20
46.82392158,10.81293400,20
46.82353388,10.82602701,20
46.82314468,10.83911984,20
46.87270572,8.95242674,20
46.87253146,8.96554123,20
46.87235570,8.97865564,20
46.87217843,8.99176996,20
46.87199966,9.00488420,20
46.83367968,10.78730742,20
46.83329492,10.80040300,20
46.83290866,10.81349840,20
46.83252090,10.82659360,20
46.88152507,8.96579654,20
46.88134928,8.97891315,20
46.88117198,8.99202966,20
46.88099318,9.00514609,20
46.88081287,9.01826243,20
46.84228205,10.80096539,20
46.84189573,10.81406298,20
46.84150790,10.82716038,20
46.89051867,8.96605194,20
46.89034285,8.97917074,20
46.89016552,8.99228945,20
46.88998669,9.00540807,20
46.88980636,9.01852661,20
46.85165406,10.78842800,20
46.85126917,10.80152797,20
46.85088278,10.81462775,20
46.85049489,10.82772735,20
46.89933641,8.97942841,20
46.89915905,8.99254932,20
46.89898019,9.00567014,20
46.89879982,9.01879087,20
46.86140661,10.76278369,20
46.86102467,10.77588622,20
46.86064123,10.78898857,20
46.86025628,10.80209074,20
46.85986983,10.81519271,20
46.85948187,10.82829450,20
46.90815256,8.99280928,20
46.90797367,9.00593229,20
46.90779328,9.01905522,20
46.87001189,10.77644478,20
46.86962838,10.78954933,20
46.86924337,10.80265368,20
46.86885686,10.81575786,20
46.91714607,8.99306932,20
46.91696715,9.00619453,20
46.91678672,9.01931966,20
46.87938116,10.76389660,20
46.87899910,10.77700353,20
46.87861553,10.79011027,20
46.87823045,10.80321682,20
46.92613955,8.99332945,20
46.92596061,9.00645686,20
46.92578015,9.01958418,20
46.92559819,9.03271141,20
46.88836842,10.76445333,20
46.88798629,10.77756245,20
46.88760266,10.79067139,20
46.88721752,10.80378014,20
46.93513303,8.99358967,20
46.93495405,9.00671927,20
46.93477357,9.01984879,20
46.93459158,9.03297822,20
46.93440808,9.04610757,20
46.89773635,10.75189874,20
46.89735566,10.76501025,20
46.89697347,10.77812157,20
46.89658977,10.79123270,20
46.89620457,10.80434365,20
46.94412649,8.99384997,20
46.94394748,9.00698177,20
46.94376697,9.02011349,20
46.94358495,9.03324512,20
46.94340143,9.04637666,20
46.90672364,10.75245364,20
46.90634289,10.76556734,20
46.90596063,10.77868086,20
46.90557687,10.79179420,20
46.95294090,9.00724436,20
46.95276036,9.02037828,20
46.95257831,9.03351211,20
46.95239475,9.04664585,20
46.91571092,10.75300873,20
46.91533010,10.76612463,20
46.91494779,10.77924034,20
46.96193430,9.00750703,20
46.96175373,9.02064315,20
46.96157165,9.03377918,20
46.96138807,9.04691512,20
46.96120297,9.06005097,20
46.92545541,10.72732724,20
46.92507755,10.74044571,20
46.92469818,10.75356399,20
46.92431730,10.76668209,20
46.92393492,10.77980001,20
46.97092769,9.00776979,20
46.97074709,9.02090811,20
46.97056498,9.03404634,20
46.97038136,9.04718448,20
46.97019624,9.06032253,20
46.97000961,9.07346050,20
46.93406486,10.74099896,20
46.93368543,10.75411944,20
46.93330449,10.76723974,20
46.93292205,10.78035986,20
46.97955829,9.03431359,20
46.97937465,9.04745393,20
46.97918949,9.06059419,20
46.97900284,9.07373435,20
46.94343014,10.72842952,20
46.94305215,10.74155239,20
46.94267266,10.75467507,20
46.94229166,10.76779758,20
46.98855159,9.03458093,20
46.98836791,9.04772347,20
46.98818273,9.06086593,20
46.98799604,9.07400829,20
46.98780785,9.08715057,20
46.98761814,9.10029276,20
46.98742693,9.11343485,20
46.95279403,10.71585567,20
46.95241748,10.72898093,20
46.95203943,10.74210600,20
46.95165988,10.75523089,20
46.95127881,10.76835559,20
46.99754487,9.03484835,20
46.99736117,9.04799310,20
46.99717595,9.06113776,20
46.99698923,9.07428233,20
46.99680101,9.08742681,20
46.99661127,9.10057119,20
46.99642003,9.11371549,20
46.96215652,10.70327743,20
46.96178142,10.71640506,20
46.96140481,10.72953252,20
46.96102670,10.74265980,20
46.96064708,10.75578689,20
46.96026596,10.76891380,20
47.00616916,9.06140968,20
47.00598241,9.07455645,20
47.00579415,9.08770314,20
47.00560439,9.10084973,20
47.00541311,9.11399623,20
46.97114395,10.70382479,20
46.97076879,10.71695464,20
46.97039212,10.73008430,20
46.97001395,10.74321377,20
47.01478728,9.08797955,20
47.01459748,9.10112835,20
47.01440618,9.11427705,20
47.01421337,9.12742566,20
47.01401905,9.14057418,20
46.98050509,10.69124012,20
46.98013137,10.70437234,20
46.97975615,10.71750439,20
46.97937942,10.73063625,20
46.97900118,10.74376793,20
47.02359057,9.10140706,20
47.02339923,9.11455797,20
47.02320639,9.12770879,20
47.02301204,9.14085951,20
47.02281618,9.15401014,20
46.98986482,10.67865103,20
46.98949255,10.69178564,20
46.98911878,10.70492007,20
46.98874349,10.71805432,20
46.98836670,10.73118839,20
47.03258363,9.10168587,20
47.03239226,9.11483899,20
47.03219939,9.12799201,20
47.03200501,9.14114494,20
47.03180912,9.15429777,20
46.99885233,10.67919452,20
46.99848000,10.69233134,20
46.99810616,10.70546798,20
46.99773082,10.71860443,20
46.99735397,10.73174071,20
47.04138528,9.11512009,20
47.04119238,9.12827532,20
47.04099796,9.14143045,20
47.04080204,9.15458550,20
47.04060461,9.16774044,20
47.00821071,10.66659900,20
47.00783982,10.67973820,20
47.00746743,10.69287722,20
47.00709354,10.70601607,20
47.00671813,10.71915473,20
47.05018534,9.12855872,20
47.04999090,9.14171607,20
47.04979494,9.15487331,20
47.04959748,9.16803047,20
47.01756768,10.65399906,20
47.01719825,10.66714064,20
47.01682730,10.68028205,20
47.01645485,10.69342328,20
47.01608089,10.70656434,20
47.05917830,9.12884222,20
47.05898382,9.14200177,20
47.05878783,9.15516123,20
47.05859033,9.16832059,20
47.05839133,9.18147986,20
47.05819081,9.19463902,20
47.02692325,10.64139470,20
47.02655526,10.65453867,20
47.02618577,10.66768247,20
47.02581476,10.68082609,20
47.02544225,10.69396953,20
47.02506823,10.70711278,20
47.06797672,9.14228757,20
47.06778070,9.15544924,20
47.06758317,9.16861081,20
47.06738413,9.18177228,20
47.06718359,9.19493366,20
47.06698153,9.20809494,20
47.03664244,10.61563939,20
47.03627741,10.62878593,20
47.03591088,10.64193229,20
47.03554283,10.65507847,20
47.03517327,10.66822447,20
47.03480221,10.68137030,20
47.03442963,10.69451595,20
47.07677355,9.15573734,20
47.07657599,9.16890112,20
47.07637692,9.18206480,20
47.07617634,9.19522839,20
47.07597425,9.20839188,20
47.07577065,9.22155527,20
47.04635582,10.58987472,20
47.04599375,10.60302382,20
47.04563017,10.61617274,20
47.04526508,10.62932148,20
47.04489849,10.64247005,20
47.04453038,10.65561844,20
47.04416076,10.66876665,20
47.04378963,10.68191469,20
47.08556880,9.16919153,20
47.08536969,9.18235742,20
47.08516908,9.19552322,20
47.08496696,9.20868892,20
47.08476332,9.22185452,20
47.08455818,9.23502003,20
47.08435153,9.24818543,20
47.05534366,10.59040382,20
47.05498152,10.60355513,20
47.05461788,10.61670626,20
47.05425274,10.62985721,20
47.05388608,10.64300799,20
47.05351791,10.65615859,20
47.05314823,10.66930901,20
47.09436244,9.18265013,20
47.09416180,9.19581814,20
47.09395964,9.20898605,20
47.09375598,9.22215387,20
47.09355080,9.23532158,20
47.09334412,9.24848920,20
47.09313592,9.26165672,20
47.06540898,10.55147151,20
47.06469215,10.57777940,20
47.06433147,10.59093309,20
47.06396928,10.60408661,20
47.06360558,10.61723995,20
47.06324037,10.63039311,20
47.06287365,10.64354610,20
47.10315450,9.19611316,20
47.10295231,9.20928329,20
47.10274861,9.22245331,20
47.10254340,9.23562324,20
47.10233668,9.24879307,20
47.10212845,9.26196280,20
47.10191871,9.27513242,20
47.07439695,10.55199432,20
47.07403923,10.56515056,20
47.07368000,10.57830664,20
47.07331926,10.59146254,20
47.07295701,10.60461827,20
47.07259325,10.61777382,20
47.07222798,10.63092920,20
47.11174123,9.22275286,20
47.11153598,9.23592499,20
47.11132923,9.24909704,20
47.11112097,9.26226898,20
47.11091119,9.27544082,20
47.11069991,9.28861255,20
47.08374117,10.53935867,20
47.08338491,10.55251730,20
47.08302713,10.56567576,20
47.08266784,10.57883405,20
47.08230704,10.59199216,20
47.08194473,10.60515010,20
47.12052855,9.23622685,20
47.12032176,9.24940110,20
47.12011346,9.26257526,20
47.11990366,9.27574931,20
47.11969234,9.28892326,20
47.11947951,9.30209711,20
47.11926517,9.31527086,20
47.09343729,10.51355741,20
47.09308398,10.52671860,20
47.09272917,10.53987961,20
47.09237284,10.55304046,20
47.09201500,10.56620113,20
47.09165566,10.57936163,20
47.09129480,10.59252195,20
47.09093243,10.60568210,20
47.12931427,9.24970527,20
47.12910594,9.26288164,20
47.12889610,9.27605790,20
47.12868474,9.28923407,20
47.12847188,9.30241013,20
47.12825750,9.31558609,20
47.12804162,9.32876195,20
47.12782422,9.34193770,20
47.10242538,10.51407410,20
47.10207202,10.52723749,20
47.10171714,10.54040072,20
47.10136076,10.55356378,20
47.10100286,10.56672667,20
47.10064345,10.57988938,20
47.13788852,9.27636660,20
47.13767713,9.28954498,20
47.13746423,9.30272326,20
47.13724982,9.31590143,20
47.13703390,9.32907950,20
47.13681647,9.34225747,20
47.13659753,9.35543533,20
47.11281203,10.46192681,20
47.11246465,10.47509310,20
47.11211576,10.48825922,20
47.11176536,10.50142517,20
47.11141345,10.51459095,20
47.11106003,10.52775656,20
47.11070510,10.54092201,20
47.11034866,10.55408728,20
47.10999070,10.56725238,20
47.14666950,9.28985599,20
47.14645657,9.30303648,20
47.14624212,9.31621687,20
47.14602617,9.32939716,20
47.14580870,9.34257734,20
47.14558972,9.35575742,20
47.14536923,9.36893739,20
47.14514723,9.38211726,20
47.12214624,10.44926630,20
47.12180031,10.46243497,20
47.12145288,10.47560347,20
47.12110393,10.48877181,20
47.12075348,10.50193998,20
47.12040151,10.51510797,20
47.12004803,10.52827580,20
47.11969304,10.54144346,20
47.15523440,9.31653242,20
47.15501841,9.32971492,20
47.15480091,9.34289732,20
47.15458189,9.35607961,20
47.15436136,9.36926180,20
47.15413933,9.38244388,20
47.15391578,9.39562586,20
47.15369072,9.40880772,20
47.15346414,9.42198948,20
47.13147903,10.43660136,20
47.13113456,10.44977241,20
47.13078858,10.46294330,20
47.13044109,10.47611402,20
47.13009208,10.48928457,20
47.12974157,10.50245495,20
47.12938954,10.51562517,20
47.12903600,10.52879521,20
47.16401064,9.33003279,20
47.16379310,9.34321740,20
47.16357404,9.35640191,20
47.16335348,9.36958632,20
47.16313141,9.38277061,20
47.16290782,9.39595480,20
47.16268272,9.40913889,20
47.16245611,9.42232286,20
47.16222799,9.43550673,20
47.16199836,9.44869048,20
47.16176721,9.46187413,20
47.14115190,10.41075840,20
47.14081040,10.42393199,20
47.14046739,10.43710543,20
47.14012286,10.45027869,20
47.13977682,10.46345180,20
47.13942927,10.47662473,20
47.13908021,10.48979750,20
47.13872964,10.50297010,20
47.17256618,9.35672431,20
47.17234558,9.36991094,20
47.17212347,9.38309745,20
47.17189984,9.39628386,20
47.17167471,9.40947016,20
47.17144806,9.42265635,20
47.17121990,9.43584244,20
47.17099023,9.44902841,20
47.17075905,9.46221427,20
47.15149147,10.35855330,20
47.15115595,10.37172976,20
47.15081893,10.38490607,20
47.15048040,10.39808221,20
47.15014035,10.41125819,20
47.14979879,10.42443400,20
47.14945572,10.43760965,20
47.14911114,10.45078514,20
47.14876505,10.46396046,20
47.18111551,9.38342440,20
47.18089185,9.39661302,20
47.18066667,9.40980154,20
47.18043999,9.42298995,20
47.18021179,9.43617825,20
47.17998208,9.44936644,20
47.17975086,9.46255452,20
47.17951813,9.47574249,20
47.17928388,9.48893035,20
47.16114671,10.33268653,20
47.16081417,10.34586554,20
47.16048012,10.35904438,20
47.16014455,10.37222307,20
47.15980747,10.38540159,20
47.15946888,10.39857995,20
47.15912878,10.41175814,20
47.15878717,10.42493618,20
47.15844404,10.43811405,20
47.15809940,10.45129175,20
47.15775325,10.46446929,20
47.18965862,9.41013303,20
47.18943190,9.42332366,20
47.18920366,9.43651418,20
47.18897392,9.44970459,20
47.18874266,9.46289489,20
47.18850989,9.47608508,20
47.18827560,9.48927515,20
47.18803981,9.50246511,20
47.17013545,10.33317334,20
47.16980286,10.34635456,20
47.16946875,10.35953563,20
47.16913313,10.37271653,20
47.16879599,10.38589727,20
47.16845735,10.39907785,20
47.16811719,10.41225826,20
47.16777552,10.42543852,20
47.16743234,10.43861860,20
47.19796573,9.45004285,20
47.19773443,9.46323537,20
47.19750162,9.47642777,20
47.19726730,9.48962007,20
47.19703147,9.50281225,20
47.19679412,9.51600432,20
47.19655526,9.52919627,20
47.19631488,9.54238811,20
47.18011305,10.29410902,20
47.17978493,10.30729294,20
47.17945531,10.32047670,20
47.17912417,10.33366031,20
47.17879152,10.34684375,20
47.17845736,10.36002703,20
47.17812168,10.37321015,20
47.17778449,10.38639311,20
47.17744579,10.39957591,20
47.17710558,10.41275855,20
47.20672619,9.46357595,20
47.20649334,9.47677058,20
47.20625898,9.48996510,20
47.20602310,9.50315950,20
47.20578572,9.51635379,20
47.20554682,9.52954796,20
47.20530640,9.54274202,20
47.20506448,9.55593596,20
47.20482104,9.56912979,20
47.20457609,9.58232350,20
47.19039944,10.24184336,20
47.18975370,10.26821674,20
47.18942856,10.28140319,20
47.18910191,10.29458949,20
47.18877374,10.30777563,20
47.18844406,10.32096161,20
47.18811287,10.33414743,20
47.18778016,10.34733309,20
47.18744595,10.36051860,20
47.18711022,10.37370394,20
47.21548503,9.47711350,20
47.21525063,9.49031024,20
47.21501472,9.50350686,20
47.21477730,9.51670337,20
47.21453836,9.52989977,20
47.21429790,9.54309604,20
47.21405594,9.55629221,20
47.21381246,9.56948826,20
47.21356747,9.58268419,20
47.21332096,9.59588000,20
47.21307294,9.60907569,20
47.21282341,9.62227127,20
47.21257237,9.63546672,20
47.21181015,9.67505235,20
47.21155305,9.68824732,20
47.21103432,9.71463688,20
47.19970915,10.22912596,20
47.19938849,10.24231510,20
47.19906633,10.25550409,20
47.19874265,10.26869292,20
47.19841745,10.28188159,20
47.19809075,10.29507011,20
47.19776253,10.30825847,20
47.19743279,10.32144667,20
47.19710155,10.33463471,20
47.19676879,10.34782260,20
47.22400632,9.50385434,20
47.22376885,9.51705307,20
47.22352987,9.53025168,20
47.22328938,9.54345019,20
47.22304738,9.55664857,20
47.22280386,9.56984684,20
47.22255883,9.58304499,20
47.22231228,9.59624303,20
47.22206422,9.60944094,20
47.22181465,9.62263874,20
47.22156356,9.63583641,20
47.22131096,9.64903397,20
47.22105685,9.66223140,20
47.22080122,9.67542871,20
47.22054408,9.68862590,20
47.22028543,9.70182296,20
47.22002526,9.71501990,20
47.21976358,9.72821672,20
47.21950039,9.74141340,20
47.21923568,9.75460996,20
47.21896946,9.76780640,20
47.21870172,9.78100270,20
47.21843248,9.79419888,20
47.21816171,9.80739493,20
47.20965127,10.19002063,20
47.20933510,10.20321245,20
47.20901742,10.21640412,20
47.20869823,10.22959563,20
47.20837753,10.24278699,20
47.20805531,10.25597820,20
47.20773157,10.26916925,20
47.20740633,10.28236015,20
47.20707957,10.29555089,20
47.20675129,10.30874147,20
47.20642150,10.32193189,20
47.20609020,10.33512216,20
47.23252137,9.53060372,20
47.23203879,9.55700505,20
47.23179524,9.57020554,20
47.23155016,9.58340592,20
47.23130358,9.59660617,20
47.23105548,9.60980631,20
47.23080586,9.62300633,20
47.23055474,9.63620623,20
47.23030209,9.64940600,20
47.23004794,9.66260566,20
47.22979227,9.67580519,20
47.22953509,9.68900460,20
47.22927639,9.70220389,20
47.22901618,9.71540305,20
47.22875446,9.72860209,20
47.22849122,9.74180100,20
47.22822647,9.75499978,20
47.22796021,9.76819844,20
47.22769243,9.78139696,20
47.22742314,9.79459536,20
47.22715233,9.80779363,20
47.22688001,9.82099177,20
47.22660618,9.83418978,20
47.22633083,9.84738765,20
47.22605397,9.86058540,20
47.21958006,10.15090075,20
47.21926838,10.16409525,20
47.21895519,10.17728959,20
47.21864049,10.19048378,20
47.21832427,10.20367783,20
47.21800654,10.21687172,20
47.21768729,10.23006545,20
47.21736654,10.24325904,20
47.21704426,10.25645247,20
47.21672048,10.26964574,20
47.21639518,10.28283886,20
47.21606836,10.29603182,20
47.24054148,9.58376696,20
47.24029485,9.59696944,20
47.24004671,9.61017180,20
47.23979706,9.62337404,20
47.23954589,9.63657616,20
47.23929321,9.64977816,20
47.23903901,9.66298004,20
47.23878330,9.67618180,20
47.23852607,9.68938343,20
47.23826734,9.70258494,20
47.23800708,9.71578632,20
47.23774532,9.72898758,20
47.23748204,9.74218872,20
47.23721724,9.75538972,20
47.23695093,9.76859060,20
47.23668311,9.78179135,20
47.23641377,9.79499197,20
47.23614292,9.80819247,20
47.23587056,9.82139283,20
47.23559668,9.83459306,20
47.23532129,9.84779316,20
47.23504438,9.86099313,20
47.23476596,9.87419296,20
47.23448603,9.88739266,20
47.23420458,9.90059222,20
47.23392162,9.91379165,20
47.23363714,9.92699095,20
47.23335115,9.94019010,20
47.23306365,9.95338912,20
47.23277463,9.96658800,20
47.23248410,9.97978674,20
47.23219205,9.99298534,20
47.23189849,10.00618380,20
47.23160342,10.01938212,20
47.23130683,10.03258030,20
47.23100873,10.04577834,20
47.23070911,10.05897623,20
47.23040798,10.07217397,20
47.23010534,10.08537158,20
47.22980118,10.09856903,20
47.22949551,10.11176634,20
47.22918832,10.12496351,20
47.22887962,10.13816052,20
47.22856941,10.15135739,20
47.22825768,10.16455411,20
47.22794444,10.17775067,20
47.22762969,10.19094709,20
47.22731342,10.20414336,20
47.22699563,10.21733947,20
47.22667633,10.23053543,20
47.22635552,10.24373124,20
47.22603320,10.25692689,20
47.24853702,9.63694622,20
47.24828429,9.65015044,20
47.24803006,9.66335454,20
47.24777430,9.67655852,20
47.24751704,9.68976238,20
47.24673615,9.72937320,20
47.24647283,9.74257656,20
47.24620799,9.75577979,20
47.24594164,9.76898290,20
47.24567377,9.78218587,20
47.24540439,9.79538872,20
47.24513350,9.80859143,20
47.24486109,9.82179402,20
47.24458716,9.83499647,20
47.24431173,9.84819880,20
47.24403477,9.86140099,20
47.24375631,9.87460305,20
47.24347633,9.88780497,20
47.24319483,9.90100676,20
47.24291183,9.91420841,20
47.24262730,9.92740993,20
47.24234127,9.94061131,20
47.24205371,9.95381255,20
47.24176465,9.96701365,20
47.24147407,9.98021462,20
47.24118198,9.99341544,20
47.24088837,10.00661613,20
47.24059325,10.01981667,20
47.24029661,10.03301707,20
47.23999846,10.04621733,20
47.23969879,10.05941745,20
47.23939761,10.07261742,20
47.23909492,10.08581724,20
47.23879071,10.09901692,20
47.23848499,10.11221646,20
47.23817775,10.12541585,20
47.23786900,10.13861509,20
47.23755874,10.15181418,20
47.23724696,10.16501312,20
47.23693367,10.17821191,20
47.23661886,10.19141055,20
47.23630254,10.20460904,20
47.23598470,10.21780738,20
47.23566535,10.23100556,20
47.25466441,9.78258052,20
47.25439498,9.79578559,20
47.25412404,9.80899053,20
47.25385159,9.82219534,20
47.25357762,9.83540002,20
47.25330214,9.84860457,20
47.25302514,9.86180898,20
47.25274663,9.87501326,20
47.25246661,9.88821741,20
47.25218507,9.90142143,20
47.25190201,9.91462530,20
47.25161744,9.92782904,20
47.25133136,9.94103265,20
47.25104376,9.95423612,20
47.25075465,9.96743944,20
47.25046402,9.98064263,20
47.25017188,9.99384568,20
47.24987822,10.00704859,20
47.24958305,10.02025136,20
47.24928636,10.03345399,20
47.24898816,10.04665647,20
47.24868845,10.05985881,20
47.24838722,10.07306101,20
47.24808448,10.08626306,20
47.24778022,10.09946496,20
47.24747445,10.11266672,20
47.24716716,10.12586833,20
47.24685836,10.13906980,20
47.24654805,10.15227111,20
47.24623622,10.16547228,20
47.24592287,10.17867329,20
47.24560801,10.19187416,20
