46.468607606486,7.170441521167,20
46.468718620412,7.222518057169,20
46.468742643587,7.235537223143,20
46.468765174639,7.248556400453,20
46.468786213569,7.261575588372,20
46.468805760376,7.274594786174,20
46.468823815060,7.287613993132,20
46.468840377622,7.300633208519,20
46.468855448061,7.313652431609,20
46.468869026377,7.326671661675,20
46.468881112570,7.339690897990,20
46.468891706641,7.352710139828,20
46.468900808590,7.365729386462,20
46.468908418415,7.378748637165,20
46.468914536118,7.391767891211,20
46.468919161698,7.404787147873,20
46.468922295156,7.417806406424,20
46.468923936491,7.430825666138,20
46.468924085703,7.443844926288,20
46.468922742793,7.456864186147,20
46.468919907760,7.469883444989,20
46.468915580604,7.482902702087,20
46.468902449925,7.508941208144,20
46.477221123614,7.040185233534,20
46.477266043981,7.053206324543,20
46.477571681562,7.157375765916,20
46.477603170590,7.170397024349,20
46.477633167247,7.183418297752,20
46.477661671533,7.196439585398,20
46.477688683448,7.209460886559,20
46.477714202992,7.222482200510,20
46.477738230166,7.235503526524,20
46.477760764968,7.248524863874,20
46.477781807399,7.261546211832,20
46.477801357459,7.274567569674,20
46.477819415148,7.287588936672,20
46.477835980466,7.300610312099,20
46.477851053413,7.313631695228,20
46.477864633989,7.326653085334,20
46.477876722194,7.339674481689,20
46.477887318028,7.352695883566,20
46.477896421492,7.365717290240,20
46.477904032584,7.378738700983,20
46.477910151305,7.391760115068,20
46.477914777655,7.404781531770,20
46.477917911634,7.417802950361,20
46.477919553242,7.430824370114,20
46.477919702479,7.443845790304,20
46.477918359345,7.456867210203,20
46.477915523840,7.469888629084,20
46.477911195964,7.482910046222,20
46.477905375718,7.495931460889,20
46.477898063100,7.508952872358,20
46.477889258111,7.521974279904,20
46.477878960751,7.534995682799,20
46.477867171020,7.548017080316,20
46.477853888918,7.561038471730,20
46.477839114445,7.574059856313,20
46.477822847601,7.587081233339,20
46.477805088386,7.600102602080,20
46.486170201913,7.027095884579,20
46.486216622374,7.040119114118,20
46.486261550216,7.053142365893,20
46.486304985439,7.066165639177,20
46.486346928042,7.079188933244,20
46.486387378026,7.092212247366,20
46.486426335390,7.105235580818,20
46.486463800136,7.118258932873,20
46.486534251768,7.144305689884,20
46.486567238655,7.157329093387,20
46.486598732923,7.170352512586,20
46.486628734572,7.183375946754,20
46.486657243601,7.196399395165,20
46.486684260011,7.209422857092,20
46.486709783802,7.222446331808,20
46.486733814973,7.235469818586,20
46.486756353525,7.248493316701,20
46.486777399458,7.261516825425,20
46.486796952771,7.274540344032,20
46.486815013465,7.287563871795,20
46.486831581539,7.300587407987,20
46.486846656995,7.313610951882,20
46.486860239831,7.326634502753,20
46.486872330047,7.339658059873,20
46.486882927644,7.352681622516,20
46.486892032622,7.365705189954,20
46.486899644981,7.378728761463,20
46.486905764720,7.391752336313,20
46.486910391840,7.404775913780,20
46.486913526341,7.417799493136,20
46.486915168222,7.430823073655,20
46.486915317484,7.443846654610,20
46.486913974127,7.456870235274,20
46.486911138150,7.469893814921,20
46.486906809554,7.482917392824,20
46.486900988338,7.495940968256,20
46.486893674504,7.508964540491,20
46.486884868050,7.521988108801,20
46.486874568976,7.535011672462,20
46.486862777283,7.548035230744,20
46.486849492971,7.561058782923,20
46.486834716040,7.574082328271,20
46.486818446489,7.587105866062,20
46.486800684319,7.600129395569,20
46.486781429530,7.613152916065,20
46.486760682121,7.626176426824,20
46.486738442093,7.639199927119,20
46.486714709446,7.652223416223,20
46.486689484179,7.665246893410,20
46.486662766293,7.678270357952,20
46.486634555787,7.691293809124,20
46.486604852663,7.704317246199,20
46.495117769893,7.014002213404,20
46.495165690945,7.027027581470,20
46.495212119130,7.040052972500,20
46.495257054446,7.053078385766,20
46.495300496895,7.066103820541,20
46.495342446477,7.079129276098,20
46.495382903191,7.092154751712,20
46.495421867037,7.105180246655,20
46.495459338015,7.118205760200,20
46.495495316126,7.131231291622,20
46.495529801369,7.144256840193,20
46.495562793744,7.157282405186,20
46.495594293252,7.170307985876,20
46.495624299892,7.183333581535,20
46.495652813665,7.196359191436,20
46.495679834570,7.209384814854,20
46.495705362607,7.222410451061,20
46.495729397776,7.235436099330,20
46.495751940078,7.248461758936,20
46.495772989512,7.261487429151,20
46.495792546078,7.274513109248,20
46.495810609777,7.287538798502,20
46.495827180608,7.300564496185,20
46.495842258572,7.313590201570,20
46.495909586903,7.456873261361,20
46.495906750455,7.469899002499,20
46.495902421139,7.482924741892,20
46.495896598955,7.495950478815,20
46.495889283903,7.508976212541,20
46.495880475984,7.522001942342,20
46.495870175197,7.535027667493,20
46.495858381542,7.548053387267,20
46.495845095020,7.561079100936,20
46.495830315630,7.574104807775,20
46.495814043373,7.587130507057,20
46.495796278248,7.600156198055,20
46.495777020255,7.613181880041,20
46.495756269394,7.626207552291,20
46.495734025666,7.639233214077,20
46.495710289070,7.652258864672,20
46.495685059606,7.665284503349,20
46.495658337275,7.678310129383,20
46.495630122076,7.691335742046,20
46.495600414010,7.704361340611,20
46.503851206858,6.948794443608,20
46.503906601462,6.961821848178,20
46.504113248716,7.013931725151,20
46.504161177740,7.026959255434,20
46.504207613647,7.039986808680,20
46.504252556439,7.053014384162,20
46.504296006114,7.066041981153,20
46.504337962674,7.079069598927,20
46.504378426118,7.092097236757,20
46.504417396445,7.105124893916,20
46.504454873657,7.118152569678,20
46.504490857753,7.131180263316,20
46.504525348732,7.144207974104,20
46.504558346596,7.157235701313,20
46.504589851343,7.170263444219,20
46.504648381490,7.196318974212,20
46.504675406890,7.209346759846,20
46.504700939174,7.222374558270,20
46.504876081681,7.522015780527,20
46.504865779180,7.535043667894,20
46.504853983564,7.548071549884,20
46.504840694831,7.561099425770,20
46.504825912983,7.574127294825,20
46.504809638018,7.587155156323,20
46.504791869938,7.600183009537,20
46.504772608742,7.613210853740,20
46.504751854429,7.626238688206,20
46.504729607001,7.639266512208,20
46.504705866457,7.652294325019,20
46.504680632796,7.665322125913,20
46.504653906020,7.678349914163,20
46.504625686127,7.691377689042,20
46.504595973119,7.704405449824,20
46.512610090717,6.896595127439,20
46.512671467991,6.909624581300,20
46.512789742446,6.935683576804,20
46.512846639628,6.948713116993,20
46.512902043444,6.961742684505,20
46.512955953897,6.974772278613,20
46.513008370985,6.987801898590,20
46.513059294709,7.000831543710,20
46.513108725068,7.013861213245,20
46.513156662063,7.026890906471,20
46.513203105694,7.039920622658,20
46.513373946574,7.092039702503,20
46.513412923383,7.105069522604,20
46.513450406828,7.118099361308,20
46.513486396908,7.131129217888,20
46.513520893624,7.144159091617,20
46.513553896976,7.157188981769,20
46.513725185865,7.639299821513,20
46.513701441372,7.652329797266,20
46.513676203515,7.665359761102,20
46.513649472293,7.678389712294,20
46.513591529757,7.704449573839,20
46.513560318442,7.717479482739,20
46.513527613764,7.730509376088,20
46.513493415720,7.743539253160,20
46.513341689904,7.795658584140,20
46.521412357328,6.857410450571,20
46.521478225647,6.870441975231,20
46.521542600353,6.883473531574,20
46.521605481446,6.896505118874,20
46.521666868927,6.909536736402,20
46.521726762795,6.922568383433,20
46.521785163050,6.935600059241,20
46.521842069693,6.948631763097,20
46.521897482723,6.961663494276,20
46.521951402140,6.974695252052,20
46.522003827944,6.987727035696,20
46.522054760136,7.000758844484,20
46.522104198716,7.013790677687,20
46.522152143682,7.026822534579,20
46.522516435812,7.144110192733,20
46.522587083691,7.704493712655,20
46.522555867186,7.717525785222,20
46.522523157069,7.730557842239,20
46.522488953339,7.743589882978,20
46.522453255996,7.756621906713,20
46.522416065040,7.769653912718,20
46.522377380472,7.782685900265,20
46.522337202292,7.795717868628,20
46.530271472887,6.831246638490,20
46.530340339879,6.844280261998,20
46.530407713010,6.857313918643,20
46.530473592280,6.870347607696,20
46.530537977689,6.883381328433,20
46.530600869237,6.896415080125,20
46.530662266925,6.909448862046,20
46.530722170751,6.922482673471,20
46.530780580716,6.935516513671,20
46.530837496820,6.948550381920,20
46.530892919063,6.961584277493,20
46.530946847445,6.974618199661,20
46.530999281966,6.987652147699,20
46.531050222626,7.000686120879,20
46.531099669425,7.013720118475,20
46.531551412992,7.717572103232,20
46.531484488019,7.743640529774,20
46.531372896602,7.782743040240,20
46.531332711741,7.795777172996,20
46.531291033019,7.808811285842,20
46.539196430200,6.818109989201,20
46.539266802750,6.831145743966,20
46.539335681190,6.844181532592,20
46.539403065521,6.857217354355,20
46.539468955742,6.870253208527,20
46.539533351855,6.883289094382,20
46.539596253858,6.896325011193,20
46.539657661751,6.909360958233,20
46.539717575535,6.922396934776,20
46.539775995210,6.935432940095,20
46.539832920776,6.948468973463,20
46.539888352232,6.961505034154,20
46.540095136964,7.013649535610,20
46.540368409561,7.782800199370,20
46.540328218020,7.795836497245,20
46.540286532370,7.808872775209,20
46.540243352610,7.821909032536,20
46.540198678741,7.834945268498,20
46.548046493396,6.791931158300,20
46.548119866358,6.804969009003,20
46.548191744962,6.818006895022,20
46.548262129208,6.831044815630,20
46.548331019096,6.844082770101,20
46.548398414627,6.857120757708,20
46.548464315800,6.870158777724,20
46.548528722615,6.883196829423,20
46.548591635073,6.896234912078,20
46.549363919115,7.782857377654,20
46.549323720894,7.795895841373,20
46.549282028315,7.808934285182,20
46.549238841379,7.821972708353,20
46.549194160084,7.835011110159,20
46.549147984433,7.848049489876,20
46.549100314423,7.861087846775,20
46.549051150056,7.874126180130,20
46.548894690808,7.913241031664,20
46.556890526255,6.765743770754,20
46.556966900622,6.778783715215,20
46.557041780382,6.791823696444,20
46.557115165537,6.804863713717,20
46.557187056086,6.817903766306,20
46.557257452028,6.830943853484,20
46.557326353365,6.843983974524,20
46.557393760095,6.857024128701,20
46.558234326510,7.822036405501,20
46.558189637790,7.835076973877,20
46.558143454465,7.848117520163,20
46.558095776534,7.861158043632,20
46.558046603996,7.874198543556,20
46.557995936853,7.887239019210,20
46.557943775103,7.900279469867,20
46.557890118748,7.913319894799,20
46.557834967787,7.926360293281,20
46.557778322219,7.939400664586,20
46.565807902328,6.752589864061,20
46.565885784239,6.765631938320,20
46.565962171295,6.778674050076,20
46.566037063497,6.791716198601,20
46.566110460845,6.804758383169,20
46.566182363338,6.817800603053,20
46.566252770977,6.830842857526,20
46.566321683762,6.843885145862,20
46.567185111625,7.835142859652,20
46.567138920626,7.848185573233,20
46.567091234773,7.861228263997,20
46.567042054065,7.874270931217,20
46.566991378504,7.887313574166,20
46.566939208087,7.900356192118,20
46.566885542817,7.913398784346,20
46.566830382692,7.926441350123,20
46.566773727713,7.939483888722,20
46.566715577879,7.952526399418,20
46.566655933191,7.965568881483,20
46.574723753317,6.739431622110,20
46.574803143269,6.752475826168,20
46.574881038118,6.765520068448,20
46.574957437864,6.778564348225,20
46.575032342508,6.791608664771,20
46.575105752048,6.804653017359,20
46.575177666487,6.817697405264,20
46.576180581356,7.835208767484,20
46.576086688908,7.861298507870,20
46.576037500030,7.874343343111,20
46.575986816050,7.887388154081,20
46.575934636967,7.900432940053,20
46.575880962781,7.913477700302,20
46.575825793493,7.926522434100,20
46.575769129102,7.939567140720,20
46.575710969608,7.952611819437,20
46.575651315012,7.965656469523,20
46.583638078245,6.726269043451,20
46.583718976734,6.739315377306,20
46.583798379872,6.752361750111,20
46.583876287659,6.765408161138,20
46.583952700095,6.778454609660,20
46.584027617180,6.791501094953,20
46.584764526153,7.939650420580,20
46.584706356999,7.952697268042,20
46.584646692494,7.965744086875,20
46.584585532638,7.978790876350,20
46.584522877431,7.991837635741,20
46.592550876132,6.713102126636,20
46.592633283655,6.726150590286,20
46.592714195579,6.739199093613,20
46.592793611904,6.752247635889,20
46.592871532629,6.765296216388,20
46.592947957755,6.778344834383,20
46.593701739819,7.952782745235,20
46.593642065406,7.965831733539,20
46.593580895393,7.978880692486,20
46.593518229781,7.991929621349,20
46.593454068569,8.004978519401,20
46.593388411759,8.018027385916,20
46.601376733099,6.686880317896,20
46.601462146001,6.699930870212,20
46.601546063055,6.712981463658,20
46.601628484261,6.726032097506,20
46.601709409620,6.739082771030,20
46.601788839131,6.752133483504,20
46.602697117834,7.952868251014,20
46.602637433513,7.965919409516,20
46.602576253343,7.978970538660,20
46.602513577326,7.992021637720,20
46.602449405461,8.005072705970,20
46.602383737748,8.018123742682,20
46.602316574188,8.031174747130,20
46.610284963695,6.673702591348,20
46.610371886873,6.686755272731,20
46.610457313955,6.699807995970,20
46.610541244940,6.712860760339,20
46.610623679830,6.725913565110,20
46.610704618623,6.738966409557,20
46.611508919833,7.992113684855,20
46.611444737315,8.005166924028,20
46.611379058700,8.018220131663,20
46.611311883990,8.031273307035,20
46.611243213183,8.044326449415,20
46.619191663820,6.660520522293,20
46.619280097770,6.673575332742,20
46.619367035376,6.686630185774,20
46.619452476637,6.699685080662,20
46.619536421554,6.712740016679,20
46.619618870127,6.725794993099,20
46.620440063897,8.005261173575,20
46.620374374381,8.018316552859,20
46.620307188520,8.031371899879,20
46.620238506316,8.044427213908,20
46.620168327766,8.057482494220,20
46.628005390682,6.634277213804,20
46.628096832494,6.647334109282,20
46.628186777714,6.660391048796,20
46.628275226340,6.673448031620,20
46.628362178374,6.686505057025,20
46.628447633815,6.699562124287,20
46.628531592664,6.712619232679,20
46.629435384975,8.005355454612,20
46.629369684557,8.018413006270,20
46.629302487547,8.031470525664,20
46.629233793943,8.044528012067,20
46.629163603747,8.057585464753,20
46.629091916958,8.070642882995,20
46.636907514914,6.621084327050,20
46.637000468740,6.634143350865,20
46.637091925725,6.647202419443,20
46.637181885870,6.660261532056,20
46.637270349173,6.673320687979,20
46.637357315635,6.686379886485,20
46.637442785256,6.699439126846,20
46.638430700316,8.005449767137,20
46.638364988996,8.018509491895,20
46.638297780835,8.031569184388,20
46.638229075833,8.044628843891,20
46.638158873990,8.057688469677,20
46.638087175306,8.070748061019,20
46.638013979781,8.083807617189,20
46.645808105243,6.607887093440,20
46.645902571580,6.620948245591,20
46.645995540827,6.634009443231,20
46.646087012985,6.647070685634,20
46.646176988054,6.660131972073,20
46.646265466034,6.673193301821,20
46.647293068152,8.031667876054,20
46.647224351752,8.044729709382,20
46.647154138262,8.057791508992,20
46.647082427683,8.070853274159,20
46.647009220015,8.083915004155,20
46.646934515257,8.096976698254,20
46.654707160689,6.594685511525,20
46.654803140034,6.607748792011,20
46.654897622040,6.620812118712,20
46.654990606710,6.633875490903,20
46.655082094041,6.646938907857,20
46.655172084035,6.660002368847,20
46.656219621466,8.044830608538,20
46.656149396330,8.057894582699,20
46.656077673856,8.070958522417,20
46.656004454044,8.084022426964,20
46.655929736894,8.097086295613,20
46.663604680276,6.581479579855,20
46.663702173124,6.594544988674,20
46.663798168387,6.607610444436,20
46.663892666063,6.620675946414,20
46.663985666154,6.633741493881,20
46.664077168659,6.646807086111,20
46.665144647959,8.057997690798,20
46.665072913590,8.071063805791,20
46.664999681635,8.084129885615,20
46.664924952093,8.097195929541,20
46.664848724966,8.110261936843,20
46.664771000252,8.123327906794,20
46.672500663024,6.568269296979,20
46.672599669873,6.581336834131,20
46.672697178888,6.594404418952,20
46.672793190069,6.607472050716,20
46.672887703415,6.620539728696,20
46.672980718928,6.633607452165,20
46.674068146654,8.071169124283,20
46.673994902555,8.084237380108,20
46.673920160621,8.097305600036,20
46.673843920854,8.110373783340,20
46.673766183252,8.123441929293,20
46.673686947816,8.136510037169,20
46.673606214545,8.149578106240,20
46.673523983440,8.162646135781,20
46.681395107955,6.555054661448,20
46.681495629302,6.568124326931,20
46.681594652566,6.581194040811,20
46.681692177748,6.594263802359,20
46.681788204847,6.607333610850,20
46.681882733863,6.620403465558,20
46.682990116570,8.084344910444,20
46.682915362245,8.097415307099,20
46.682839109837,8.110485667130,20
46.682761359347,8.123555989811,20
46.682682110774,8.136626274414,20
46.682601364118,8.149696520213,20
46.682519119380,8.162766726482,20
46.682435376559,8.175836892493,20
46.690288014091,6.541835671812,20
46.690390050432,6.554907465625,20
46.690490588442,6.567979308562,20
46.690589628121,6.581051199894,20
46.690687169470,6.594123138895,20
46.690783212487,6.607195124840,20
46.691985323448,8.084452476622,20
46.691910556731,8.097525050730,20
46.691834291683,8.110597588214,20
46.691756528304,8.123670088348,20
46.691677266594,8.136742550404,20
46.691596506553,8.149814973657,20
46.691514248182,8.162887357378,20
46.691430491479,8.175959700842,20
46.691345236445,8.189032003323,20
46.699179380454,6.528612326620,20
46.699282932286,6.541686248763,20
46.699384985538,6.554760220755,20
46.699485540212,6.567834241870,20
46.699584596306,6.580908311381,20
46.699682153820,6.593982428561,20
46.700672415044,8.136858865139,20
46.700591641618,8.149933466570,20
46.700509369612,8.163008028470,20
46.700425599027,8.176082550113,20
46.700340329863,8.189157030772,20
46.700253562120,8.202231469720,20
46.700165295797,8.215305866231,20
46.708069206065,6.515384624423,20
46.708174273884,6.528460674894,20
46.708277842876,6.541536775941,20
46.708379913040,6.554612926837,20
46.708480484376,6.567689126856,20
46.708579556885,6.580765375271,20
46.709586769077,8.150051998954,20
46.709504483438,8.163128739758,20
46.709420698972,8.176205440305,20
46.709335415678,8.189282099868,20
46.709248633556,8.202358717720,20
46.709160352606,8.215435293135,20
46.716957489946,6.502152563771,20
46.717064074249,6.515230742569,20
46.717169159477,6.528308972669,20
46.717272745628,6.541387253346,20
46.717374832704,6.554465583872,20
46.717475420704,6.567543963520,20
46.718499589427,8.163249491241,20
46.718415791078,8.176328371418,20
46.718330493654,8.189407210611,20
46.718243697154,8.202486008092,20
46.718155401577,8.215564763137,20
46.718065606925,8.228643475018,20
46.717974313196,8.241722143008,20
46.725952332402,6.501996450337,20
46.726058934362,6.515076809490,20
46.726164036998,6.528157219946,20
46.726267640310,6.541237680977,20
46.726369744297,6.554318191859,20
46.727410875114,8.176451343452,20
46.727325563559,8.189532363000,20
46.727238752680,8.202613340837,20
46.727150442477,8.215694276237,20
46.727060632950,8.228775168473,20
46.726969324098,8.241856016818,20
46.726876515921,8.254936820546,20
46.734839047365,6.488757796748,20
46.734947166555,6.501840284953,20
46.735053786171,6.514922825187,20
46.735158906215,6.528005416724,20
46.735262526687,6.541088058836,20
46.736320625160,8.189657557037,20
46.736233799903,8.202740715955,20
46.736145475073,8.215823832435,20
46.736055650670,8.228906905752,20
46.735964326695,8.241989935178,20
46.735871503146,8.255072919986,20
46.743833855075,6.488599397609,20
46.743941992169,6.501684067620,20
46.744048629442,6.514768789660,20
46.744153766894,6.527853563003,20
46.745140499130,8.215953431732,20
46.745050659852,8.229038686855,20
46.744959320754,8.242123898087,20
46.744866481834,8.255209064702,20
46.752828654014,6.488440945794,20
46.752936809013,6.501527798336,20
46.753043463942,6.514614702908,20
46.753148618803,6.527701658783,20
46.754045660264,8.229170511781,20
46.753954306042,8.242257905545,20
46.753861451750,8.255345254692,20
46.753767097389,8.268432558494,20
46.761823443948,6.488282441303,20
46.761931616852,6.501371477103,20
46.762038289438,6.514460564933,20
46.763040651671,8.229302380530,20
46.762949282325,8.242391957552,20
46.762856412662,8.255481489956,20
46.762762042680,8.268570977016,20
46.762666172381,8.281660418006,20
46.770818224644,6.488123884137,20
46.770926415453,6.501215103921,20
46.771033105696,6.514306375733,20
46.771944249371,8.242526054108,20
46.771851364335,8.255617770495,20
46.771756978734,8.268709441539,20
46.771661092567,8.281801066511,20
46.779812995870,6.487965274296,20
46.779921204583,6.501058678788,20
46.780027912482,6.514152135309,20
46.780939206945,8.242660195213,20
46.780846306538,8.255754096309,20
46.780751905317,8.268847952061,20
46.780656003281,8.281941761742,20
46.780558600431,8.295035524626,20
46.788807757391,6.487806611780,20
46.788915984009,6.500902201706,20
46.789022709564,6.513997843661,20
46.789127934057,6.527093536919,20
46.789746822195,8.268986508584,20
46.789650904290,8.282082503699,20
46.789553485323,8.295178452017,20
46.789454565294,8.308274352811,20
46.797692763140,6.474550173258,20
46.797802508974,6.487647896588,20
46.797910753497,6.500745672673,20
46.798017496709,6.513843500788,20
46.798122738610,6.526941380206,20
46.798741729135,8.269125111106,20
46.798645795362,8.282223292381,20
46.798548360278,8.295321426859,20
46.798449423884,8.308419513813,20
46.798348986178,8.321517552515,20
46.806576220852,6.461289361774,20
46.806687486398,6.474389218506,20
46.806797250386,6.487489128721,20
46.806905512814,6.500589091692,20
46.807012273682,6.513689106692,20
46.807640676263,8.282364127790,20
46.807543225062,8.295464449152,20
46.807444272302,8.308564722991,20
46.807343817983,8.321664948579,20
46.815682199253,6.474228210353,20
46.815791981393,6.487330308178,20
46.815900261726,6.500432458760,20
46.816635546760,8.282505009924,20
46.816538079442,8.295607518897,20
46.816439110317,8.308709980347,20
46.816338639384,8.321812393546,20
46.816236666643,8.334914757767,20
46.824565599120,6.460962916119,20
46.824676901469,6.474067148799,20
46.824786701763,6.487171434960,20
46.824895000001,6.500275773878,20
46.825532923184,8.295750636094,20
46.825433937693,8.308855285879,20
46.825333450147,8.321959887415,20
46.825231460544,8.335064439973,20
46.833447449008,6.447693244571,20
46.833560272064,6.460799612102,20
46.833671592815,6.473906033844,20
46.833781411262,6.487012509067,20
46.833889727404,6.500119037047,20
46.834428754199,8.309000639589,20
46.834328250039,8.322107430186,20
46.834226243575,8.335214171806,20
46.834122734806,8.348320863722,20
46.834017723733,8.361427505207,20
46.842327747940,6.434419194257,20
46.842442092198,6.447527696640,20
46.842554933903,6.460636253959,20
46.842666273056,6.473744865488,20
46.842776109656,6.486853530499,20
46.843221015500,8.335363953267,20
46.843117489622,8.348472834970,20
46.843012461190,8.361581666243,20
46.851322360894,6.434251400961,20
46.851436724050,6.447362093857,20
46.851549584405,6.460472841689,20
46.851660941959,6.473583643731,20
46.851770796712,6.486694499255,20
46.852215776088,8.335513784356,20
46.852112233099,8.348624856572,20
46.852007187309,8.361735878358,20
46.851900638719,8.374846848986,20
46.860201077173,6.420970723615,20
46.860316962276,6.434083552087,20
46.860431344331,6.447196436222,20
46.860544223336,6.460309375293,20
46.861210525105,8.335663665073,20
46.861106965006,8.348776928528,20
46.861001901858,8.361890141552,20
46.860895335660,8.375003303419,20
46.869078240057,6.407685663153,20
46.869195647604,6.420800627200,20
46.869311551855,6.433915647637,20
46.869425952807,6.447030723735,20
46.869538850462,6.460145854770,20
46.870205262317,8.335813595419,20
46.870101685108,8.348929050838,20
46.869996604601,8.362044455826,20
46.869890020797,8.375159809657,20
46.869781933694,8.388275111604,20
46.878072779056,6.407513317746,20
46.878190205998,6.420630474482,20
46.878306129395,6.433747687608,20
46.878420549246,6.446864956397,20
46.878533465550,6.459982280121,20
46.879096393173,8.349081223500,20
46.878991295307,8.362198821178,20
46.878884693896,8.375316367699,20
46.878776588938,8.388433862335,20
46.878666980435,8.401551304361,20
46.887067305784,6.407340915309,20
46.887184752121,6.420460265461,20
46.887300694664,6.433579672002,20
46.887415133413,6.446699134206,20
46.888091088966,8.349233446517,20
46.887985973742,8.362353237610,20
46.887879354724,8.375472977546,20
46.887771231911,8.388592665598,20
46.887661605304,8.401712301039,20
46.896061820007,6.407168455844,20
46.896179285740,6.420290000137,20
46.896295247429,6.433411600818,20
46.896409705076,6.446533257163,20
46.896980639672,8.362507705121,20
46.896874003047,8.375629639197,20
46.896765862380,8.388751521390,20
46.896656217669,8.401873350972,20
46.896545068916,8.414995127216,20
46.904937332075,6.393872257307,20
46.905056321493,6.406995939350,20
46.905173806620,6.420119678509,20
46.905289787456,6.433243474057,20
46.905404264001,6.446367325268,20
46.905975292865,8.362662223711,20
46.905868638633,8.375786352653,20
46.905760480110,8.388910429712,20
46.905650817296,8.402034454161,20
46.905539650191,8.415158425272,20
46.913931800946,6.393697488193,20
46.914050810008,6.406823365828,20
46.914168314530,6.419949300578,20
46.914284314512,6.433075291719,20
46.914863261248,8.375943117914,20
46.914755084870,8.389069390565,20
46.914645403952,8.402195610605,20
46.914534218495,8.415321777308,20
46.922926256613,6.393522661324,20
46.923045285318,6.406650735277,20
46.923162809235,6.419778866345,20
46.923278828364,6.432907053802,20
46.923857870658,8.376099934980,20
46.923749676425,8.389228403948,20
46.923639977404,8.402356820306,20
46.923528773595,8.415485183326,20
46.931800145459,6.380217563549,20
46.931920698843,6.393347776702,20
46.932039747190,6.406478047697,20
46.932157290502,6.419608375808,20
46.932852466630,8.376256803850,20
46.932744254542,8.389387469861,20
46.932634537417,8.402518083262,20
46.932523315257,8.415648643325,20
46.932410588061,8.428779149324,20
46.940794554126,6.380040423403,20
46.940915127401,6.393172834324,20
46.941034195392,6.406305303088,20
46.941151758098,6.419437828968,20
46.941847048932,8.376413724525,20
46.941738818988,8.389546588305,20
46.941629083760,8.402679399474,20
46.941517843248,8.415812157306,20
46.941405097451,8.428944861073,20
46.941290846370,8.442077510051,20
46.949666850189,6.366728673932,20
46.949788948888,6.379863224778,20
46.949909542054,6.392997834193,20
46.950028629688,6.406132501451,20
46.950146211790,6.419267225825,20
46.950841617328,8.376570697004,20
46.950733369530,8.389705759278,20
46.950623616198,8.402840768942,20
46.950512357334,8.415975725268,20
46.950399592937,8.429110627529,20
46.950285323008,8.442245475001,20
46.950169547546,8.455380266955,20
46.958661210673,6.366549217607,20
46.958783329512,6.379685967673,20
46.958903942570,6.392822776308,20
46.959023049847,6.405959642785,20
46.959394074286,8.429276448692,20
46.959279785508,8.442413495383,20
46.959163990949,8.455550486557,20
46.959046690609,8.468687421486,20
46.967655556787,6.366369702077,20
46.967777695766,6.379508652088,20
46.967898328715,6.392647660668,20
46.968017455635,6.405786727091,20
46.968274233637,8.442581571198,20
46.968158419981,8.455720762317,20
46.968041100296,8.468859897192,20
46.976649888296,6.366190127342,20
46.976772047414,6.379331278023,20
46.976892700256,6.392472487274,20
46.977011846819,6.405613754368,20
46.977268667161,8.442749702446,20
46.977152834409,8.455891094235,20
46.977035495378,8.469032429781,20
46.985644204967,6.366010493401,20
46.985766384225,6.379153845479,20
46.985887056958,6.392297256126,20
46.986147233998,8.456061482311,20
46.986029875623,8.469205019253,20
46.994638506567,6.365830800255,20
46.994760705965,6.378976354455,20
46.994881398590,6.392121967224,20
46.995000584439,6.405267637835,20
46.995024240796,8.469377665609,20
47.003632792863,6.365651047903,20
47.003755012401,6.378798804951,20
47.003875724917,6.391946620567,20
47.003994930410,6.405094494026,20
47.004018590665,8.469550368849,20
47.012627063621,6.365471236346,20
47.012749303299,6.378621196967,20
47.012870035706,6.391771216156,20
47.021621318607,6.365291365584,20
47.021743578425,6.378443530503,20
47.021864330724,6.391595753991,20
47.030615557590,6.365111435617,20
47.030737837548,6.378265805560,20
47.030858609738,6.391420234072,20
47.039609780334,6.364931446444,20
47.039732080432,6.378088022137,20
47.039852872514,6.391244656399,20
47.039995832430,8.470241750643,20
47.048603986608,6.364751398066,20
47.048726306845,6.377910180234,20
47.048990102277,8.470414738301,20
47.057598176177,6.364571290482,20
47.057720516554,6.377732279851,20
47.057984355420,8.470587782842,20
47.066592348808,6.364391123694,20
47.066714709325,6.377554320989,20
47.075586504268,6.364210897700,20
47.075708884925,6.377376303646,20
47.084580642324,6.364030612500,20
47.093574762742,6.363850268095,20
47.102568865289,6.363669864485,20
47.111562949731,6.363489401670,20
47.264459389171,6.360412475391,20
47.273453107833,6.360230946879,20
47.282446803958,6.360049359162,20
47.291440477311,6.359867712240,20
47.300434127660,6.359686006113,20
47.309427754772,6.359504240780,20
47.318421358412,6.359322416242,20
47.318544282844,6.372547730050,20
47.327414938348,6.359140532498,20
47.327537882920,6.372368075274,20
47.336408494345,6.358958589550,20
47.336531459058,6.372188362018,20
47.345402026172,6.358776587396,20
47.345525011024,6.372008590282,20
47.354395533595,6.358594526036,20
47.354518538586,6.371828760067,20
47.363389016379,6.358412405471,20
47.363512041511,6.371648871372,20
47.363633549686,6.384885395842,20
47.372382474293,6.358230225701,20
47.372505519564,6.371468924197,20
47.372627047631,6.384707681262,20
47.372770878602,8.476680178416,20
47.381375907102,6.358047986726,20
47.381498972513,6.371288918542,20
47.381620520472,6.384529908928,20
47.381764374984,8.476855270765,20
47.390369314573,6.357865688545,20
47.390492400124,6.371108854408,20
47.390613967974,6.384352078840,20
47.390734018123,6.397595361115,20
47.390757846029,8.477030419997,20
47.399362696473,6.357683331159,20
47.399485802164,6.370928731794,20
47.399607389906,6.384174190998,20
47.399727459698,6.397419708044,20
47.399869539755,8.463960040615,20
47.399751291502,8.477205626113,20
47.408356052569,6.357500914567,20
47.408479178399,6.370748550700,20
47.408600786033,6.383996245401,20
47.408720875468,6.397243997945,20
47.408862978770,8.464133068117,20
47.408744711171,8.477380889113,20
47.417349382627,6.357318438770,20
47.417472528597,6.370568311126,20
47.417594156122,6.383818242050,20
47.417714265200,6.397068230818,20
47.417856391746,8.464306151777,20
47.417738104803,8.477556208996,20
47.426342686413,6.357135903768,20
47.426465852524,6.370388013072,20
47.426587499940,6.383640180945,20
47.426707628662,6.396892406661,20
47.426826238689,6.410144689493,20
47.426966566046,8.451226941183,20
47.426849778451,8.464479291595,20
47.426731472163,8.477731585763,20
47.435459149946,6.370207656539,20
47.435580817254,6.383462062086,20
47.435700965619,6.396716525476,20
47.435819595041,6.409971045982,20
47.435959945343,8.451397899486,20
47.435843138652,8.464652487571,20
47.435724813018,8.477907019413,20
47.444452420630,6.370027241526,20
47.444574107830,6.383283885473,20
47.444694275838,6.396540587262,20
47.444812924655,6.409797346168,20
47.444930054281,6.423054161463,20
47.444953297903,8.451568913220,20
47.444836472115,8.464825739706,20
47.444718127136,8.478082509947,20
47.453567371434,6.383105651105,20
47.453687559086,6.396364592020,20
47.453806227298,6.409623590050,20
47.453923376070,6.422882644471,20
47.453946623492,8.451739982387,20
47.453829778607,8.464999047998,20
47.453711414283,8.478258057365,20
47.462560607835,6.382927358983,20
47.462680815129,6.396188539749,20
47.462799502736,6.409449777630,20
47.462916670655,6.422711071901,20
47.463055266170,8.438649746008,20
47.462939921876,8.451911106986,20
47.462823057895,8.465172412448,20
47.462704674226,8.478433661666,20
47.471553816797,6.382749009107,20
47.471674043735,6.396012430449,20
47.471792750736,6.409275908907,20
47.471909937802,6.422539443754,20
47.472025604932,6.435803034264,20
47.472048555965,8.438818685463,20
47.471933192823,8.452082287018,20
47.471816309744,8.465345833056,20
47.471697906730,8.478609322850,20
47.480667244670,6.395836264120,20
47.480785971066,6.409101983880,20
47.480903177278,6.422367760029,20
47.481018863306,6.435633591841,20
47.481155679896,8.425721781978,20
47.481041818089,8.438987679625,20
47.480926436098,8.452253522483,20
47.480809533923,8.465519309822,20
47.480691111564,8.478785040918,20
47.489660417700,6.395660040763,20
47.489779163491,6.408928002550,20
47.489896388850,6.422196020727,20
47.490012093776,6.435464094566,20
47.490126278269,6.448732223341,20
47.490261292690,8.412620395080,20
47.490148932716,8.425888588820,20
47.490035052309,8.439156728495,20
47.489919651469,8.452424813379,20
47.489802730197,8.465692842747,20
47.498653562592,6.395483760377,20
47.498772327778,6.408753964918,20
47.498889572283,6.422024225847,20
47.499005296107,6.435294542439,20
47.499119499251,6.448564913968,20
47.499254535723,8.412785013151,20
47.499142157397,8.426055449643,20
47.499028258391,8.439325832071,20
47.498912838703,8.452596159709,20
47.507765463694,6.408579870982,20
47.507882727346,6.421852375390,20
47.507998470068,6.435124935461,20
47.508112691861,6.448397550467,20
47.508247750386,8.412949684476,20
47.508135353708,8.426222364447,20
47.508021436101,8.439494990354,20
47.507905997565,8.452767561470,20
47.516758571006,6.408405720743,20
47.516875853804,6.421680469355,20
47.516991615425,6.434955273630,20
47.517105855867,6.448230132841,20
47.517218575132,6.461505046261,20
47.517351830296,8.399839431546,20
47.517240936444,8.413114409058,20
47.517128521415,8.426389333233,20
47.517014585207,8.439664203344,20
47.516899127822,8.452939018664,20
47.525868951425,6.421508507742,20
47.525984731943,6.434785556947,20
47.526098991036,6.448062661088,20
47.526211728702,6.461339819438,20
47.526322944943,6.474617031270,20
47.526345005620,8.400001964454,20
47.526234093665,8.413279186896,20
47.526121660283,8.426556356000,20
47.526007705476,8.439833471041,20
47.525892229242,8.453110531291,20
47.534862019974,6.421336490552,20
47.534977819391,6.434615785412,20
47.535092097133,6.447895135208,20
47.535204853201,6.461174539213,20
47.535316087595,6.474453996701,20
47.535555446968,8.373605456592,20
47.535447560257,8.386885029184,20
47.535338151873,8.400164549892,20
47.535227221814,8.413444017989,20
47.535114770081,8.426723432749,20
47.535000796673,8.440002793445,20
47.543970877534,6.434445959025,20
47.544085173926,6.447727555202,20
47.544197948396,6.461009205588,20
47.544309200942,6.474290909456,20
47.544418931567,6.487572666081,20
47.544654981772,8.360481731669,20
47.544548599378,8.373763601799,20
47.544440695061,8.387045420772,20
47.544331268821,8.400327187860,20
47.544220320659,8.413608902338,20
47.544107850574,8.426890563479,20
47.552963906139,6.434276077787,20
47.553078221181,6.447559921070,20
47.553191014052,6.460843818562,20
47.553302284752,6.474127769537,20
47.553412033281,6.487411773268,20
47.553752999585,8.347353513182,20
47.553648122003,8.360637680849,20
47.553541722251,8.373921798085,20
47.553433800327,8.387205864164,20
47.553324356232,8.400489878359,20
47.553213389966,8.413773839943,20
47.562071238665,6.447392232811,20
47.562184049938,6.460678378135,20
47.562295338791,6.473964576942,20
47.562405105225,6.487250828504,20
47.562513349239,6.500537132096,20
47.562849499428,8.334220799680,20
47.562746127155,8.347507264883,20
47.562641232463,8.360793680382,20
47.562534815352,8.374080045450,20
47.562426875821,8.387366359361,20
47.562317413871,8.400652621388,20
47.571177055819,6.460512884307,20
47.571288362825,6.473801331671,20
47.571398147164,6.487089831791,20
47.571506408835,6.500378383941,20
47.571842613856,8.334372352452,20
47.571739224721,8.347661066212,20
47.571634312919,8.360949730268,20
47.571527878449,8.374238343894,20
47.571419921311,8.387526906362,20
47.580170031462,6.460347337078,20
47.580281356621,6.473638033725,20
47.580391158865,6.486928783129,20
47.580499438193,6.500219584561,20
47.580606194604,6.513510437296,20
47.580937581126,8.321232942106,20
47.580835698045,8.334523954126,20
47.580732292049,8.347814917169,20
47.580627363137,8.361105830509,20
47.580520911308,8.374396693417,20
47.589274319947,6.473474683104,20
47.589384140095,6.486767682516,20
47.589492437079,6.500060733957,20
47.589599210899,6.513353836701,20
47.589704461554,6.526646990021,20
47.589930651458,8.321382342674,20
47.589828751764,8.334675604703,20
47.589725328906,8.347968817755,20
47.589620382883,8.361261981102,20
47.598377090621,6.486606529954,20
47.598485405261,6.499901832129,20
47.598592196489,6.513197185607,20
47.598697464305,6.526492589661,20
47.598801208707,6.539788043564,20
47.599024083980,8.308236230405,20
47.598923691086,8.321531791419,20
47.598821774778,8.334827304182,20
47.598718335058,8.348122767968,20
47.598613371925,8.361418182050,20
47.607370010209,6.486445325441,20
47.607478342506,6.499742879076,20
47.607585151142,6.513040484014,20
47.607690436117,6.526338139528,20
47.607794197431,6.539635844890,20
47.608115994634,8.295085615869,20
47.608017109035,8.308383475867,20
47.607916699776,8.321681288341,20
47.607814766855,8.334979052563,20
47.607711310273,8.348276767809,20
47.616471248579,6.499583874800,20
47.616578074623,6.512883731922,20
47.616683376758,6.526183639621,20
47.616787154984,6.539483597169,20
47.616889409300,6.552783603840,20
47.617109004635,8.295230656598,20
47.617010102919,8.308530768780,20
47.616909677294,8.321830833439,20
47.616807727760,8.335130849847,20
47.616704254316,8.348430817278,20
47.625570966700,6.512726929332,20
47.625676285995,6.526029089942,20
47.625780081132,6.539331300401,20
47.625882352112,6.552633559982,20
47.625983098934,6.565935867960,20
47.626199376906,8.282073332161,20
47.626101983232,8.295375744052,20
47.626003065399,8.308678109145,20
47.625902623409,8.321980426715,20
47.625800657261,8.335282696034,20
47.634669163594,6.525874490489,20
47.634772975643,6.539178954585,20
47.634875263286,6.552483467803,20
47.634976026522,6.565788029417,20
47.635075265353,6.579092638700,20
47.635288224871,8.268911501106,20
47.635192339733,8.282216212704,20
47.635094930190,8.295520878232,20
47.634995996241,8.308825496962,20
47.634895537885,8.322130068167,20
47.643662009322,6.525719841264,20
47.643765838282,6.539026559721,20
47.643868142588,6.552333327301,20
47.643968922240,6.565640143277,20
47.644068177237,6.578947006922,20
47.644375547550,8.255745161985,20
47.644281171447,8.269052173288,20
47.644185270689,8.282359139248,20
47.644087845278,8.295666059137,20
47.643988895211,8.308972932229,20
47.643888420491,8.322279757797,20
47.652758668817,6.538874115810,20
47.652860989786,6.552183138477,20
47.652961785853,6.565492209540,20
47.653061057016,6.578801328273,20
47.653158803277,6.592110493948,20
47.653461343966,8.242574313345,20
47.653368477394,8.255883624354,20
47.653274085919,8.269192890745,20
47.653178169541,8.282502111792,20
47.653080728261,8.295811286769,20
47.661751467015,6.538721622851,20
47.661853804647,6.552032901331,20
47.661954617128,6.565344228207,20
47.662053904458,6.578655602753,20
47.662151666637,6.591967024241,20
47.662247903665,6.605278491946,20
47.662545613140,8.229398953738,20
47.662454256595,8.242710564450,20
47.662361374900,8.256022131272,20
47.662266968053,8.269333653476,20
47.662171036055,8.282645130336,20
47.662073578906,8.295956561126,20
47.670846586936,6.551882615863,20
47.670947415832,6.565196199278,20
47.671046719329,6.578509830362,20
47.671144497426,6.591823508389,20
47.671240750124,6.605137232632,20
47.671335477422,6.618451002364,20
47.671628354094,8.216219081713,20
47.671538508074,8.229532992128,20
47.671447136654,8.242846859379,20
47.671354239834,8.256160682739,20
47.671259817615,8.269474461482,20
47.671163869997,8.282788194881,20
47.679940181732,6.565048122753,20
47.680039501395,6.578364011101,20
47.680137295410,6.591679946392,20
47.680233563778,6.604995927899,20
47.680328306498,6.618311954895,20
47.680421523570,6.631628026654,20
47.680709565850,8.203034695821,20
47.680621230850,8.216350905938,20
47.680531370202,8.229667073616,20
47.680439983907,8.242983198131,20
47.680347071964,8.256299278756,20
47.680252634374,8.269615314762,20
47.689032250423,6.578218144968,20
47.689130060357,6.591536338249,20
47.689226344394,6.604854577745,20
47.689321102536,6.618172862731,20
47.689414334782,6.631491192480,20
47.689506041131,6.644809566265,20
47.689789247429,8.189845794612,20
47.689702423946,8.203164304428,20
47.689614074568,8.216482772534,20
47.689524199294,8.229801198203,20
47.689432798123,8.243119580707,20
47.689339871057,8.256437919321,20
47.698122792032,6.591392683961,20
47.698219091740,6.604713182173,20
47.698313865303,6.618033725874,20
47.698407112722,6.631354314337,20
47.698498833996,6.644674946837,20
47.698589029126,6.657995622646,20
47.698867397852,8.176652376634,20
47.698782086384,8.189973186150,20
47.698695248772,8.203293954682,20
47.698606885015,8.216614681503,20
47.698516995114,8.229935365887,20
47.698425579068,8.243256007107,20
47.707211805581,6.604571741180,20
47.707306594565,6.617894544322,20
47.707399857157,6.631217392226,20
47.707491593356,6.644540284167,20
47.707581803163,6.657863219417,20
47.707670486577,6.671186197249,20
47.707944016143,8.163454440439,20
47.707860217185,8.176777549653,20
47.707774891835,8.190100618610,20
47.707688040093,8.203423646583,20
47.707599661957,8.216746632844,20
47.707509757429,8.230069576669,20
47.716299290090,6.617755318076,20
47.716392567855,6.631080426147,20
47.716484318979,6.644405578253,20
47.716574543462,6.657730773670,20
47.716663241304,6.671056011669,20
47.716750412505,6.684381291524,20
47.717019101321,8.150251984577,20
47.716936815371,8.163577393488,20
47.716853002780,8.176902762868,20
47.716767663548,8.190228091991,20
47.716680797676,8.203553380130,20
47.716592405162,8.216878626558,20
47.725385244581,6.630943416098,20
47.725477010630,6.644270829097,20
47.725567249790,6.657598285405,20
47.725655962060,6.670925784296,20
47.725743147441,6.684253325043,20
47.725828805933,6.697580906919,20
47.726092652410,8.137045007597,20
47.726011879964,8.150372716204,20
47.725929580629,8.163700386007,20
47.725845754404,8.177028016279,20
47.725760401291,8.190355606294,20
47.725673521288,8.203683155324,20
47.734469668077,6.644136036697,20
47.734559921913,6.657465754623,20
47.734648648612,6.670795515131,20
47.734735848173,6.684125317495,20
47.734821520596,6.697455160989,20
47.734905665881,6.710785044885,20
47.735164668429,8.123833508050,20
47.735085409985,8.137163516351,20
47.735004624402,8.150493486575,20
47.734922311682,8.163823417996,20
47.734838471824,8.177153309885,20
47.734753104828,8.190483161518,20
47.743552559599,6.657333181323,20
47.743641300726,6.670665204174,20
47.743728514466,6.683997268881,20
47.743814200821,6.697329374718,20
47.743898359790,6.710661520957,20
47.743980991372,6.723993706873,20
47.744235148403,8.110617484485,20
47.744157404455,8.123949792480,20
47.744078133122,8.137282063124,20
47.743997334402,8.150614295692,20
47.743915008297,8.163946489455,20
47.743831154806,8.177278643688,20
47.752633918169,6.670534851425,20
47.752721146089,6.683869179201,20
47.752806846375,6.697203548106,20
47.752891019027,6.710537957414,20
47.752973664044,6.723872406398,20
47.753054781427,6.737206894331,20
47.753134371176,6.750541420487,20
47.753378792670,8.084062291867,20
47.753304091351,8.097396935452,20
47.753227862397,8.110731543140,20
47.753150105810,8.124066114204,20
47.753070821588,8.137400647917,20
47.752990009732,8.150735143553,20
47.752907670241,8.164069600384,20
47.761799457025,6.697077681154,20
47.761883643360,6.710414354256,20
47.761966301812,6.723751067034,20
47.762047432382,6.737087818761,20
47.762127035069,6.750424608711,20
47.762205109873,6.763761436157,20
47.762444681875,8.070834916952,20
47.762371496295,8.084171859502,20
47.762296782833,8.097508766881,20
47.762220541488,8.110845638363,20
47.762142772260,8.124182473221,20
47.762063475150,8.137519270728,20
47.761982650157,8.150856030158,20
47.770876232555,6.710290711482,20
47.770958904442,6.723629688779,20
47.771040048198,6.736968705026,20
47.771119663823,6.750307759496,20
47.771197751317,6.763646851462,20
47.771274310680,6.776985980196,20
47.771509031602,8.057603013671,20
47.771437362258,8.070942255184,20
47.771364164783,8.084281462254,20
47.771289439177,8.097620634153,20
47.771213185440,8.110959770154,20
47.771135403572,8.124298869532,20
47.779951471701,6.723508271636,20
47.780032628643,6.736849553128,20
47.780112257207,6.750190872842,20
47.780190357391,6.763532230053,20
47.780266929195,6.776873624033,20
47.780341972620,6.790215054056,20
47.780415487666,6.803556519395,20
47.780571840872,8.044366580573,20
47.780501688261,8.057708121049,20
47.780430007270,8.071049627808,20
47.780356797900,8.084391100122,20
47.780282060151,8.097732537267,20
47.780205794022,8.111073938513,20
47.789025173484,6.736730363065,20
47.789104814986,6.750073948750,20
47.789182927859,6.763417571932,20
47.789259512106,6.776761231883,20
47.789334567724,6.790104927876,20
47.789408094715,6.803448659186,20
47.789480093078,6.816792425085,20
47.789550562813,6.830136224846,20
47.789700215462,8.017781744507,20
47.789633108707,8.031125616208,20
47.789564473325,8.044469455646,20
47.789494309315,8.057813262093,20
47.789422616678,8.071157034823,20
47.789349395412,8.084500773108,20
47.789274645519,8.097844476223,20
47.798097336927,6.749956987220,20
47.798175462490,6.763302877097,20
47.798252059178,6.776648803745,20
47.798327126990,6.789994766435,20
47.798400665925,6.803340764441,20
47.798472675985,6.816686797036,20
47.798543157168,6.830032863494,20
47.798612109476,6.843378963088,20
47.798679532908,6.856725095091,20
47.798758422909,8.004533949193,20
47.798692834129,8.017880119128,20
47.798625716472,8.031226257526,20
47.798557069940,8.044572363660,20
47.798486894532,8.057918436803,20
47.798415190247,8.071264476229,20
47.798341957087,8.084610481211,20
47.807244570180,6.776536339619,20
47.807319650184,6.789884569731,20
47.807393201065,6.803232835159,20
47.807465222821,6.816581135176,20
47.807535715453,6.829929469056,20
47.807604678960,6.843277836071,20
47.807672113343,6.856626235496,20
47.807738018602,6.869974666604,20
47.807877627654,7.977933121461,20
47.807815086468,7.991281619713,20
47.807751016159,8.004630087881,20
47.807685416725,8.017978525238,20
47.807618288167,8.031326931058,20
47.807549630484,8.044675304613,20
47.807479443677,8.058023645178,20
47.807407727746,8.071371952026,20
47.816385699900,6.803124871340,20
47.816457733352,6.816475439505,20
47.816528237432,6.829826041532,20
47.816597212140,6.843176676695,20
47.816664657474,6.856527344268,20
47.816730573436,6.869878043523,20
47.816794960025,6.883228773734,20
47.816857817242,6.896579534175,20
47.816990719727,7.951323134474,20
47.816931227130,7.964673958861,20
47.816870205161,7.978024754618,20
47.816807653819,7.991375521017,20
47.816743573104,8.004726257332,20
47.816677963016,8.018076962837,20
47.816610823556,8.031427636804,20
47.816542154724,8.044778278507,20
47.825450207346,6.816369710023,20
47.825520722874,6.829722580923,20
47.825589708781,6.843075484960,20
47.825657165067,6.856428421405,20
47.825723091733,6.869781389533,20
47.825787488777,6.883134388618,20
47.825850356200,6.896487417931,20
47.825911694002,6.909840476747,20
47.825971502183,6.923193564340,20
47.826029780743,6.936546679981,20
47.826097695915,7.924703989691,20
47.826041252901,7.938057138033,20
47.825983280265,7.951410259197,20
47.825923778008,7.964763352457,20
47.825862746130,7.978116417087,20
47.825800184631,7.991469452359,20
47.825736093511,8.004822457547,20
47.825670472770,8.018175431925,20
47.834582168652,6.842974260864,20
47.834649635890,6.856329466908,20
47.834715573258,6.869684704635,20
47.834779980757,6.883039973318,20
47.834842858386,6.896395272230,20
47.834904206147,6.909750600645,20
47.834964024038,6.923105957835,20
47.835022312059,6.936461343076,20
47.835079070211,6.949816755638,20
47.835134298494,6.963172194797,20
47.835198553006,7.898075688573,20
47.835145160567,7.911431158688,20
47.835090238258,7.924786603079,20
47.835033786079,7.938142021019,20
47.834975804031,7.951497411782,20
47.834916292114,7.964852774640,20
47.834855250328,7.978208108869,20
47.834792678672,7.991563413739,20
47.834728577147,8.004918688526,20
47.843708017779,6.869587988828,20
47.843772435732,6.882945527835,20
47.843835323569,6.896303097071,20
47.843896681287,6.909660695810,20
47.843956508888,6.923018323325,20
47.844014806371,6.936375978889,20
47.844071573736,6.949733661776,20
47.844126810984,6.963091371259,20
47.844180518114,6.976449106611,20
47.844232695127,6.989806867106,20
47.844342098540,7.858080419329,20
47.844293287786,7.871438232579,20
47.844242946915,7.884796022286,20
47.844191075926,7.898153787723,20
47.844137674819,7.911511528161,20
47.844082743595,7.924869242876,20
47.844026282253,7.938226931141,20
47.843968290794,7.951584592228,20
47.843908769217,7.964942225410,20
47.843847717522,7.978299829963,20
47.852827751513,6.896210892454,20
47.852889119190,6.909570762243,20
47.852948956500,6.922930660808,20
47.853007263445,6.936290587422,20
47.853064040023,6.949650541358,20
47.853119286236,6.963010521891,20
47.853173002083,6.976370528293,20
47.853225187563,6.989730559837,20
47.853275842678,7.003090615798,20
47.853324967426,7.016450695448,20
47.853427654985,7.831431493962,20
47.853381897042,7.844791623170,20
47.853334608732,7.858151730288,20
47.853285790057,7.871511814589,20
47.853235441015,7.884871875345,20
47.853183561608,7.898231911831,20
47.853130151835,7.911591923320,20
47.853075211695,7.924951909084,20
47.853018741190,7.938311868398,20
47.852960740318,7.951671800535,20
47.861941366641,6.922842970284,20
47.861999683048,6.936205168673,20
47.862056468839,6.949567394385,20
47.862111724017,6.962929646693,20
47.862165448580,6.976291924870,20
47.862217642529,6.989654228190,20
47.862268305863,7.003016555925,20
47.862317438583,7.016378907351,20
47.862365040689,7.029741281738,20
47.862411112180,7.043103678362,20
47.862507081699,7.804773418820,20
47.862464377559,7.818135861805,20
47.862420142805,7.831498284153,20
47.862374377436,7.844860685137,20
47.862327081453,7.858223064030,20
47.862278254856,7.871585420106,20
47.862227897645,7.884947752638,20
47.862176009819,7.898310060899,20
47.862122591379,7.911672344163,20
47.862067642324,7.925034601702,20
