45.815371148016,6.481514536953,20
45.815480090878,6.494377775298,20
45.815587559548,6.507241066981,20
45.815693554025,6.520104411274,20
45.815798074308,6.532967807451,20
45.815901120399,6.545831254785,20
45.818113589254,7.986686342668,20
45.818050051535,7.999550890321,20
45.817985039624,8.012415406291,20
45.817918553520,8.025279889852,20
45.817850593222,8.038144340277,20
45.824255153135,6.468492435519,20
45.824365588790,6.481357727454,20
45.824474550005,6.494223073454,20
45.824582036778,6.507088472791,20
45.824688049110,6.519953924739,20
45.824792587001,6.532819428570,20
45.824895650450,6.545684983559,20
45.827108492003,7.986776128752,20
45.827044943581,7.999642784059,20
45.826979920719,8.012509407684,20
45.826913423414,8.025375998900,20
45.826845451669,8.038242556979,20
45.826776005482,8.051109081196,20
45.833249590385,6.468333463658,20
45.833360044641,6.481200863974,20
45.833469024207,6.494068318354,20
45.833576529084,6.506935826071,20
45.833682559271,6.519803386399,20
45.836103409828,7.986865945744,20
45.836039850703,7.999734709432,20
45.835974816889,8.012603441437,20
45.835908308385,8.025472141033,20
45.835840325191,8.038340807493,20
45.835770867308,8.051209440090,20
45.842244042477,6.468174437091,20
45.842354515333,6.481043946513,20
45.842463513252,6.493913509998,20
45.842571036232,6.506783126821,20
45.844969727901,8.012697507550,20
45.844903208197,8.025568316251,20
45.844835213556,8.038439091817,20
45.844765743976,8.051309833519,20
45.844694799458,8.064180540633,20
45.844622380002,8.077051212430,20
45.844548485608,8.089921848185,20
45.844473116277,8.102792447170,20
45.844396272007,8.115663008660,20
45.844317952799,8.128533531926,20
45.851238509179,6.468015355817,20
45.851349000635,6.480886975070,20
45.851458016905,6.493758648386,20
45.851565557989,6.506630375040,20
45.853898122619,8.025664524555,20
45.853830116529,8.038537409952,20
45.853760635253,8.051410261486,20
45.853689678790,8.064283078430,20
45.853617247141,8.077155860059,20
45.853543340306,8.090028605645,20
45.853467958284,8.102901314461,20
45.853391101076,8.115773985782,20
45.853312768682,8.128646618880,20
45.860232990255,6.467856219836,20
45.860343500312,6.480729949645,20
45.860452534934,6.493603733519,20
45.860560094121,6.506477570729,20
45.862893051416,8.025760765944,20
45.862825033878,8.038635761897,20
45.862755540905,8.051510723988,20
45.862684572498,8.064385651490,20
45.862538209379,8.090135399818,20
45.862462814667,8.103010219191,20
45.862385944521,8.115885001068,20
45.862307598940,8.128759744723,20
45.869115481135,6.454821242847,20
45.869227485474,6.467697029148,20
45.869338014131,6.480572870240,20
45.869447067105,6.493448765395,20
45.869554644396,6.506324713889,20
45.871533092594,8.090242230704,20
45.871457685192,8.103119161359,20
45.871380802108,8.115996054519,20
45.877996472295,6.441782042653,20
45.878109971414,6.454659885444,20
45.878221994602,6.467537783753,20
45.878332541859,6.480415736853,20
45.878441613185,6.493293744016,20
45.878549208579,6.506171804517,20
45.880452569626,8.103228140966,20
45.880375673604,8.116107146134,20
45.880297301650,8.128986113079,20
45.880217453765,8.141865041075,20
45.886990957153,6.441618517084,20
45.887104475369,6.454498472609,20
45.887216517406,6.467378483652,20
45.887327083263,6.480258549485,20
45.887436172940,6.493138669382,20
45.889522900517,8.090456002615,20
45.889447467736,8.103337158012,20
45.889370558776,8.116218275913,20
45.889292173635,8.129099355592,20
45.889212312315,8.141980396321,20
45.889130974816,8.154861397374,20
45.889048161136,8.167742358024,20
45.895870441712,6.428572922617,20
45.895985455453,6.441454935358,20
45.896098992766,6.454337004342,20
45.896211053652,6.467219128843,20
45.898442379288,8.103446212497,20
45.898365457389,8.116329443857,20
45.898287059062,8.129212636994,20
45.898207184308,8.142095791182,20
45.898125833125,8.154978905694,20
45.898043005514,8.167861979803,20
45.904748424114,6.415523100594,20
45.904864933876,6.428407170548,20
45.904979966963,6.441291297473,20
45.905093523373,6.454175480642,20
45.905205603106,6.467059719327,20
45.907281957699,8.129325957286,20
45.907202069509,8.142211225659,20
45.907120704643,8.155096454355,20
45.907037863101,8.167981642649,20
45.913742909660,6.415355176732,20
45.913859439016,6.428241361596,20
45.913974491447,6.441127603430,20
45.914088066954,6.454013901509,20
45.916196967686,8.142326699751,20
45.916115589137,8.155214043358,20
45.916032733663,8.168101346562,20
45.922619381825,6.402298952457,20
45.922737407948,6.415187195260,20
45.922853956898,6.428075495759,20
45.922969028674,6.440963853230,20
45.923082623278,6.453852266944,20
45.925271793664,8.129552714540,20
45.925191878605,8.142442213458,20
45.925110486373,8.155331672701,20
45.925027616967,8.168221091540,20
45.924943270389,8.181110469251,20
45.931494349395,6.389238496275,20
45.931613872781,6.402128797015,20
45.931731918745,6.415019156179,20
45.931848487289,6.427909573040,20
45.931963578410,6.440800046871,20
45.934186802033,8.142557766781,20
45.934105396117,8.155449342385,20
45.934022512781,8.168340877586,20
45.933938152022,8.181232371657,20
45.933852313843,8.194123823873,20
45.940488832536,6.389066165412,20
45.940608376012,6.401958583238,20
45.940726441818,6.414851059488,20
45.940843029955,6.427743593436,20
45.940958140422,6.440636184355,20
45.943181737736,8.142673359719,20
45.943100318138,8.155567052409,20
45.943017420869,8.168460704697,20
45.942933045931,8.181354315856,20
45.942847193324,8.194247885158,20
45.949483327719,6.388893775488,20
45.949602891285,6.401788311126,20
45.949720976933,6.414682905189,20
45.949837584664,6.427577556949,20
45.952095252200,8.155684802775,20
45.952012341001,8.168580572875,20
45.951927951883,8.181476301846,20
45.958477834711,6.388721326504,20
45.958597418367,6.401617980680,20
45.958715523857,6.414514693281,20
45.958832151181,6.427411463579,20
45.961090198072,8.155802593482,20
45.961007272940,8.168700482120,20
45.960922869643,8.181598329628,20
45.960836988179,8.194496135281,20
45.967472353278,6.388548818459,20
45.967591957025,6.401447591899,20
45.967710082357,6.414346423763,20
45.967826729274,6.427245313325,20
45.970085155519,8.155920424529,20
45.970002216456,8.168820432431,20
45.969917798979,8.181720399203,20
45.969831903086,8.194620324119,20
45.969744528780,8.207520206452,20
45.976466883188,6.388376251355,20
45.976586507025,6.401277144784,20
45.976704652199,6.414178096637,20
45.976821318709,6.427079106187,20
45.978997171314,8.168940423808,20
45.978912739656,8.181842510569,20
45.978826829336,8.194744555474,20
45.978739440353,8.207646557797,20
45.978650572707,8.220548516810,20
45.985461424207,6.388203625190,20
45.985581068134,6.401106639333,20
45.985699233149,6.414009711901,20
45.987907691443,8.181964663728,20
45.987821766695,8.194868829347,20
45.987734363035,8.207772952384,20
45.994455976101,6.388030939965,20
45.994575640118,6.400936075548,20
45.994693824975,6.413841269556,20
45.996902654106,8.182086858678,20
45.996816714929,8.194993145738,20
45.996729296593,8.207899390215,20
45.996640399097,8.220805591382,20
46.003329375122,6.374950997081,20
46.003450538637,6.387858195679,20
46.003570222745,6.400765453429,20
46.003688427444,6.413672769602,20
46.005982101607,8.169300644339,20
46.005897627410,8.182209095420,20
46.005811673805,8.195117504646,20
46.005724240793,8.208025871288,20
46.005635328372,8.220934194622,20
46.012323927729,6.374776070844,20
46.012445111583,6.387685392334,20
46.012564815780,6.400594772975,20
46.012683040321,6.413504212039,20
46.014892611124,8.182331373955,20
46.014806643091,8.195241906071,20
46.014719195401,8.208152395605,20
46.014630268056,8.221062841830,20
46.014539861054,8.233973244018,20
46.021071642413,6.348778374967,20
46.021195806414,6.361689699592,20
46.021318490511,6.374601084822,20
46.021439694704,6.387512529928,20
46.021559418991,6.400424034186,20
46.021677663374,6.413335596867,20
46.023887605013,8.182453694281,20
46.023801622552,8.195366350014,20
46.023714160186,8.208278963165,20
46.023625217915,8.221191533007,20
46.023534795740,8.234104058812,20
46.030066173716,6.348599080474,20
46.030190358552,6.361512529442,20
46.030313063236,6.374426039013,20
46.030434287767,6.387339608462,20
46.030554032144,6.400253237062,20
46.032796611955,8.195490836475,20
46.032709134912,8.208405573968,20
46.032620177717,8.221320268152,20
46.032529740369,8.234234918300,20
46.039060714727,6.348419724744,20
46.039184920399,6.361335298780,20
46.039307645669,6.374250933419,20
46.039428890539,6.387166627936,20
46.041791611067,8.195615365454,20
46.041704119348,8.208532228014,20
46.041615147228,8.221449047266,20
46.041524694706,8.234365822482,20
46.041432761783,8.247282552935,20
46.041339348459,8.260199237898,20
46.047929558057,6.335322669279,20
46.048055265214,6.348240307777,20
46.048179491721,6.361158007606,20
46.048302237578,6.374075768039,20
46.048423502786,6.386993588350,20
46.050610126214,8.221577870349,20
46.050519658519,8.234496771358,20
46.050427710175,8.247415627604,20
46.050334281181,8.260334438361,20
46.050239371537,8.273253202902,20
46.057049824943,6.348060829574,20
46.057174072285,6.360980655922,20
46.057296838730,6.373900542874,20
46.059514631574,8.234627764928,20
46.059422667809,8.247548747694,20
46.059329223145,8.260469684970,20
46.059234297583,8.273390576030,20
46.059137891123,8.286311420147,20
46.066044393681,6.347881290133,20
46.066168661859,6.360803243726,20
46.066291448890,6.373725257922,20
46.066412754775,6.386647331996,20
46.068417634451,8.247681913203,20
46.068324174118,8.260604977723,20
46.068229232638,8.273527996028,20
46.068132810011,8.286450967390,20
46.075038971195,6.347701689456,20
46.075163260208,6.360625771019,20
46.075286067825,6.373549913185,20
46.075407394049,6.386474115229,20
46.077504604478,8.234889886152,20
46.077412609869,8.247815124132,20
46.077319133866,8.260740316622,20
46.077224176468,8.273665462897,20
46.084033557251,6.347522027542,20
46.084157867099,6.360448237800,20
46.084280695303,6.373374508662,20
46.084402041865,6.386300839402,20
46.086499603860,8.235021013805,20
46.086407593830,8.247948380480,20
46.086314102157,8.260875701667,20
46.086219128840,8.273802976637,20
46.086122673881,8.286730204665,20
46.093028151616,6.347342304390,20
46.093152482299,6.360270644070,20
46.093275331090,6.373199044354,20
46.093396697990,6.386127504515,20
46.095494611551,8.235152186152,20
46.095402586099,8.248081682249,20
46.095309078756,8.261011132857,20
46.095214089522,8.273940537248,20
46.095117618396,8.286869894697,20
46.101769604601,6.321301765068,20
46.101896920398,6.334232111507,20
46.102022754056,6.347162520002,20
46.102147105574,6.360092989829,20
46.102269974953,6.373023520259,20
46.102391362191,6.385954110567,20
46.104397586444,8.248215029437,20
46.104304063431,8.261146610192,20
46.104209058278,8.274078144730,20
46.104112570986,8.287009632326,20
46.110764172468,6.321117657699,20
46.110891509598,6.334050135009,20
46.111017364339,6.346982674377,20
46.111141736692,6.359915275076,20
46.113392594631,8.248348422045,20
46.113299055948,8.261282133672,20
46.113204034878,8.274215799083,20
46.113107531419,8.287149417551,20
46.113009545572,8.300082988350,20
46.119758747944,6.320933487641,20
46.119886106405,6.333868096550,20
46.120011982230,6.346802767516,20
46.120136375419,6.359737499812,20
46.122294056074,8.261417703298,20
46.122199019085,8.274353500306,20
46.122102499460,8.287289250372,20
46.128753330796,6.320749254896,20
46.128880710589,6.333685996128,20
46.129006607497,6.346622799417,20
46.129131021521,6.359559664037,20
46.131382633599,8.248615343521,20
46.131289063576,8.261553319069,20
46.131194010669,8.274491248401,20
46.131097474877,8.287429130790,20
46.137747920790,6.320564959462,20
46.137875321915,6.333503833743,20
46.138001239906,6.346442770081,20
46.138125674765,6.359381767750,20
46.138248626491,6.372320826023,20
46.140284078220,8.261688980985,20
46.140189009395,8.274629043366,20
46.140092457436,8.287569058805,20
46.146613611855,6.307439656069,20
46.146742517693,6.320380601340,20
46.146869940149,6.333321609396,20
46.146995879225,6.346262679509,20
46.147120334918,6.359203810952,20
46.149372701135,8.248882446675,20
46.149279099773,8.261824689047,20
46.149184015029,8.274766885203,20
46.149087446905,8.287709034416,20
46.155608193853,6.307253100759,20
46.155737121271,6.320196180531,20
46.155864565060,6.333139323086,20
46.155990525218,6.346082527699,20
46.156115001747,6.359025793643,20
46.158274128001,8.261960443254,20
46.158179027340,8.274904773910,20
46.158082443048,8.287849057623,20
46.157984375127,8.300793293667,20
46.164731731292,6.320011697033,20
46.164859196412,6.332956974814,20
46.164985177654,6.345902314653,20
46.167174046092,8.275042709488,20
46.167077445634,8.287989128427,20
46.166979361298,8.300935499696,20
46.166879793085,8.313881822569,20
46.173726347521,6.319827150848,20
46.173853833973,6.332774564580,20
46.173979836299,6.345722040370,20
46.174104354498,6.358669577491,20
46.176072454429,8.288129246827,20
46.175974353678,8.301077754047,20
46.175874768801,8.314026212872,20
46.175773699798,8.326974622574,20
46.182591977568,6.306693054349,20
46.182720969726,6.319642541974,20
46.182848477510,6.332592092383,20
46.182974500919,6.345541704850,20
46.185067469199,8.288269412823,20
46.184969352034,8.301220056721,20
46.184869750494,8.314170652222,20
46.184768664579,8.327121198601,20
46.191586583935,6.306506245385,20
46.191715597674,6.319457870412,20
46.191843126789,6.332409558224,20
46.191969171282,6.345361308093,20
46.193964356132,8.301362407716,20
46.193864737928,8.314315140620,20
46.193763635102,8.327267824401,20
46.193661047653,8.340220458333,20
46.200581195811,6.306319373007,20
46.200710231130,6.319273136163,20
46.200837781577,6.332226962102,20
46.200963847153,6.345180850099,20
46.202959365738,8.301504807034,20
46.202859730872,8.314459678065,20
46.202758611134,8.327414499974,20
46.202656006525,8.340369272034,20
46.209575812962,6.306132437216,20
46.209704869861,6.319088339225,20
46.209832441641,6.332044304018,20
46.209958528300,6.345000330869,20
46.212052547030,8.288690196392,20
46.211954380620,8.301647254673,20
46.211854729091,8.314604264558,20
46.211753592442,8.327561225320,20
46.218439871309,6.292987459934,20
46.218570435156,6.305945438011,20
46.218699513635,6.318903479600,20
46.218827106746,6.331861583972,20
46.218953214490,6.344819750401,20
46.220949400545,8.301789750634,20
46.220849732352,8.314748900098,20
46.220748578791,8.327708000440,20
46.220645939862,8.340667050932,20
46.227434476483,6.292798257011,20
46.227565062159,6.305758375393,20
46.227694162218,6.318718557286,20
46.227821776661,6.331678801963,20
46.227947905488,6.344639108696,20
46.229944425278,8.301932294918,20
46.229844740422,8.314893584686,20
46.229743569950,8.327854825332,20
46.229640913861,8.340816016129,20
46.236559693737,6.305571249362,20
46.236688815376,6.318533572284,20
46.236816451151,6.331495957991,20
46.236942601061,6.344458405755,20
46.239037670241,8.289111408328,20
46.238939454587,8.302074887523,20
46.238839753068,8.315038318322,20
46.238738565684,8.328001699998,20
46.245554329657,6.305384059916,20
46.245683472877,6.318348524595,20
46.245811129984,6.331313052057,20
46.245937300977,6.344277641577,20
46.248129466264,8.276286238880,20
46.248032720307,8.289251907500,20
46.247934488238,8.302217528451,20
46.247834770056,8.315183101005,20
46.247733565761,8.328148624437,20
46.254548969687,6.305196807058,20
46.254678134486,6.318163414217,20
46.254805812925,6.331130084161,20
46.254932005002,6.344096816162,20
46.257124536605,8.276424643167,20
46.257027774482,8.289392454268,20
46.256929525998,8.302360217700,20
46.256829791153,8.315327932736,20
46.263543613591,6.305009490785,20
46.263672799971,6.317978241152,20
46.263800499742,6.330947054302,20
46.263926712903,6.343915929510,20
46.265924567634,8.302502955271,20
46.265824816125,8.315472813514,20
46.265723578007,8.328442622633,20
46.265620853279,8.341412381904,20
46.272538261139,6.304822111099,20
46.272667469099,6.317793005398,20
46.272795190201,6.330763962481,20
46.272921424445,6.343734981621,20
46.274919612911,8.302645741165,20
46.274819844740,8.315617743339,20
46.274718589710,8.328589696391,20
46.274615847822,8.341561599594,20
46.281532912095,6.304634668000,20
46.281662141635,6.317607706956,20
46.281789884069,6.330580808697,20
46.281916139397,6.343553972495,20
46.282040907618,6.356527197623,20
46.284012959327,8.289814380152,20
46.283914661598,8.302788575380,20
46.283814876763,8.315762722213,20
46.283713604822,8.328736819923,20
46.290656817347,6.317422345827,20
46.290784581112,6.330397592951,20
46.290910857524,6.343372902132,20
46.291035646580,6.356348272644,20
46.291158948282,6.369323703760,20
46.292909713460,8.302931457918,20
46.292809911962,8.315907750134,20
46.292708623109,8.328883993227,20
46.292605846902,8.341860186471,20
46.299779281098,6.330214315242,20
46.299905578593,6.343191770533,20
46.300030388485,6.356169287154,20
46.300153710773,6.369146864379,20
46.301904768265,8.303074388777,20
46.301804950103,8.316052827102,20
46.301703644339,8.329031216304,20
46.301600850972,8.342009555657,20
46.308773983793,6.330030975571,20
46.308900302371,6.343010577696,20
46.309025133098,6.355990241152,20
46.309148475973,6.368969965211,20
46.311095031873,8.277256053178,20
46.310998172751,8.290236734403,20
46.310899825778,8.303217367958,20
46.310799990953,8.316197953118,20
46.310698668278,8.329178489155,20
46.310595857750,8.342158975342,20
46.317768688963,6.329847573938,20
46.317895028625,6.342829323623,20
46.318019880187,6.355811134638,20
46.318143243649,6.368793006258,20
46.318265119012,6.381774937755,20
46.319993249155,8.290377614346,20
46.319894885767,8.303360395462,20
46.319795034279,8.316343128181,20
46.326889757121,6.342648008312,20
46.327014629518,6.355631967614,20
46.327138013567,6.368615987519,20
46.327259909268,6.381600067302,20
46.328988327801,8.290518541886,20
46.328889947998,8.303503471287,20
46.328790079847,8.316488352292,20
46.328688723348,8.329473184175,20
46.335884487625,6.342466631765,20
46.336009380858,6.355452740078,20
46.336132785494,6.368438908994,20
46.336254701533,6.381425137788,20
46.336375128977,6.394411425733,20
46.338080316077,8.277672390940,20
46.337983408455,8.290659517022,20
46.337885012238,8.303646595435,20
46.337785127424,8.316633625451,20
46.345004133973,6.355273452031,20
46.345127559196,6.368261770684,20
46.345249495574,6.381250149215,20
46.345369943108,6.394238586896,20
46.346978490886,8.290800539755,20
46.346880078253,8.303789767904,20
46.346780176776,8.316778947657,20
46.353998888631,6.355094103472,20
46.354122334441,6.368084572588,20
46.354244291157,6.381075101581,20
46.354364758781,6.394065689724,20
46.355973574858,8.290941610084,20
46.355875145811,8.303932988695,20
46.355775227671,8.316924318911,20
46.355673820437,8.329915600004,20
46.363117110994,6.367907314706,20
46.363239088049,6.380899994887,20
46.363359575763,6.393892734218,20
46.363478574136,6.406885531974,20
46.365065616261,8.278089150540,20
46.364968660140,8.291082728009,20
46.364870214678,8.304076257809,20
46.364770279874,8.317069739212,20
46.372111888623,6.367729997038,20
46.372233886017,6.380724829132,20
46.372354393821,6.393719720377,20
46.372473412035,6.406714670046,20
46.373963746497,8.291223893531,20
46.373865284620,8.304219575244,20
46.373765333153,8.317215208561,20
46.373663892097,8.330210792756,20
46.381106667094,6.367552619584,20
46.381228684827,6.380549604318,20
46.381349212721,6.393546648202,20
46.381468250777,6.406543750510,20
46.382958833696,8.291365106649,20
46.382860355404,8.304362941002,20
46.382760387274,8.317360726958,20
46.390101446175,6.367375182345,20
46.390223484245,6.380374320443,20
46.390344032230,6.393373517691,20
46.390463090128,6.406372773364,20
46.391953921504,8.291506367364,20
46.391855426798,8.304506355081,20
46.391755442005,8.317506294402,20
46.399096225630,6.367197685320,20
46.399218284039,6.380198977508,20
46.399338852114,6.393200328846,20
46.399457929854,6.406201738609,20
46.401046030475,8.278645486200,20
46.400949009688,8.291647675676,20
46.400850498566,8.304649817482,20
46.400750497110,8.317651910893,20
46.408091005228,6.367020128509,20
46.408213083976,6.380023575512,20
46.408333672141,6.393027081667,20
46.408452769722,6.406030646245,20
46.410136681337,8.265780296057,20
46.410041134967,8.278784687292,20
46.409944098014,8.291789031583,20
46.417085784735,6.366842511912,20
46.417207883821,6.379848114457,20
46.417328492076,6.392853776153,20
46.417447609500,6.405859496272,20
46.419131801657,8.265917388479,20
46.419036239368,8.278923935255,20
46.418939186249,8.291930435088,20
46.426080563917,6.366664835530,20
46.426202683342,6.379672594341,20
46.426323311687,6.392680412304,20
46.426442448952,6.405688288690,20
46.428126921652,8.266054527046,20
46.428031343445,8.279063230088,20
46.427934274159,8.292071886188,20
46.427835713793,8.305080494619,20
46.435075342542,6.366487099361,20
46.435197482305,6.379497015165,20
46.435318130740,6.392506990120,20
46.435437287848,6.405517023499,20
46.437308755355,8.240169853768,20
46.437216143886,8.253180805508,20
46.437122041089,8.266191711758,20
46.437026446964,8.279202571793,20
46.436929361512,8.292213384885,20
46.436830784731,8.305224150308,20
46.444192280477,6.379321376929,20
46.444312949002,6.392333509602,20
46.444432125951,6.405345700698,20
46.444549811324,6.418357949492,20
46.446303905092,8.240302769190,20
46.446211278202,8.253315878648,20
46.446117159735,8.266328942616,20
46.446021549692,8.279341960369,20
46.445924448073,8.292354931179,20
46.453187077625,6.379145679633,20
46.453307766240,6.392159970749,20
46.453426963031,6.405174320289,20
46.455299053805,8.240435729306,20
46.455206411493,8.253450997207,20
46.455112277357,8.266466219619,20
46.455016651396,8.279481395815,20
46.454919533610,8.292496525069,20
46.462181873514,6.378969923276,20
46.462302582220,6.391986373561,20
46.462421798853,6.405002882270,20
46.462539523412,6.418019448677,20
46.464385366921,8.227551262283,20
46.464294201260,8.240568734116,20
46.464201543527,8.253586161187,20
46.464107393721,8.266603542768,20
46.464011751842,8.279620878133,20
46.471176667913,6.378794107859,20
46.471297396709,6.391812718039,20
46.471416633183,6.404831386643,20
46.471534377337,6.417850112944,20
46.473380528058,8.227682151893,20
46.473289347225,8.240701783621,20
46.473196674070,8.253721370586,20
46.473102508594,8.266740912061,20
46.473006850796,8.279760407321,20
46.480171460587,6.378618233382,20
46.480292209473,6.391639004182,20
46.480411465790,6.404659833406,20
46.480529229536,6.417680720327,20
46.480645500713,6.430701664219,20
46.482553601775,8.201769369395,20
46.482465390908,8.214791249088,20
46.482375687471,8.227813085472,20
46.482284491464,8.240834877820,20
46.482191802888,8.253856625405,20
46.482097621742,8.266878327500,20
46.489166251304,6.378442299845,20
46.489287020280,6.391465231990,20
46.489406296438,6.404488222560,20
46.489524079778,6.417511270827,20
46.489640370300,6.430534376064,20
46.491720761465,8.175847815153,20
46.491635521557,8.188871940630,20
46.491548788832,8.201896024251,20
46.491460563288,8.214920065290,20
46.491370844926,8.227944063019,20
46.491279633746,8.240968016713,20
46.491186929748,8.253991925643,20
46.498281828895,6.391291401464,20
46.498401124895,6.404316554105,20
46.498518927829,6.417341764443,20
46.498635237696,6.430367031751,20
46.498750054497,6.443392355304,20
46.500715974938,8.175970188384,20
46.500630720851,8.188996475932,20
46.500543973697,8.202022721625,20
46.500455733477,8.215048924735,20
46.500366000190,8.228075084535,20
46.500274773837,8.241101200300,20
46.507276635086,6.391117512603,20
46.507395950928,6.404144828041,20
46.507513773455,6.417172201175,20
46.507630102668,6.430199631281,20
46.507744938566,6.443227117630,20
46.507858281149,6.456254659497,20
46.509794960940,8.163064111207,20
46.509711185987,8.176092602681,20
46.509625917720,8.189121053027,20
46.509539156138,8.202149461516,20
46.509450901241,8.215177827423,20
46.516390774303,6.403973044367,20
46.516508616424,6.417002581024,20
46.516624964982,6.430032174652,20
46.516739819976,6.443061824524,20
46.516853181408,6.456091529913,20
46.518953280342,8.137122972573,20
46.518872478584,8.150153707649,20
46.518790183263,8.163184403048,20
46.518706394378,8.176215058045,20
46.518621111931,8.189245671913,20
46.518534335921,8.202276243925,20
46.518446066348,8.215306773354,20
46.525503456501,6.416832903990,20
46.525619824404,6.429864661866,20
46.525734698496,6.442896475985,20
46.525848078776,6.455928345622,20
46.525959965245,6.468960270050,20
46.527867711699,8.150271875583,20
46.527785402694,8.163304735231,20
46.527701599878,8.176337554476,20
46.527616303251,8.189370332592,20
46.527529512813,8.202403068851,20
46.534498293454,6.416663170072,20
46.534614680702,6.429697092921,20
46.534729573891,6.442731072014,20
46.534842973020,6.455765106624,20
46.536943770317,8.137355018836,20
46.536862941689,8.150390083133,20
46.536780619001,8.163425107754,20
46.536696802254,8.176460091973,20
46.543609533643,6.429529467818,20
46.543724445928,6.442565612610,20
46.543837863905,6.455601812920,20
46.543949787574,6.468638068020,20
46.546018358139,8.124433831357,20
46.545939010384,8.137471100303,20
46.545858168321,8.150508330299,20
46.545775831950,8.163545520619,20
46.545692001272,8.176582670536,20
46.545606676285,8.189619779324,20
46.552604382992,6.429361786558,20
46.552719314374,6.442400097774,20
46.552832751200,6.455438464508,20
46.552944693469,6.468476886033,20
46.555013607801,8.124547785289,20
46.554934246860,8.137587220659,20
46.554853391363,8.150626617080,20
46.554771041309,8.163665973824,20
46.561599228517,6.429194049139,20
46.561714178996,6.442234527506,20
46.561827634670,6.455275061390,20
46.564086732963,8.111620136642,20
46.564008853640,8.124661777385,20
46.563929479512,8.137703379905,20
46.563848610579,8.150744943476,20
46.563766246842,8.163786467370,20
46.570594069984,6.429026255563,20
46.570709039560,6.442068901805,20
46.570822514083,6.455111603565,20
46.573158384890,8.098688152912,20
46.573081987681,8.111731999027,20
46.573004095420,8.124775807645,20
46.572924708106,8.137819578041,20
46.572843825739,8.150863309487,20
46.572761448318,8.163907001257,20
46.579588907160,6.428858405828,20
46.579703895833,6.441903220672,20
46.579817389204,6.454948091032,20
46.579929387274,6.467993016184,20
46.582153648007,8.098797884134,20
46.582077238109,8.111843898850,20
46.581999332909,8.124889876069,20
46.581919932409,8.137935815066,20
46.581839036606,8.150981715114,20
46.588583739812,6.428690499935,20
46.588698747581,6.441737484106,20
46.588812259801,6.454784523793,20
46.588924276471,6.467831618272,20
46.589034797591,6.480878766814,20
46.589143823162,6.493925968694,20
46.591223833638,8.085859431257,20
46.591148906600,8.098907652069,20
46.591072484012,8.111955836111,20
46.590994565874,8.125003982658,20
46.590915152187,8.138052090981,20
46.597693594572,6.441571692107,20
46.597807125640,6.454620901847,20
46.597919160910,6.467670166378,20
46.598029700382,6.480719484973,20
46.598138744056,6.493768856905,20
46.598246291933,6.506818281448,20
46.598352344011,6.519867757874,20
46.600219099915,8.085967065853,20
46.600144160435,8.099017456717,20
46.600067725157,8.112067810812,20
46.599989794081,8.125118127410,20
46.606801986488,6.454457225195,20
46.606914040358,6.467508660503,20
46.607024598182,6.480560149876,20
46.607133659960,6.493611692586,20
46.607241225691,6.506663287906,20
46.607347295376,6.519714935111,20
46.607451869015,6.532766633473,20
46.607554946607,6.545818382266,20
46.609214361200,8.086074736436,20
46.609139409279,8.099127298078,20
46.609062961311,8.112179822951,20
46.608985017297,8.125232310327,20
46.616019490758,6.480400761523,20
46.616128570639,6.493454475736,20
46.616236154225,6.506508242560,20
46.616342241517,6.519562061268,20
46.616446832514,6.532615931134,20
46.616549927217,6.545669851430,20
46.618209617261,8.086182443007,20
46.618134652898,8.099237176153,20
46.618058192241,8.112291872529,20
46.625231077302,6.506353145410,20
46.625337182200,6.519409136347,20
46.625441790556,6.532465178441,20
46.625544902369,6.545521270966,20
46.625646517639,6.558577413195,20
46.627350331844,8.060176267415,20
46.627278348126,8.073233244149,20
46.627204867864,8.086290185566,20
46.627129891060,8.099347090940,20
46.627053417713,8.112403959545,20
46.634332117193,6.519256160346,20
46.634436742907,6.532314375395,20
46.634539871830,6.545372640875,20
46.634641503961,6.558430956058,20
46.636345600894,8.060279700052,20
46.636273605231,8.073338849740,20
46.636200112777,8.086397964112,20
46.636125123531,8.099457042440,20
46.643431689333,6.532163521995,20
46.643534835366,6.545223961155,20
46.643636484359,6.558284450019,20
46.643736636313,6.571344987860,20
46.645411374588,8.047321809269,20
46.645340864020,8.060383167226,20
46.645268856412,8.073444490593,20
46.645195351764,8.086505778645,20
46.645120350077,8.099567030654,20
46.645043851350,8.112628245894,20
46.652426629601,6.532012618242,20
46.652529792745,6.545075231808,20
46.652631458600,6.558137895077,20
46.652731627167,6.571200607324,20
46.654406643253,8.047423136573,20
46.654336120988,8.060486668935,20
46.654264101435,8.073550166709,20
46.654190584594,8.086613629166,20
46.661421563479,6.531861664135,20
46.661524743732,6.544926452832,20
46.661626426449,6.557991291233,20
46.661726611630,6.571056178610,20
46.661825299274,6.584121114239,20
46.663401905526,8.047524497688,20
46.663331371565,8.060590205182,20
46.663259340067,8.073655878086,20
46.663185811033,8.086721515675,20
46.663110784463,8.099787117221,20
46.670519688095,6.544777624228,20
46.670621387674,6.557844638486,20
46.670721589468,6.570911701720,20
46.670820293478,6.583978813206,20
46.672466209048,8.034557975400,20
46.672397161175,8.047625892613,20
46.672326615517,8.060693775964,20
46.672254572074,8.073761624726,20
46.679514625600,6.544628745997,20
46.679616342041,6.557697936836,20
46.679716560449,6.570767176653,20
46.679815280823,6.583836464721,20
46.679912503165,6.596905800313,20
46.681461469287,8.034657227554,20
46.681392409966,8.047727321350,20
46.681321852612,8.060797381283,20
46.681249797224,8.073867406627,20
46.688611289317,6.557551186285,20
46.688711524338,6.570622603410,20
46.688810261078,6.583694068785,20
46.688907499537,6.596765581685,20
46.689003239714,6.609837141382,20
46.689097481610,6.622908747149,20
46.689190225224,6.635980398261,20
46.690524294923,8.021684208555,20
46.690456722435,8.034756512794,20
46.690387651666,8.047828783898,20
46.690317082615,8.060901021139,20
46.690245015283,8.073973223790,20
46.697606229269,6.557404386831,20
46.697706480903,6.570477981989,20
46.697805234008,6.583551625398,20
46.697902488584,6.596625316331,20
46.697998244629,6.609699054061,20
46.698092502145,6.622772837862,20
46.698185261132,6.635846667007,20
46.698276521588,6.648920540770,20
46.698366283515,6.661994458423,20
46.699585637105,8.008706834164,20
46.699519551947,8.021781348846,20
46.699451968259,8.034855831119,20
46.699382886041,8.047930280256,20
46.699312305294,8.061004695531,20
46.706800199381,6.583409134559,20
46.706897470073,6.596485004251,20
46.706993241987,6.609560920741,20
46.707087515123,6.622636883301,20
46.707180289481,6.635712891205,20
46.707271565062,6.648788943726,20
46.707361341864,6.661865040138,20
46.707449619888,6.674941179714,20
46.707536399134,6.688017361728,20
46.708708593408,7.982648346852,20
46.708645494854,7.995725102932,20
46.708580897522,8.008801828056,20
46.708514801413,8.021878521498,20
46.708447206525,8.034955182530,20
46.708378112859,8.048031810426,20
46.708307520415,8.061108404459,20
46.715988231554,6.609422741420,20
46.716082520310,6.622500883465,20
46.716175310040,6.635579070853,20
46.716266600744,6.648657302859,20
46.716356392421,6.661735578756,20
46.716444685072,6.674813897816,20
46.716531478697,6.687892259314,20
46.717765477175,7.969660047616,20
46.717703867192,7.982739013410,20
46.717640758184,7.995817948974,20
46.717576150149,8.008896853583,20
46.717510043087,8.021975726509,20
46.717442437000,8.035054567025,20
46.717373331886,8.048133374406,20
46.725170322574,6.635445205952,20
46.725261628401,6.648525618168,20
46.725351434954,6.661606074275,20
46.725439742232,6.674686573546,20
46.725526550235,6.687767115254,20
46.725611858964,6.700847698673,20
46.725695668417,6.713928323075,20
46.726820874055,7.956667388640,20
46.726760753141,7.969748564146,20
46.726699132952,7.982829710150,20
46.726636013488,7.995910825925,20
46.726571394750,8.008991910744,20
46.726505276737,8.022072963880,20
46.726437659450,8.035153984606,20
46.734346469229,6.661476526697,20
46.734434791134,6.674559206903,20
46.734521613515,6.687641929547,20
46.734606936374,6.700724693901,20
46.734690759710,6.713807499239,20
46.734773083523,6.726890344835,20
46.735874783071,7.943670368474,20
46.735816151721,7.956753753692,20
46.735756020849,7.969837110134,20
46.735694390454,7.982920437074,20
46.735631260535,7.996003733784,20
46.735566631094,8.009086999539,20
46.743429831545,6.674431797888,20
46.743516668305,6.687516702192,20
46.743602005294,6.700601648208,20
46.743685842511,6.713686635208,20
46.743768179957,6.726771662465,20
46.743849017632,6.739856729252,20
46.744982844760,7.917583363416,20
46.744927203244,7.930668985668,20
46.744870061956,7.943754580597,20
46.744811420897,7.956840147476,20
46.744751280066,7.969925685580,20
46.744689639465,7.983011194181,20
46.744626499091,7.996096672552,20
46.752511714370,6.687391433191,20
46.752597065489,6.700478561594,20
46.752680916588,6.713565730980,20
46.752763267668,6.726652940624,20
46.752844118728,6.739740189798,20
46.752923469768,6.752827477777,20
46.753001320789,6.765914803832,20
46.753077671790,6.779002167239,20
46.753978133596,7.917663238772,20
46.753922482866,7.930751043411,20
46.753865332117,7.943838820726,20
46.753806681348,7.956926569993,20
46.753746530559,7.970014290483,20
46.753684879751,7.983101981471,20
46.761592116726,6.700355434058,20
46.761675981707,6.713444786557,20
46.761758346420,6.726534179313,20
46.761839210866,6.739623611600,20
46.761918575043,6.752713082690,20
46.761996438952,6.765802591858,20
46.762072802593,6.778892138377,20
46.762147665966,6.791981721520,20
46.762221029072,6.805071340560,20
46.763027573148,7.904653126337,20
46.762973413474,7.917743140684,20
46.762917753531,7.930833128434,20
46.762860593320,7.943923088862,20
46.762801932841,7.957013021241,20
46.762741772094,7.970102924844,20
46.770671037635,6.713323801938,20
46.770753415982,6.726415378532,20
46.770834293812,6.739506994656,20
46.770913671126,6.752598649585,20
46.770991547924,6.765690342591,20
46.771067924205,6.778782072948,20
46.771142799970,6.791873839928,20
46.771216175219,6.804965642806,20
46.771288049951,6.818057480855,20
46.772075520923,7.891638646912,20
46.772022852800,7.904730870966,20
46.771968684160,7.917823069150,20
46.771913015004,7.930915240739,20
46.771855845332,7.944007385005,20
46.779908757785,6.752484178460,20
46.779986647471,6.765578056030,20
46.780063036393,6.778671970950,20
46.780137924550,6.791765922494,20
46.780211311942,6.804859909935,20
46.780283198570,6.817953932547,20
46.781121975942,7.878619799047,20
46.781070799867,7.891714232807,20
46.781018123027,7.904808641424,20
46.780963945422,7.917903024172,20
46.780908267053,7.930997380324,20
46.789058138923,6.778561832384,20
46.789133039472,6.791657969217,20
46.789206439007,6.804754141948,20
46.789278337530,6.817850349849,20
46.789348735040,6.830946592194,20
46.789417631536,6.844042868256,20
46.790215119743,7.852499914138,20
46.790166937226,7.865596581292,20
46.790117253696,7.878693224757,20
46.790066069152,7.891789843806,20
46.790013383596,7.904886437713,20
46.789959197027,7.917983005750,20
46.789903509444,7.931079547191,20
46.798201556181,6.804648338843,20
46.798273466599,6.817746732759,20
46.798343875756,6.830845161118,20
46.798412783651,6.843943623195,20
46.798480190285,6.857042118263,20
46.799257093025,7.839470116066,20
46.799210403797,7.852568992198,20
46.799162213309,7.865667845367,20
46.799112521558,7.878766674846,20
46.799061328547,7.891865479910,20
46.799008634274,7.904964259831,20
46.798954438740,7.918063013883,20
46.807196663231,6.804542500622,20
46.807268585544,6.817643081278,20
46.807339006347,6.830743696377,20
46.807407925641,6.843844345194,20
46.807475343425,6.856945027002,20
46.807541259700,6.870045741074,20
46.807605674464,6.883146486683,20
46.808297570119,7.826435945206,20
46.808252374678,7.839537030314,20
46.808205677727,7.852638093185,20
46.808157479267,7.865739133094,20
46.808107779297,7.878840149314,20
46.808056577817,7.891941141118,20
46.808003874828,7.905042107779,20
46.816263694131,6.817539395405,20
46.816334126581,6.830642197970,20
46.816403057274,6.843745034253,20
46.816470486208,6.856847903526,20
46.816536413384,6.869950805064,20
46.816600838802,6.883053738139,20
46.816663762462,6.896156702024,20
46.817378749446,7.800294085242,20
46.817336550046,7.813397400107,20
46.817292848889,7.826500694190,20
46.817247645973,7.839603966763,20
46.817200941299,7.852707217100,20
46.817152734867,7.865810444475,20
46.817103026677,7.878913648161,20
46.825329236224,6.830540665898,20
46.825398178315,6.843645690372,20
46.825465618399,6.856750747836,20
46.825531556477,6.869855837565,20
46.825595992549,6.882960958831,20
46.825658926614,6.896066110907,20
46.825720358673,6.909171293068,20
46.825780288726,6.922276504586,20
46.826453938567,7.774143413765,20
46.826414736201,7.787248956207,20
46.826374031830,7.800354479319,20
46.826331825452,7.813459982376,20
46.826288117067,7.826565464650,20
46.826242906677,7.839670925415,20
46.826196194280,7.852776363943,20
46.834324335043,6.830439100159,20
46.834393288532,6.843546313550,20
46.834460739766,6.856653559931,20
46.834526688746,6.869760838577,20
46.834591135471,6.882868148759,20
46.834654079942,6.895975489753,20
46.834715522158,6.909082860830,20
46.834775462119,6.922190261265,20
46.834833899825,6.935297690330,20
46.834890835277,6.948405147300,20
46.835523134267,7.747983932236,20
46.835486929929,7.761091700073,20
46.835449223337,7.774199450034,20
46.835410014490,7.787307181393,20
46.835369303389,7.800414893422,20
46.835327090033,7.813522585396,20
46.835283374422,7.826630256587,20
46.835238156556,7.839737906268,20
46.843521809957,6.869665808099,20
46.843586267336,6.882775307924,20
46.843649222212,6.895884838560,20
46.843710674584,6.908994399280,20
46.843770624454,6.922103989357,20
46.843829071821,6.935213608065,20
46.843886016684,6.948323254676,20
46.843941459045,6.961432928465,20
46.843995398903,6.974542628705,20
46.844047836258,6.987652354669,20
46.844648236456,7.695595613649,20
46.844618036146,7.708705635366,20
46.844586333333,7.721815642114,20
46.844553128016,7.734925633166,20
46.844518420197,7.748035607795,20
46.844482209875,7.761145565274,20
46.844444497050,7.774255504878,20
46.844405281721,7.787365425879,20
46.844364563890,7.800475327551,20
46.844322343556,7.813585209167,20
46.844278620718,7.826695070000,20
46.852644353190,6.895794157330,20
46.852705815720,6.908905908417,20
46.852765775498,6.922017688862,20
46.852824232525,6.935129497938,20
46.852881186800,6.948241334917,20
46.852936638325,6.961353199074,20
46.852990587097,6.974465089682,20
46.853043033119,6.987577006013,20
46.853093976389,7.000688947342,20
46.853143416908,7.013800912942,20
46.853899451104,7.525178756180,20
46.853888781569,7.538291096739,20
46.853699434901,7.669414078689,20
46.853672235102,7.682526318532,20
46.853643532552,7.695638544860,20
46.853613327250,7.708750756945,20
46.853581619197,7.721862954060,20
46.853548408392,7.734975135480,20
46.853513694837,7.748087300477,20
46.853477478529,7.761199448324,20
46.853439759471,7.774311578296,20
46.853400537661,7.787423689665,20
46.853359813100,7.800535781705,20
46.861760915018,6.921931359780,20
46.861819381705,6.935045359949,20
46.861876345392,6.948159388022,20
46.861931806080,6.961273443273,20
46.861985763768,6.974387524974,20
46.862038218456,6.987501632399,20
46.862089170145,7.000615764821,20
46.862138618834,7.013729921514,20
46.862911611562,7.498964140429,20
46.862903946264,7.512078680947,20
46.862894777966,7.525193217396,20
46.862884106668,7.538307749049,20
46.862871932371,7.551422275180,20
46.862858255074,7.564536795061,20
46.862843074778,7.577651307966,20
46.862788515890,7.616994797558,20
46.862767323594,7.630109275293,20
46.862744628299,7.643223742418,20
46.862720430005,7.656338198207,20
46.862694728710,7.669452641933,20
46.862667524416,7.682567072870,20
46.862638817123,7.695681490291,20
46.862608606830,7.708795893470,20
46.862576893537,7.721910281679,20
46.862543677244,7.735024654192,20
46.862508957952,7.748139010282,20
46.862472735660,7.761253349223,20
46.862435010368,7.774367670288,20
46.862395782077,7.787481972751,20
46.870980928680,6.974309934581,20
46.871033392035,6.987426233825,20
46.871084352142,7.000542558067,20
46.871133809002,7.013658906579,20
46.871181762613,7.026775278635,20
46.871228212976,7.039891673508,20
46.871913092765,7.485857487116,20
46.871906929448,7.498974222796,20
46.871899262883,7.512090955134,20
46.871890093070,7.525207683402,20
46.871879420010,7.538324406874,20
46.871867243701,7.551441124823,20
46.871853564144,7.564557836523,20
46.871838381339,7.577674541247,20
46.871821695286,7.590791238269,20
46.871803505986,7.603907926861,20
46.871783813437,7.617024606297,20
46.871762617640,7.630141275850,20
46.871739918595,7.643257934794,20
46.871715716302,7.656374582402,20
46.871690010762,7.669491217948,20
46.871662801973,7.682607840704,20
46.871634089936,7.695724449944,20
46.871603874651,7.708841044941,20
46.871572156118,7.721957624969,20
46.871538934338,7.735074189301,20
46.871504209309,7.748190737211,20
46.880028553623,6.987350810293,20
46.880079522149,7.000469327079,20
46.880128987178,7.013587868135,20
46.880176948711,7.026706432736,20
46.880223406748,7.039825020154,20
46.880268361289,7.052943629662,20
46.880913060516,7.472746449436,20
46.880908399678,7.485865380277,20
46.880902235343,7.498984308501,20
46.880894567511,7.512103233383,20
46.880885396184,7.525222154196,20
46.880874721360,7.538341070212,20
46.880862543039,7.551459980706,20
46.880848861223,7.564578884951,20
46.880833675910,7.577697782220,20
46.880816987101,7.590816671786,20
46.880798794795,7.603935552922,20
46.880779098993,7.617054424903,20
46.880757899695,7.630173287001,20
46.880735196900,7.643292138489,20
46.880710990609,7.656410978642,20
46.880685280822,7.669529806732,20
46.880658067538,7.682648622032,20
46.880629350758,7.695767423817,20
46.880599130482,7.708886211359,20
46.889074679931,7.000396071857,20
46.889124153131,7.013516806184,20
46.889172122586,7.026637564054,20
46.889218588296,7.039758344742,20
46.889263550261,7.052879147521,20
46.889307008482,7.065999971664,20
46.889348962958,7.079120816444,20
46.889389413690,7.092241681134,20
46.889735124589,7.236572299010,20
46.889757530384,7.249693345948,20
46.889872266102,7.341540926818,20
46.889882641941,7.354662037122,20
46.889891514034,7.367783152077,20
46.889898882383,7.380904270955,20
46.889904746987,7.394025393031,20
46.889909107847,7.407146517578,20
46.889911964962,7.420267643869,20
46.889913318332,7.433388771177,20
46.889913167957,7.446509898776,20
46.889911513838,7.459631025938,20
46.889908355974,7.472752151938,20
46.889903694366,7.485873276049,20
46.889897529013,7.498994397544,20
46.889889859915,7.512115515696,20
46.889844146077,7.564599940344,20
46.889828958256,7.577721030883,20
46.889812266690,7.590842113719,20
46.889794071380,7.603963188126,20
46.889774372325,7.617084253376,20
46.889753169525,7.630205308744,20
46.889730462980,7.643326353503,20
46.889706252691,7.656447386926,20
46.889680538657,7.669568408286,20
46.898119306625,7.013445720724,20
46.898167284002,7.026568672590,20
46.898213757386,7.039691647274,20
46.898258726777,7.052814644048,20
46.898302192174,7.065937662187,20
46.898344153579,7.079060700962,20
46.898384610991,7.092183759649,20
46.898423564409,7.105306837519,20
46.898461013835,7.118429933847,20
46.898496959268,7.131553047905,20
46.898564338154,7.157799326307,20
46.898595771608,7.170922489198,20
46.898625701069,7.184045666912,20
46.898654126536,7.197168858724,20
46.898681048011,7.210292063906,20
46.898706465493,7.223415281733,20
46.898730378981,7.236538511476,20
46.898752788477,7.249661752411,20
46.898773693980,7.262785003809,20
46.898793095489,7.275908264945,20
46.898827386530,7.302154813522,20
46.898842276061,7.315278099509,20
46.898855661598,7.328401392328,20
46.898867543143,7.341524691250,20
46.898877920695,7.354647995550,20
46.898886794253,7.367771304500,20
46.898894163819,7.380894617374,20
46.898900029392,7.394017933446,20
46.898904390971,7.407141251989,20
46.898907248558,7.420264572275,20
46.898908602152,7.433387893579,20
46.898908451753,7.446511215173,20
46.898906797360,7.459634536331,20
46.898903638975,7.472757856327,20
46.898898976597,7.485881174434,20
46.898892810225,7.499004489924,20
46.898789335507,7.603990832471,20
46.907208913785,7.039624927749,20
46.907253890600,7.052750119244,20
46.907297363175,7.065875332104,20
46.907339331508,7.079000565601,20
46.907379795600,7.092125819009,20
46.907418755451,7.105251091600,20
46.907456211060,7.118376382649,20
46.907492162428,7.131501691429,20
46.907526609554,7.144627017212,20
46.907559552439,7.157752359273,20
46.907590991083,7.170877716885,20
46.907620925486,7.184003089320,20
46.907649355647,7.197128475853,20
46.907676281567,7.210253875757,20
46.907701703245,7.223379288305,20
46.907725620683,7.236504712770,20
46.907748033878,7.249630148425,20
46.907768942833,7.262755594545,20
46.907788347546,7.275881050402,20
46.907806248018,7.289006515269,20
46.907822644249,7.302131988421,20
46.907837536238,7.315257469130,20
46.907850923986,7.328382956669,20
46.907862807492,7.341508450313,20
46.907873186757,7.354633949334,20
46.907882061781,7.367759453006,20
46.907889432564,7.380884960601,20
46.907895299105,7.394010471394,20
46.907899661405,7.407135984658,20
46.907902519463,7.420261499665,20
46.907903873281,7.433387015690,20
46.907903722856,7.446512532006,20
46.907902068191,7.459638047885,20
46.907898909284,7.472763562602,20
46.916249041500,7.052685573109,20
46.916292521251,7.065812981416,20
46.916334496513,7.078940410359,20
46.916374967285,7.092067859214,20
46.916413933567,7.105195327252,20
46.916451395360,7.118322813748,20
46.916487352663,7.131450317974,20
46.916521805477,7.144577839204,20
46.916554753800,7.157705376712,20
46.916586197634,7.170832929771,20
46.916616136979,7.183960497653,20
46.916644571833,7.197088079633,20
46.916671502198,7.210215674983,20
46.916696928074,7.223343282977,20
46.916720849459,7.236470902889,20
46.916743266355,7.249598533992,20
46.916764178762,7.262726175558,20
46.916783586679,7.275853826862,20
46.916801490106,7.288981487176,20
46.916817889043,7.302109155774,20
46.916832783491,7.315236831930,20
46.916846173449,7.328364514916,20
46.916858058917,7.341492204007,20
46.916868439896,7.354619898475,20
46.916877316385,7.367747597593,20
46.916884688384,7.380875300635,20
46.916890555894,7.394003006875,20
46.916894918914,7.407130715585,20
46.916897777444,7.420258426040,20
46.916899131485,7.433386137511,20
46.916898981036,7.446513849274,20
46.916897326097,7.459641560600,20
46.925370125812,7.092009880264,20
46.925409098527,7.105139544475,20
46.925446566503,7.118269227143,20
46.925482529741,7.131398927542,20
46.925516988241,7.144528644944,20
46.925549942003,7.157658378624,20
46.925581391028,7.170788127855,20
46.925611335314,7.183917891910,20
46.925639774862,7.197047670062,20
46.925666709672,7.210177461584,20
46.925692139744,7.223307265751,20
46.925738485675,7.249566909110,20
46.925759401533,7.262696746849,20
46.925778812653,7.275826594325,20
46.925796719035,7.288956450811,20
46.925813120680,7.302086315582,20
46.925828017586,7.315216187910,20
46.925841409754,7.328346067069,20
46.934477693428,7.131347520131,20
46.934512157615,7.144479434432,20
46.934606520258,7.183875272091,20
46.934791934574,7.288931406175,20
46.934808338925,7.302063467844,20
