46.122917801180,6.706408573562,20
46.123241608955,6.758153398631,20
46.123394617025,6.784026043408,20
46.123468897105,6.796962421314,20
46.123818057962,6.861644836950,20
46.124299618243,6.965138349467,20
46.124405181950,6.991012008089,20
46.124455739848,7.003948875478,20
46.124504815111,7.016885767283,20
46.124552407737,7.029822682777,20
46.124598517727,7.042759621233,20
46.124643145081,7.055696581926,20
46.124686289798,7.068633564128,20
46.124727951879,7.081570567112,20
46.131289063576,6.615721125376,20
46.131382633599,6.628659100924,20
46.131742084842,6.680411450742,20
46.131828240441,6.693349646471,20
46.131912913155,6.706287884055,20
46.131996102985,6.719226162768,20
46.132077809930,6.732164481884,20
46.132158033991,6.745102840676,20
46.132236775167,6.758041238417,20
46.132314033458,6.770979674381,20
46.132389808864,6.783918147842,20
46.132464101386,6.796856658071,20
46.132536911023,6.809795204343,20
46.132608237776,6.822733785931,20
46.132678081643,6.835672402108,20
46.132746442627,6.848611052148,20
46.132813320725,6.861549735324,20
46.132878715939,6.874488450910,20
46.132942628268,6.887427198178,20
46.133005057712,6.900365976402,20
46.133066004272,6.913304784855,20
46.133294961665,6.965060306429,20
46.133348493801,6.977999255129,20
46.133400543053,6.990938229698,20
46.133451109420,7.003877229410,20
46.133500192903,7.016816253538,20
46.133547793500,7.029755301356,20
46.133593911214,7.042694372136,20
46.133638546042,7.055633465152,20
46.133681697986,7.068572579677,20
46.133723367045,7.081511714985,20
46.140189009395,6.602645401078,20
46.140284078220,6.615585463459,20
46.140377663912,6.628525572056,20
46.140469766472,6.641465726143,20
46.140560385898,6.654405924992,20
46.140649522191,6.667346167877,20
46.140737175352,6.680286454071,20
46.140823345379,6.693226782848,20
46.140908032273,6.706167153481,20
46.140991236034,6.719107565244,20
46.141072956663,6.732048017409,20
46.141153194158,6.744988509250,20
46.141231948520,6.757929040040,20
46.141309219750,6.770869609053,20
46.141385007846,6.783810215562,20
46.141459312809,6.796750858840,20
46.141532134640,6.809691538162,20
46.141603473337,6.822632252799,20
46.141673328901,6.835573002025,20
46.141741701332,6.848513785114,20
46.141808590631,6.861454601339,20
46.141873996796,6.874395449973,20
46.141937919828,6.887336330290,20
46.142000359728,6.900277241564,20
46.142061316494,6.913218183066,20
46.142120790127,6.926159154071,20
46.142178780628,6.939100153852,20
46.142235287995,6.952041181682,20
46.142290312229,6.964982236835,20
46.142343853330,6.977923318584,20
46.142395911299,6.990864426203,20
46.142446486134,7.003805558964,20
46.142495577836,7.016746716141,20
46.142543186406,7.029687897007,20
46.142589311842,7.042629100836,20
46.142633954145,7.055570326901,20
46.142677113316,7.068511574476,20
46.142718789353,7.081452842833,20
46.142834918667,7.120276765333,20
46.148582355561,6.524855393538,20
46.148788842242,6.550739251313,20
46.148889860511,6.563681255338,20
46.148989395398,6.576623308485,20
46.149087446905,6.589565410029,20
46.149184015029,6.602507559242,20
46.149279099773,6.615449755397,20
46.149372701135,6.628391997769,20
46.149464819116,6.641334285630,20
46.149555453715,6.654276618254,20
46.149644604933,6.667218994913,20
46.149732272770,6.680161414882,20
46.149818457226,6.693103877434,20
46.149903158300,6.706046381841,20
46.149986375993,6.718988927378,20
46.150068110304,6.731931513318,20
46.150148361234,6.744874138933,20
46.150227128783,6.757816803498,20
46.150304412950,6.770759506286,20
46.150380213737,6.783702246570,20
46.150454531141,6.796645023623,20
46.150527365165,6.809587836718,20
46.150598715807,6.822530685130,20
46.150668583068,6.835473568131,20
46.150995668652,6.900188476542,20
46.151056635625,6.913131551819,20
46.151116119216,6.926074656599,20
46.151174119426,6.939017790154,20
46.151230636255,6.951960951759,20
46.151285669702,6.964904140687,20
46.151339219769,6.977847356210,20
46.151441869757,7.003733864139,20
46.151584719379,7.042563807335,20
46.151629369157,7.055507167175,20
46.151672535554,7.068450548523,20
46.151714218570,7.081393950655,20
46.151754418204,7.094337372843,20
46.151793134457,7.107280814360,20
46.151830367328,7.120224274479,20
46.151866116818,7.133167752475,20
46.151900382927,7.146111247620,20
46.157035000504,6.459985291405,20
46.157146421092,6.472929065724,20
46.157256358050,6.485872894253,20
46.157364811379,6.498816776265,20
46.157577267147,6.524704697830,20
46.157681269586,6.537648735929,20
46.157783788396,6.550592824605,20
46.157884823577,6.563536963130,20
46.157984375127,6.576481150778,20
46.158082443048,6.589425386822,20
46.158179027340,6.602369670535,20
46.158274128001,6.615314001190,20
46.158367745033,6.628258378062,20
46.158459878435,6.641202800423,20
46.158550528208,6.654147267547,20
46.158639694351,6.667091778707,20
46.158727376864,6.680036333176,20
46.158813575748,6.692980930227,20
46.158898291002,6.705925569135,20
46.159143534986,6.744759729728,20
46.159222315721,6.757704528793,20
46.159299612827,6.770649366080,20
46.159375426303,6.783594240864,20
46.160111454980,6.925990130394,20
46.160169464900,6.938935398450,20
46.160225991191,6.951880694555,20
46.160281033851,6.964826017983,20
46.160709654462,7.081335038452,20
46.160749860826,7.094280595140,20
46.160788583560,7.107226171157,20
46.160825822665,7.120171765776,20
46.160861578140,7.133117378272,20
46.160895849985,7.146063007917,20
46.160928638201,7.159008653985,20
46.160959942787,7.171954315749,20
46.160989763743,7.184899992482,20
46.161018101070,7.197845683457,20
46.161044954767,7.210791387949,20
46.165802497657,6.433932214788,20
46.166029827766,6.459823868344,20
46.166141267004,6.472769777890,20
46.166251222364,6.485715741644,20
46.166359693846,6.498661758882,20
46.166466681449,6.511607828875,20
46.166572185175,6.524553950898,20
46.166676205023,6.537500124223,20
46.166778740993,6.550446348124,20
46.166879793085,6.563392621875,20
46.166979361298,6.576338944749,20
46.167077445634,6.589285316018,20
46.167174046092,6.602231734957,20
46.167269162672,6.615178200838,20
46.167722487401,6.679911208952,20
46.169164816817,6.938852978739,20
46.169221352569,6.951800410070,20
46.169705096797,7.081276106224,20
46.169745309890,7.094223798137,20
46.169784039106,7.107171509380,20
46.169821284444,7.120119239225,20
46.169857045904,7.133066986946,20
46.169891323486,7.146014751817,20
46.169924117189,7.158962533111,20
46.169955427015,7.171910330100,20
46.169985252963,7.184858142059,20
46.170013595033,7.197805968260,20
46.170040453225,7.210753807977,20
46.170065827538,7.223701660484,20
46.174445109904,6.394923001522,20
46.174681382817,6.420818586465,20
46.174797293083,6.433766464973,20
46.174911719224,6.446714399871,20
46.175024661238,6.459662390432,20
46.175136119125,6.472610435928,20
46.175246092887,6.485558535634,20
46.175354582522,6.498506688823,20
46.175461588030,6.511454894767,20
46.175567109412,6.524403152741,20
46.175671146668,6.537351462018,20
46.175773699798,6.550299821871,20
46.175874768801,6.563248231573,20
46.175974353678,6.576196690397,20
46.176072454429,6.589145197618,20
46.176169071053,6.602093752508,20
46.178700545340,7.081217153970,20
46.178740765164,7.094166981834,20
46.178779500861,7.107116829028,20
46.178816752432,7.120066694825,20
46.178852519877,7.133016578498,20
46.178886803195,7.145966479320,20
46.178919602387,7.158916396564,20
46.178950917453,7.171866329505,20
46.178980748392,7.184816277415,20
46.179009095205,7.197766239567,20
46.179035957891,7.210716215236,20
46.179061336452,7.223666203694,20
46.179085230886,7.236616204214,20
46.179107641193,7.249566216071,20
46.183319469592,6.381800943716,20
46.183439852377,6.394750785374,20
46.183558750788,6.407700685600,20
46.183676164824,6.420650643670,20
46.183792094486,6.433600658855,20
46.183906539773,6.446550730430,20
46.184019500685,6.459500857667,20
46.184130977222,6.472451039841,20
46.184349477173,6.498351566089,20
46.184456500587,6.511301908710,20
46.184562039625,6.524252303361,20
46.184666094289,6.537202749314,20
46.187882288880,7.145918190424,20
46.187915093560,7.158870244346,20
46.187946413865,7.171822313963,20
46.187976249796,7.184774398550,20
46.188004601352,7.197726497379,20
46.188031468534,7.210678609725,20
46.188056851341,7.223630734859,20
46.188080749773,7.236582872057,20
46.188103163830,7.249535020590,20
46.188124093513,7.262487179733,20
46.188143538821,7.275439348758,20
46.188161499755,7.288391526940,20
46.188206476307,7.327248109153,20
46.192068937948,6.355722752181,20
46.192192310119,6.368674611922,20
46.192314197667,6.381626531686,20
46.192434600592,6.394578510746,20
46.192553518895,6.407530548375,20
46.192670952574,6.420482643846,20
46.192786901630,6.433434796434,20
46.192901366064,6.446387005411,20
46.193014345874,6.459339270051,20
46.193125841061,6.472291589627,20
46.197026984918,7.210640991444,20
46.197052371972,7.223595253981,20
46.197076274402,7.236549528580,20
46.197098692209,7.249503814516,20
46.197119625394,7.262458111061,20
46.197139073955,7.275412417489,20
46.197157037893,7.288366733072,20
46.197173517208,7.301321057085,20
46.197188511901,7.314275388801,20
46.197202021970,7.327229727493,20
46.197214047416,7.340184072434,20
46.197224588240,7.353138422898,20
46.200555210562,6.303728627974,20
46.200938752828,6.342590067570,20
46.201063630507,6.355544004690,20
46.201187023315,6.368498002559,20
46.201308931251,6.381452060450,20
46.201429354316,6.394406177638,20
46.201548292510,6.407360353395,20
46.201665745833,6.420314586994,20
46.201781714284,6.433268877710,20
46.206047898112,7.223559761058,20
46.206071804540,7.236516173785,20
46.206094226097,7.249472597849,20
46.206115162783,7.262429032522,20
46.206134614597,7.275385477077,20
46.206152581541,7.288341930789,20
46.206169063612,7.301298392930,20
46.206184060813,7.314254862773,20
46.206197573142,7.327211339593,20
46.206209600600,7.340167822662,20
46.206220143186,7.353124311254,20
46.206229200901,7.366080804641,20
46.206236773745,7.379037302098,20
46.206242861718,7.391993802898,20
46.209286660163,6.277629677377,20
46.209418984326,6.290585438703,20
46.209549823368,6.303541264412,20
46.209679177291,6.316497153777,20
46.209807046094,6.329453106072,20
46.209933429778,6.342409120569,20
46.210058328342,6.355365196542,20
46.210181741786,6.368321333264,20
46.210303670111,6.381277530009,20
46.210424113316,6.394233786050,20
46.210543071401,6.407190100661,20
46.215067339954,7.236482807671,20
46.215089765261,7.249441370589,20
46.215110705448,7.262399944115,20
46.215130160516,7.275358527524,20
46.215148130464,7.288317120089,20
46.215164615292,7.301275721083,20
46.215179615001,7.314234329780,20
46.215193129590,7.327192945453,20
46.215205159059,7.340151567376,20
46.215215703408,7.353110194821,20
46.215224762638,7.366068827062,20
46.215232336749,7.379027463372,20
46.215238425739,7.391986103025,20
46.215243029610,7.404944745294,20
46.218147402350,6.264480135302,20
46.218281234006,6.277437971098,20
46.218413580295,6.290395872004,20
46.218544441216,6.303353837292,20
46.218673816769,6.316311866236,20
46.218801706954,6.329269958109,20
46.218928111770,6.342228112185,20
46.219053031219,6.355186327737,20
46.219176465300,6.368144604039,20
46.224143684429,7.288292300973,20
46.224175174230,7.314213789822,20
46.224188691079,7.327174545074,20
46.224200722560,7.340135306575,20
46.224211268673,7.353096073599,20
46.224220329418,7.366056845420,20
46.224227904794,7.379017621309,20
46.224233994803,7.391978400541,20
46.224238599444,7.404939182389,20
46.226869793715,6.238366469743,20
46.227006618979,6.251326313445,20
46.227141958627,6.264286223710,20
46.227275812659,6.277246199810,20
46.227408181074,6.290206241020,20
46.227539063873,6.303166346613,20
46.227668461055,6.316126515861,20
46.227796372622,6.329086748039,20
46.227922798572,6.342047042420,20
46.228047738905,6.355007398277,20
46.233184257378,7.327156138455,20
46.233196290870,7.340119040261,20
46.233215901006,7.366044859714,20
46.233223477649,7.379007775908,20
46.233229568676,7.391970695445,20
46.233234174087,7.404933617597,20
46.233237293881,7.417896541639,20
46.235725975072,6.225206292912,20
46.235864309073,6.238168210355,20
46.236001157209,6.251130195087,20
46.236136519480,6.264092246382,20
46.236270395886,6.277054363512,20
46.236402786428,6.290016545752,20
46.236533691105,6.302978792375,20
46.242219055079,7.378997927169,20
46.242225147124,7.391962987736,20
46.242229753305,7.404928050919,20
46.242232873621,7.417893115991,20
46.242234508072,7.430858182226,20
46.242234656658,7.443823248896,20
46.244580628420,6.212041833399,20
46.244720471653,6.225005824582,20
46.244858828773,6.237969883780,20
46.244995699781,6.250934010268,20
46.245131084675,6.263898203318,20
46.245264983456,6.276862462205,20
46.245397396125,6.289826786200,20
46.251220729915,7.391955277416,20
46.251225336865,7.404922482354,20
46.251228457703,7.417889689182,20
46.251230092427,7.430856897172,20
46.251230241038,7.443824105599,20
46.253433752778,6.198873089755,20
46.253575105741,6.211839154676,20
46.253714972342,6.224805288339,20
46.253853352583,6.237771490019,20
46.253990246461,6.250737758988,20
46.254125653979,6.263704094519,20
46.260216316814,7.391947564483,20
46.260220924535,7.404916911903,20
46.260224045893,7.417886261212,20
46.260225680891,7.430855611683,20
46.260225829527,7.443824962591,20
46.260224491802,7.456794313208,20
46.260221667715,7.469763662808,20
46.260217357267,7.482733010663,20
46.260211560458,7.495702356048,20
46.262285347170,6.185700060528,20
46.262428210359,6.198668199187,20
46.262569586938,6.211636407315,20
46.262709476907,6.224604684185,20
46.262847880267,6.237573029071,20
46.262984797018,6.250541441247,20
46.269219637960,7.417882832081,20
46.269221273230,7.430854325759,20
46.269221421891,7.443825819874,20
46.269220083943,7.456797313697,20
46.269217259384,7.469768806504,20
46.269212948216,7.482740297566,20
46.269207150439,7.495711786158,20
46.269199866051,7.508683271552,20
46.269191095054,7.521654753023,20
46.271135410616,6.172522744270,20
46.271279784527,6.185492956665,20
46.271422671581,6.198463239256,20
46.271564071777,6.211433591316,20
46.271703985115,6.224404012119,20
46.271842411595,6.237374500937,20
46.278216869212,7.430853039400,20
46.278217017898,7.443826677447,20
46.278215679726,7.456800315203,20
46.278212854696,7.469773951941,20
46.278208542807,7.482747586936,20
46.278202744061,7.495721219460,20
46.278195458457,7.508694848787,20
46.278186685995,7.521668474190,20
46.278176426675,7.534642094942,20
46.279836569900,6.146368925050,20
46.279983942138,6.159341139530,20
46.280129827269,6.172313425660,20
46.280274225294,6.185285782713,20
46.280417136213,6.198258209962,20
46.280558560025,6.211230706680,20
46.280698496731,6.224203272140,20
46.287208453416,7.469779099120,20
46.287204140807,7.482754878773,20
46.287198341093,7.495730655955,20
46.287191054272,7.508706429940,20
46.287182280344,7.521682200000,20
46.287172019311,7.534657965410,20
46.287160271170,7.547633725443,20
46.288682056556,6.133180957371,20
46.288830940758,6.146155244859,20
46.288978337605,6.159129604723,20
46.289124247098,6.172104036236,20
46.289268669236,6.185078538672,20
46.289411604020,6.198053111304,20
46.296186653262,7.508718015010,20
46.296177877869,7.521695930454,20
46.296167615122,7.534673841248,20
46.296155865020,7.547651746664,20
46.296142627564,7.560629645976,20
46.297526008834,6.119988698311,20
46.297676405497,6.132965058805,20
46.297825314558,6.145941492402,20
46.297972736015,6.158917998375,20
46.298118669869,6.171894575998,20
46.298263116121,6.184871224543,20
46.305173478336,7.521709665552,20
46.305163213876,7.534689722454,20
46.305151461812,7.547669773979,20
46.305138222145,7.560649819400,20
46.305123494876,7.573629857991,20
46.306368425757,6.106792146421,20
46.306520335378,6.119770579920,20
46.306670757148,6.132749087249,20
46.306819691066,6.145727667681,20
46.306967137134,6.158706320488,20
46.307113095349,6.171685044945,20
46.314158815338,7.534705609030,20
46.314147061313,7.547687807389,20
46.314133819436,7.560669999645,20
46.314119089708,7.573652185070,20
46.314102872128,7.586634362938,20
46.315209306346,6.093591300249,20
46.315362729422,6.106571806753,20
46.315514664398,6.119552387813,20
46.315665111274,6.132533042702,20
46.315814070051,6.145513770694,20
46.315961540728,6.158494571061,20
46.323142663289,7.547705846894,20
46.323129419202,7.560690186710,20
46.323114687015,7.573674519695,20
46.323098466729,7.586658845123,20
46.323080758343,7.599643162267,20
46.324048649623,6.080386158348,20
46.324203586650,6.093368737854,20
46.324357035329,6.106351392644,20
46.324508995660,6.119334121989,20
46.324659467643,6.132316925164,20
46.324808451277,6.145299801441,20
46.332138267508,7.547723892494,20
46.332125021211,7.560710380595,20
46.332110286565,7.573696861866,20
46.332094063572,7.586683335579,20
46.332076352231,7.599669801009,20
46.332057152542,7.612656257428,20
46.333042906085,6.080161371774,20
46.333197868963,6.093146100292,20
46.333351343245,6.106130904092,20
46.333503328931,6.119115782449,20
46.333653826020,6.132100734635,20
46.341105888124,7.573719211583,20
46.341089662424,7.586707834307,20
46.341071948128,7.599696448748,20
46.341052745235,7.612685054178,20
46.341880686747,6.066949707061,20
46.342037164322,6.079936509307,20
46.342192153051,6.092923387562,20
46.342345652936,6.105910341099,20
46.342497663977,6.118897369192,20
46.350085263052,7.586732341307,20
46.350067545800,7.599723105484,20
46.350048339704,7.612713860651,20
46.350027644763,7.625704606080,20
46.350874920426,6.066722618239,20
46.351031424101,6.079711570947,20
46.351186438682,6.092700599664,20
46.351339964170,6.105689703664,20
46.359080865221,7.586756856577,20
46.359063145015,7.599749771217,20
46.359043935715,7.612742676846,20
46.359023237322,7.625735572738,20
46.359001049837,7.638728458165,20
46.358977373258,7.651721332402,20
46.360025685189,6.079486556694,20
46.360180725621,6.092477736599,20
46.360334276713,6.105468991786,20
46.368076468700,7.586781380119,20
46.368058745538,7.599776445947,20
46.368039533035,7.612771502764,20
46.368018831190,7.625766549843,20
46.367996640005,7.638761586459,20
46.367972959477,7.651756611884,20
46.367921130399,7.677746626255,20
46.368863391478,6.066268210738,20
46.369019947352,6.079261466547,20
46.369175013636,6.092254798366,20
46.377054347137,7.599803129674,20
46.377035131431,7.612800338404,20
46.377014426134,7.625797537397,20
46.376992231248,7.638794725926,20
46.376968546772,7.651791903264,20
46.376943372707,7.664789068685,20
46.376916709052,7.677786221462,20
46.376888555807,7.690783360869,20
46.377857628384,6.066040892060,20
46.378014210358,6.079036300508,20
46.378169302494,6.092031784965,20
46.386010021920,7.625828535399,20
46.385987823334,7.638827876567,20
46.385964134910,7.651827206544,20
46.385938956647,7.664826524604,20
46.385912288547,7.677825830020,20
46.385884130609,7.690825122065,20
46.386693767739,6.052816011686,20
46.386851865899,6.065813496763,20
46.387008473972,6.078811058575,20
46.387163591960,6.091808696397,20
46.394934541197,7.664863993147,20
46.394907868651,7.677865451928,20
46.395687979281,6.052586385680,20
46.395846103789,6.065586024847,20
46.396002737963,6.078585740750,20
46.396157881801,6.091585532662,20
46.403930126122,7.664901474315,20
46.403903449131,7.677905087186,20
46.403875281806,7.690908686686,20
46.403845624146,7.703912272089,20
46.404361417504,6.026353327480,20
46.404522549526,6.039354965811,20
46.404682190965,6.052356682330,20
46.404840341822,6.065358476313,20
46.404997002095,6.078360347031,20
46.405152171785,6.091362293759,20
46.412950902041,7.651933187777,20
46.412925711189,7.664938968108,20
46.412899029753,7.677944735794,20
46.412870857734,7.690950490110,20
46.412841195133,7.703956230328,20
46.413355575656,6.026119235703,20
46.413516734523,6.039123029575,20
46.413676402559,6.052126901636,20
46.413834579763,6.065130851160,20
46.413991266136,6.078134877419,20
46.414146461678,6.091138979688,20
46.421894610284,7.677984397753,20
46.421866433572,7.690992307610,20
46.421772958447,7.730015949690,20
46.422187056692,6.012879193909,20
46.422349733483,6.025885065131,20
46.422510919195,6.038891015270,20
46.422670613828,6.051897043597,20
46.422828817380,6.064903149388,20
46.422985529853,6.077909331914,20
46.430890190490,7.678024073061,20
46.430862009084,7.691034139185,20
46.430832336599,7.704044191211,20
46.430801173034,7.717054228414,20
46.430768518389,7.730064250066,20
46.430734372665,7.743074255440,20
46.431181186868,6.012642787549,20
46.431343890753,6.025650815764,20
46.431505103310,6.038658922895,20
46.431664824539,6.051667108215,20
46.439796737857,7.717100388050,20
46.439764077774,7.730112566694,20
46.439729926363,7.743124729061,20
46.439694283624,7.756136874423,20
46.440011093699,5.999396195379,20
46.440175316254,6.012406301669,20
46.440338047232,6.025416487601,20
46.440499286633,6.038426752450,20
46.440659034459,6.051437095488,20
46.448759636367,7.730160899575,20
46.448725479269,7.743175219659,20
46.448689830595,7.756189522740,20
46.449005194719,5.999157471534,20
46.449169444615,6.012169736267,20
46.449332202686,6.025182080643,20
46.449493468932,6.038194503935,20
46.457755193936,7.730209248708,20
46.457721031152,7.743225727236,20
46.457999294481,5.998918667442,20
46.458163571718,6.011933091345,20
46.458326356882,6.024947594890,20
46.458487649974,6.037962177351,20
46.466750750248,7.730257614093,20
46.466716581776,7.743276251790,20
46.466643768614,7.769313475446,20
46.466827595851,5.985663279677,20
46.466993392751,5.998679783105,20
46.467157697330,6.011696366901,20
46.467320509588,6.024713030341,20
46.475746305068,7.730305995731,20
46.475712130909,7.743326793323,20
46.475676464429,7.756347573911,20
46.475639305628,7.769368336767,20
46.475600654506,7.782389081167,20
46.475654347748,5.972403571521,20
46.475821664808,5.985422154473,20
46.475987489298,5.998440818520,20
46.476151821218,6.011459562937,20
46.476314660569,6.024478386997,20
46.484634840918,7.769423216518,20
46.484479549193,5.959139541524,20
46.484648386908,5.972160203999,20
46.484815731806,5.985180948296,20
46.484981583886,5.998201773690,20
46.485145943148,6.011222679452,20
46.485308809592,6.024243664858,20
46.493630374251,7.769478114698,20
46.493591710265,7.782503181064,20
46.493303199207,5.945871188237,20
46.493473558075,5.958893930233,20
46.493642423878,5.971916754779,20
46.493809796614,5.984939661148,20
46.493975676283,5.997962648612,20
46.502625905392,7.769533031307,20
46.502587234974,7.782560259744,20
46.502547071490,7.795587468996,20
46.502505414939,7.808614658338,20
46.502462265322,7.821641827043,20
46.502297177330,5.945623331726,20
46.502467564534,5.958648236519,20
46.502636458423,5.971673223862,20
46.502803858997,5.984698293027,20
46.502969766256,5.997723443289,20
46.511582757259,7.782617357579,20
46.511542587095,7.795646729628,20
46.511500923615,7.808676081767,20
46.511457766821,7.821705413268,20
46.511119243695,5.932348407027,20
46.511291152796,5.945375392066,20
46.511461568334,5.958402460382,20
46.511630490310,5.971429611247,20
46.511797918722,5.984456843935,20
46.520496429634,7.808737525801,20
46.520453265663,7.821769020825,20
46.520113187686,5.932098219971,20
46.520285125371,5.945127369258,20
46.520455569244,5.958156601822,20
46.520624519306,5.971185916935,20
46.520791975556,5.984215313871,20
46.529448761614,7.821832649713,20
46.529404096655,7.834866287620,20
46.528933668226,5.918816718782,20
46.529107128553,5.931847949041,20
46.529279094821,5.944879263302,20
46.529449567029,5.957910660839,20
46.529618545177,5.970942140925,20
46.538444254440,7.821896299932,20
46.538399582056,7.834932102813,20
46.538353415612,7.847967883603,20
46.537927576904,5.918564198279,20
46.538101066062,5.931597594236,20
46.538273060913,5.944631074196,20
46.538443561456,5.957664637432,20
46.538612567691,5.970698283218,20
46.547482929410,7.808921981539,20
46.547439743908,7.821959971483,20
46.547395064099,7.834997940063,20
46.547348889982,7.848035886552,20
46.547301221557,7.861073810224,20
46.546921481990,5.918311593176,20
46.547094999981,5.931347155558,20
46.547267023415,5.944382801942,20
46.547437552292,5.957418531603,20
46.556435229786,7.822023664365,20
46.556390542551,7.835063799369,20
46.556344360761,7.848103912283,20
46.556296684414,7.861144002380,20
46.555915383252,5.918058903473,20
46.556088930074,5.931096633005,20
46.556260982091,5.944134446539,20
46.556431539304,5.957172343350,20
46.565386017179,7.835129680733,20
46.565339827715,7.848171960797,20
46.565292143446,7.861214218043,20
46.565242964372,7.874256451746,20
46.564734209751,5.904766316492,20
46.564909280457,5.917806129170,20
46.565082856110,5.930846026578,20
46.565254936711,5.943886007988,20
46.574381487749,7.835195584153,20
46.574335290611,7.848240032093,20
46.574287598421,7.861284457215,20
46.574238411177,7.874328858793,20
46.573551478497,5.891469393164,20
46.573728073584,5.904511288988,20
46.573903173370,5.917553270267,20
46.574076777855,5.930595336276,20
46.574248887038,5.943637486288,20
46.583376954028,7.835261509630,20
46.583330749217,7.848308126171,20
46.583283049104,7.861354719895,20
46.583233853690,7.874401290074,20
46.583183162975,7.887447835983,20
46.582545308477,5.891212111008,20
46.582721932893,5.904256176159,20
46.582897061759,5.917300326765,20
46.583070695075,5.930344562101,20
46.583242832842,5.943388881439,20
46.592372415782,7.835327457164,20
46.592326203297,7.848376243032,20
46.592278495263,7.861425006082,20
46.592229291679,7.874473745589,20
46.592178592545,7.887522460824,20
46.592126397862,7.900571151063,20
46.591360984159,5.877908593782,20
46.591539133701,5.890954742802,20
46.591715787444,5.904000978004,20
46.591890945390,5.917047298663,20
46.592064607538,5.930093704051,20
46.601273936664,7.861495315778,20
46.601224724910,7.874546225336,20
46.601174017358,7.887597110624,20
46.601121814008,7.900647970915,20
46.601068114860,7.913698805482,20
46.600354774814,5.877648968746,20
46.600532953933,5.890697288544,20
46.600709637004,5.903745694525,20
46.600884824030,5.916794185961,20
46.610220153150,7.874618729318,20
46.610169437179,7.887671785384,20
46.610117225162,7.900724816452,20
46.610063517099,7.913777821797,20
46.610008312989,7.926830800691,20
46.609348560245,5.877389256934,20
46.609526768940,5.890439748236,20
46.609703481340,5.903490325720,20
46.609878697446,5.916540988660,20
46.619215576166,7.874691257533,20
46.619164851776,7.887746485102,20
46.619112631093,7.900801687674,20
46.619058914114,7.913856864522,20
46.619003700841,7.926912014920,20
46.618342340218,5.877129458346,20
46.618520578490,5.890182121876,20
46.618697320218,5.903234871589,20
46.618872565403,5.916287706758,20
46.628160260916,7.887821209780,20
46.628108031565,7.900878584581,20
46.628054305671,7.913935933658,20
46.627999083235,7.926993256284,20
46.627942364255,7.940050551733,20
46.627884148732,7.953107819279,20
46.627336114501,5.876869572981,20
46.627514382348,5.889924409466,20
46.627691153405,5.902979332133,20
46.627866427670,5.916034340257,20
46.637049691537,7.914015029204,20
46.636994459937,7.927074524785,20
46.636937731546,7.940133993188,20
46.636879506363,7.953193433688,20
46.636819784389,7.966252845557,20
46.636329882858,5.876609600840,20
46.636508180283,5.889666611005,20
46.636684980667,5.902723707352,20
46.636860284012,5.915780889156,20
46.646045071479,7.914094151160,20
46.645989830715,7.927155820421,20
46.645933092912,7.940217462505,20
46.645323645058,5.876349541922,20
46.645501972059,5.889408726493,20
46.645678801772,5.902467997246,20
46.655040445263,7.914173299526,20
46.654985195336,7.927237143193,20
46.654928448121,7.940300959682,20
46.654870203617,7.953364748268,20
46.654317400867,5.876089396228,20
46.654495757444,5.889150755930,20
46.654672616485,5.902212201814,20
46.663980553565,7.927318493101,20
46.663923796938,7.940384484721,20
46.663865542775,7.953450448438,20
46.663311150051,5.875829163757,20
46.663489536205,5.888892699316,20
46.663666424574,5.901956321057,20
46.672919139131,7.940468037621,20
46.672304892378,5.875568844510,20
46.672483308108,5.888634556651,20
46.672660225806,5.901700354975,20
46.681971249917,7.927481274323,20
46.681914474466,7.940551618383,20
46.681856200983,7.953621934539,20
46.681298627613,5.875308438487,20
46.681477072920,5.888376327935,20
46.681654019946,5.901444303567,20
46.690966587573,7.927562705638,20
46.690909802710,7.940635227006,20
46.690851519567,7.953707720470,20
46.690791738141,7.966780185303,20
46.690292355524,5.875047945687,20
46.690470830408,5.888118013169,20
46.699961917905,7.927644164089,20
46.699905123630,7.940718863490,20
46.699846830826,7.953793534987,20
46.699787039492,7.966868177854,20
46.699286075878,5.874787366110,20
46.699464580337,5.887859612352,20
46.708957240678,7.927725649676,20
46.708900436992,7.940802527836,20
46.708842134528,7.953879378092,20
46.708782333286,7.966956199717,20
46.708279788440,5.874526699757,20
46.717952555661,7.927807162398,20
46.717895742563,7.940886220043,20
46.717837430438,7.953965249783,20
46.717777619288,7.967044250893,20
46.717273492977,5.874265946628,20
46.726947862619,7.927888702256,20
46.726891040109,7.940969940111,20
46.726832718325,7.954051150062,20
46.726772897265,7.967132331382,20
46.726267189257,5.874005106722,20
46.726445782447,5.887083893594,20
46.735943161319,7.927970269250,20
46.735886329398,7.941053688041,20
46.735827997953,7.954137078927,20
46.735768166985,7.967220441183,20
46.735260877046,5.873744180040,20
46.735439499812,5.886825148573,20
46.744881610195,7.941137463832,20
46.744823269090,7.954223036379,20
46.744763428214,7.967308580296,20
46.744254556111,5.873483166582,20
46.753876882268,7.941221267484,20
46.753818531503,7.954309022418,20
46.753758680719,7.967396748722,20
46.753248226217,5.873222066346,20
46.762813784958,7.954395037044,20
46.762753924265,7.967484946460,20
46.762241887133,5.872960879335,20
46.771867399308,7.941388958372,20
46.771809029222,7.954481080257,20
46.771749158621,7.967573173511,20
46.780862643807,7.941472845609,20
46.780804264062,7.954567152057,20
46.780744383552,7.967661429874,20
46.789857878649,7.941556760706,20
46.789799489244,7.954653252443,20
46.789739598825,7.967749715550,20
46.798734804207,7.967838030538,20
46.807729999465,7.967926374838,20
46.816785104509,7.954911725124,20
46.816725184365,7.968014748451,20
46.816203646545,5.871391934961,20
46.825780288726,7.954997939859,20
46.825720358673,7.968103151377,20
46.825197236590,5.871130140514,20
46.834715522158,7.968191583614,20
46.834190815576,5.870868259291,20
46.843710674584,7.968280045165,20
46.843184383272,5.870606291291,20
46.852705815720,7.968368536027,20
46.852177939443,5.870344236515,20
46.861700945331,7.968457056202,20
46.861171483856,5.870082094963,20
46.870165016278,5.869819866634,20
46.879691169046,7.968634184490,20
46.879158536476,5.869557551529,20
46.888686262684,7.968722792603,20
46.888152044216,5.869295149647,20
46.897681343864,7.968811430028,20
46.897145539265,5.869032660989,20
46.906139021389,5.868770085554,20
46.915132490356,5.868507423343,20
46.924125945931,5.868244674356,20
46.933661539339,7.969166272852,20
46.933119387882,5.867981838592,20
46.942112815975,5.867718916051,20
46.942292119001,5.880850263046,20
46.951651556263,7.969343870138,20
46.951106229977,5.867455906735,20
46.951285562579,5.880589452803,20
46.960099629655,5.867192810641,20
46.960278991833,5.880328556510,20
46.969641516823,7.969521584675,20
46.969093014775,5.866929627772,20
46.969272406530,5.880067574166,20
46.978636475383,7.969610485912,20
46.978086385104,5.866666358125,20
46.978265806435,5.879806505771,20
46.987631419152,7.969699416461,20
46.987079740408,5.866403001703,20
46.987259191316,5.879545351325,20
46.996686466210,7.956641451316,20
46.996626347896,7.969788376323,20
46.996073080455,5.866139558504,20
46.996252560939,5.879284110829,20
47.005681389605,7.956728237788,20
47.005621261383,7.969877365497,20
47.005066405010,5.865876028528,20
47.005245915071,5.879022784281,20
47.014676297509,7.956815052847,20
47.014616159378,7.969966383984,20
47.014059713841,5.865612411776,20
47.014239253479,5.878761371683,20
47.014417285646,5.891910417772,20
47.023729830259,7.943748332572,20
47.023671189689,7.956901896493,20
47.023611041649,7.970055431783,20
47.023053006714,5.865348708248,20
47.023232575928,5.878499873033,20
47.023410637424,5.891651124001,20
47.032724716141,7.943832999925,20
47.032666065911,7.956988768726,20
47.032605907962,7.970144508895,20
47.032046283397,5.865084917943,20
47.032225882187,5.878238288333,20
47.032403973011,5.891391744905,20
47.041719585832,7.943917695140,20
47.041660925941,7.957075669545,20
47.041600758085,7.970233615319,20
47.041039543654,5.864821040862,20
47.041219172021,5.877976617582,20
47.041397292173,5.891132280484,20
47.041573904111,5.904288028843,20
47.050714439098,7.944002418217,20
47.050655769547,7.957162598951,20
47.050595591782,7.970322751055,20
47.050032787254,5.864557077004,20
47.050212445198,5.877714860780,20
47.050390594678,5.890872730738,20
47.050567235695,5.904030686152,20
47.059709275707,7.944087169154,20
47.059650596496,7.957249556945,20
47.059590408822,7.970411916104,20
47.059026013963,5.864293026370,20
47.059205701483,5.877453017927,20
47.059383880291,5.890613095666,20
47.059560550388,5.903773258862,20
47.068704095424,7.944171947953,20
47.068645406553,7.957336543525,20
47.068585208971,7.970501110466,20
47.068019223547,5.864028888959,20
47.068198940644,5.877191089023,20
47.068377148780,5.890353375269,20
47.068553847957,5.903515746972,20
47.068729038175,5.916678203403,20
47.077698898017,7.944256754613,20
47.077640199486,7.957423558692,20
47.077579991995,7.970590334140,20
47.077192162447,5.876929074068,20
47.077370399912,5.890093569547,20
47.077547128168,5.903258150482,20
47.077722347217,5.916422816146,20
47.086693683252,7.944341589135,20
47.086634975061,7.957510602446,20
47.086574757662,7.970679587126,20
47.086185366659,5.876666973062,20
47.086363633452,5.889833678499,20
47.086540390788,5.903000469392,20
47.086715638669,5.916167345014,20
47.095745659292,7.931255200345,20
47.095688450896,7.944426451518,20
47.095629733045,7.957597674787,20
47.095569505737,7.970768869425,20
47.095178553046,5.876404786006,20
47.095356849167,5.889573702126,20
47.095533635584,5.902742703702,20
47.095708912296,5.915911790007,20
47.095882679303,5.929080960315,20
47.104740418523,7.931337879906,20
47.104683200716,7.944511341762,20
47.104624473205,7.957684775714,20
47.104564235988,7.970858181036,20
47.104350046825,5.889313640428,20
47.104526862322,5.902484853413,20
47.104702167865,5.915656151127,20
47.104875963455,5.928827532844,20
47.113735159697,7.931420586603,20
47.113677932478,7.944596259868,20
47.113619195306,7.957771905229,20
47.113558948182,7.970947521959,20
47.113343226192,5.889053493404,20
47.113520070768,5.902226918523,20
47.113695405143,5.915400428372,20
47.113869229316,5.928574022224,20
47.122729882579,7.931503320435,20
47.122672645949,7.944681205835,20
47.122613899117,7.957859063330,20
47.122553642084,7.971036892195,20
47.122336387034,5.888793261055,20
47.122513260690,5.901968899035,20
47.122688623897,5.915144621744,20
47.122862476653,5.928320428455,20
47.123034818960,5.941496318443,20
47.131780322530,7.918405955966,20
47.131724586938,7.931586081403,20
47.131667340895,7.944766179663,20
47.131608584403,7.957946250019,20
47.131548317461,7.971126291744,20
47.131506431855,5.901710794946,20
47.131681823893,5.914888731240,20
47.131855705232,5.928066751538,20
47.132028075874,5.941244855111,20
47.140775017294,7.918486530485,20
47.140719272538,7.931668869507,20
47.140662017084,7.944851181353,20
47.140603250932,7.958033465294,20
47.140499584028,5.901452606257,20
47.140675004897,5.914632756863,20
47.140848914820,5.927812991472,20
47.141021313797,5.940993309356,20
47.141192201827,5.954173709790,20
47.149823936040,7.905382551628,20
47.149769693067,7.918567131413,20
47.149713939147,7.931751684747,20
47.149656674281,7.944936210904,20
47.149597898469,7.958120709156,20
47.149668166678,5.914376698612,20
47.149842105184,5.927559148257,20
47.150014532495,5.940741681178,20
47.150185448612,5.953924296649,20
47.158818601504,7.905460963930,20
47.158764349615,7.918647758752,20
47.158708586532,7.931834527122,20
47.158651312254,7.945021268316,20
47.158661309000,5.914120556486,20
47.158835276090,5.927305221894,20
47.159007731736,5.940489970577,20
47.159178675939,5.953674801810,20
47.159348108700,5.966859714866,20
47.167813247510,7.905539401917,20
47.167758986706,7.918728412501,20
47.167703214459,7.931917396634,20
47.167645930770,7.945106353589,20
47.167828427304,5.927051212382,20
47.168000911285,5.940238177553,20
47.168171883575,5.953425225274,20
47.168341344174,5.966612354818,20
47.176860631852,7.892426612793,20
47.176807873824,7.905617865588,20
47.176753604105,7.918809092660,20
47.176697822695,7.932000293281,20
47.176821558594,5.926797119721,20
47.176994070910,5.939986302106,20
47.177165071287,5.953175567040,20
47.177334559723,5.966364913797,20
47.177502536220,5.979554341650,20
47.185855246909,7.892502884935,20
47.185802480214,7.905696354944,20
47.185748201580,7.918889799229,20
47.185692411007,7.932083217064,20
47.185987210378,5.939734344236,20
47.186158238840,5.952925827109,20
47.186327755115,5.966117391805,20
47.186495759202,5.979309037597,20
47.186662251101,5.992500763758,20
47.194901104981,7.879383469091,20
47.194849841808,7.892579182037,20
47.194797066447,7.905774869985,20
47.194742778898,7.918970532209,20
47.194686979160,7.932166167982,20
47.194980329454,5.939482303942,20
47.195151386003,5.952676005480,20
47.195320930116,5.965869788841,20
47.195488961793,5.979063653297,20
47.195655481033,5.992257598123,20
47.203945447063,7.866259616607,20
47.203895687908,7.879457572488,20
47.203844416316,7.892655504097,20
47.203791632288,7.905853410710,20
47.203737335824,7.919051291599,20
47.204144512541,5.952426102153,20
47.204314084492,5.965622104904,20
47.204482143759,5.978818188751,20
47.204648690341,5.992014352967,20
47.204813724238,6.005210596826,20
47.212940017536,7.866331524847,20
47.212890250210,7.879531700117,20
47.212838970200,7.892731851117,20
47.212786177505,7.905931977120,20
47.212731872125,7.919132077399,20
47.213307218011,5.965374339996,20
47.213475304867,5.978572643958,20
47.213641878791,5.991771028290,20
47.213806939781,6.004969492264,20
47.213970487838,6.018168035155,20
47.221982829713,7.853201037664,20
47.221934567150,7.866403456594,20
47.221884791655,7.879605851981,20
47.221833503226,7.892808223096,20
47.221780701864,7.906010569215,20
47.222300330438,5.965126494115,20
47.222468444885,5.978327018919,20
47.222635046149,5.991527624092,20
47.222800134233,6.004728308907,20
47.222963709135,6.017929072639,20
47.230977366158,7.853270772078,20
47.230929095674,7.866475411850,20
47.230879312008,7.879680028077,20
47.230828015161,7.892884620034,20
47.231461563577,5.978081313633,20
47.231628192184,5.991284140373,20
47.231793307360,6.004487046755,20
47.231956909107,6.017690032054,20
47.232118997425,6.030893095541,20
47.240018646256,7.840133645119,20
47.239971881279,7.853340529275,20
47.239923602873,7.866547390613,20
47.239873811037,7.879754228408,20
47.239822505771,7.892961041931,20
47.240454660713,5.977835528101,20
47.240621316660,5.991040577133,20
47.240786458930,6.004245705808,20
47.240950087522,6.017450913399,20
47.241112202436,6.030656199179,20
47.241272803672,6.043861562421,20
47.249013147492,7.840201202806,20
47.248966374842,7.853410309254,20
47.248918088514,7.866619392885,20
47.248868288508,7.879828452972,20
47.249614419346,5.990796934373,20
47.249779588709,6.004004286065,20
47.249943244145,6.017211716674,20
47.250105385656,6.030419225472,20
47.250266013240,6.043626811732,20
47.258052893335,7.827057430993,20
47.258007626938,7.840268782550,20
47.257960846614,7.853480112016,20
47.257912552364,7.866691418665,20
47.257862744188,7.879902701769,20
47.258772696463,6.003762787527,20
47.258936378744,6.016972441879,20
47.259098546851,6.030182174421,20
47.259259200783,6.043391984425,20
47.259418340541,6.056601871165,20
47.267047358181,7.827122809051,20
47.267002084359,7.840336384351,20
47.266955296362,7.853549937560,20
47.266906994190,7.866763467952,20
47.267765781959,6.003521210194,20
47.267929491086,6.016733089015,20
47.268091685789,6.029945046025,20
47.268252366069,6.043157080498,20
47.268411531927,6.056369191707,20
47.268569183361,6.069581378926,20
47.276085567594,7.813972387306,20
47.276041800770,7.827188208439,20
47.275996519522,7.840404008208,20
47.275949723851,7.853619785887,20
47.275901413758,7.866835540748,20
47.276922580936,6.016493658081,20
47.277084802236,6.029707840286,20
47.277245508864,6.042922099953,20
47.277404700821,6.056136436357,20
47.277562378107,6.069350848770,20
47.285122254199,7.800817515867,20
47.285079994869,7.814035582832,20
47.285036220867,7.827253629159,20
47.284990932194,7.840471654123,20
47.284944128850,7.853689656996,20
47.284895810834,7.866907637051,20
47.286077895958,6.029470557202,20
47.286238628934,6.042687042789,20
47.286397846991,6.055903605113,20
47.286555550129,6.069120243446,20
47.286711738346,6.082336957062,20
47.294157417016,7.787658193282,20
47.294116665677,7.800878506078,20
47.294074399418,7.814098798963,20
47.294030618240,7.827319071210,20
47.293985322142,7.840539322094,20
47.293938511124,7.853759550887,20
47.295231726047,6.042451909007,20
47.295390970204,6.055670697976,20
47.295548699193,6.068889562955,20
47.295704913013,6.082108503217,20
47.295859611666,6.095327518034,20
47.303151812217,7.787716976728,20
47.303111054197,7.800939516169,20
47.303068781010,7.814162035700,20
47.303024992655,7.827384534593,20
47.302979689132,7.840607012122,20
47.304224799968,6.042216698606,20
47.304384070225,6.055437714947,20
47.304541825065,6.068658807297,20
47.304698064489,6.081879974929,20
47.304852788497,6.095101217118,20
47.305005997088,6.108322533136,20
47.312185433509,7.774550993331,20
47.312146184226,7.787775779328,20
47.312105419527,7.801000546140,20
47.312063139411,7.814225293042,20
47.312019343879,7.827450019307,20
47.313377146822,6.055204656024,20
47.313534927514,6.068427976470,20
47.313691192541,6.081651372200,20
47.313845941903,6.094874842485,20
47.313999175601,6.108098386600,20
47.321288461683,7.734926436872,20
47.321253752962,7.748153504157,20
47.321217528576,7.761380554439,20
47.321179788526,7.774607586989,20
47.321140532811,7.787834601083,20
47.321099761432,7.801061595992,20
47.321057474387,7.814288570991,20
47.322528006304,6.068197070477,20
47.322684296935,6.081422695028,20
47.322839071652,6.094648394136,20
47.322992330456,6.107874167073,20
47.323144073348,6.121100013113,20
47.330316009342,7.721747050107,20
47.330282810847,7.734976362492,20
47.330248096439,7.748205658600,20
47.330211866119,7.761434937704,20
47.330174119885,7.774664199077,20
47.330134857738,7.787893441992,20
47.330094079679,7.801122665724,20
47.330051785706,7.814351869545,20
47.331677377437,6.081193943415,20
47.331832177509,6.094421872071,20
47.331985461420,6.107649874555,20
47.332137229170,6.120877950143,20
47.332287480758,6.134106098107,20
47.339342027826,7.708563204948,20
47.339310340054,7.721794762432,20
47.339277136121,7.735026304365,20
47.339242416026,7.748257830021,20
47.339206179770,7.761489338672,20
47.339168427353,7.774720829593,20
47.340670433815,6.080965117360,20
47.340825259242,6.094195276289,20
47.340978568260,6.107425509047,20
47.341130360867,6.120655814908,20
47.341280637065,6.133886193145,20
47.341429396854,6.147116643031,20
47.348395176298,7.682141083267,20
47.348366516156,7.695374899946,20
47.348336339603,7.708608702527,20
47.348304646641,7.721842490284,20
47.348271437270,7.735076262490,20
47.348236711488,7.748310018419,20
47.349818316618,6.093968606790,20
47.349971650741,6.107201070548,20
47.350123468207,6.120433607408,20
47.350273769015,6.133666216644,20
47.350422553165,6.146898897529,20
47.350569820657,6.160131649337,20
47.357416621532,7.668946072601,20
47.357389473354,7.682182133649,20
47.357360808517,7.695418181326,20
47.357330627023,7.708654214906,20
47.357298928871,7.721890233662,20
47.357265714061,7.735126236868,20
47.357230982593,7.748362223796,20
47.358964708632,6.106976559057,20
47.359116550956,6.120211327642,20
47.359266876374,6.133446168602,20
47.359415684885,6.146681081212,20
47.359562976490,6.159916064745,20
47.359708751189,6.173151118474,20
47.366436534158,7.655746599191,20
47.366410898441,7.668984904608,20
47.366383745818,7.682223197381,20
47.366355076288,7.695461476783,20
47.366324889852,7.708699742087,20
47.366293186510,7.721937992568,20
47.366259966261,7.735176227498,20
47.368109608880,6.119988975611,20
47.368259958908,6.133226049022,20
47.368408791781,6.146463194082,20
47.368556107499,6.159700410064,20
47.368701906062,6.172937696243,20
47.368846187471,6.186175051891,20
47.375477518804,7.629302100615,20
47.375454913199,7.642542661589,20
47.375430790440,7.655783211373,20
47.375405150526,7.669023749240,20
47.375377993457,7.682264274463,20
47.375349319234,7.695504786315,20
47.375319127856,7.708745284069,20
47.377253016384,6.133005857901,20
47.377401873619,6.146245236136,20
47.377549213450,6.159484685295,20
47.377695035878,6.172724204649,20
47.377839340903,6.185963793473,20
47.377982128526,6.199203451039,20
47.384471757676,7.629334258344,20
47.384449148371,7.642577052495,20
47.384425021664,7.655819835454,20
47.384399377553,7.669062606497,20
47.384372216039,7.682305364895,20
47.384343537123,7.695548109923,20
47.386394930165,6.146027207377,20
47.386542294110,6.159268890437,20
47.386688140403,6.172510643692,20
47.386832469045,6.185752466417,20
47.386975280035,6.198994357885,20
47.387116573374,6.212236317369,20
47.393506644313,7.602876339753,20
47.393487066611,7.616121388006,20
47.393465971258,7.629366426522,20
47.393443358253,7.642611454573,20
47.393419227597,7.655856471434,20
47.393393579289,7.669101476378,20
47.393366413330,7.682346468677,20
47.395535349245,6.159053025490,20
47.395681219403,6.172297013372,20
47.395825571662,6.185541070724,20
47.395968406020,6.198785196819,20
47.396109722479,6.212029390929,20
47.396249521039,6.225273652329,20
47.402500839026,7.602904049125,20
47.402481258120,7.616151332005,20
47.402460159315,7.629398605147,20
47.402437542610,7.642645867826,20
47.402413408005,7.655893119313,20
47.404674272646,6.172083313689,20
47.404818648521,6.185329606393,20
47.404961506248,6.198575967840,20
47.405102845826,6.211822397303,20
47.405242667257,6.225068894055,20
47.405380970540,6.238315457370,20
47.411513073942,7.589682240251,20
47.411495007980,7.602931767494,20
47.411475423871,7.616181285726,20
47.411454321614,7.629430794221,20
47.411431701209,7.642680292252,20
47.413811699389,6.185118073425,20
47.413954580484,6.198366670950,20
47.414095943182,6.211615336490,20
47.414235787485,6.224864069320,20
47.414374113391,6.238112868713,20
47.414510920900,6.251361733941,20
47.420538802504,7.563204180773,20
47.420523770380,7.576455959935,20
47.420507219860,7.589707731539,20
47.420489150944,7.602959494860,20
47.420469563631,7.616211249170,20
47.420448457922,7.629462993743,20
47.422947628495,6.198157306147,20
47.423089014314,6.211408208491,20
47.423228881488,6.224659178125,20
47.423367230017,6.237910214321,20
47.423504059901,6.251161316353,20
47.423639371141,6.264412483494,20
47.423773163736,6.277663715018,20
47.429546443301,7.549971183929,20
47.429532927363,7.563225206725,20
47.429517892781,7.576479222691,20
47.429501339554,7.589733231099,20
47.429483267683,7.602987231223,20
47.429463677167,7.616241222336,20
47.432082058988,6.211201013306,20
47.432221949033,6.224454220468,20
47.432360320185,6.237707494193,20
47.432497172444,6.250960833754,20
47.432632505811,6.264214238425,20
47.432766320284,6.277467707478,20
47.432898615864,6.290721240187,20
47.438563023529,7.523477440937,20
47.438552543168,7.536733712744,20
47.438540543913,7.549989979173,20
47.438527025765,7.563246239498,20
47.438511988724,7.576502492992,20
47.438495432791,7.589758738929,20
47.438477357964,7.603014976582,20
47.438457764244,7.616271205225,20
47.441353383662,6.237504708331,20
47.441490258297,6.250760286146,20
47.441625613789,6.264015929071,20
47.441759450141,6.277271636379,20
47.441891767351,6.290527407342,20
47.442022565420,6.303783241235,20
47.442151844347,6.317039137331,20
47.447566064059,7.510233251055,20
47.447557101125,7.523491765767,20
47.447546619050,7.536750275827,20
47.447534617834,7.550008780511,20
47.447521097476,7.563267279091,20
47.447506057977,7.576525770840,20
47.447489499336,7.589784255031,20
47.450483317224,6.250559673528,20
47.450618694844,6.263817555433,20
47.450752553073,6.277075501721,20
47.450884891913,6.290333511665,20
47.451015711363,6.303591584538,20
47.451145011424,6.316849719614,20
47.451272792095,6.330107916165,20
47.451399053376,6.343366173466,20
47.456573486825,7.483723823119,20
47.456567561205,7.496984583932,20
47.456560116196,7.510245341548,20
47.456551151797,7.523506095239,20
47.456540668008,7.536766844280,20
47.456528664830,7.550027587944,20
47.456515142262,7.563288325504,20
47.456500100304,7.576549056233,20
47.459611748740,6.263619117511,20
47.459745628848,6.276879303505,20
47.459877989318,6.290139553154,20
47.460008830149,6.303399865733,20
47.460138151343,6.316660240514,20
47.460265952899,6.329920676772,20
47.460392234817,6.343181173778,20
47.460516997097,6.356441730808,20
47.465571920940,7.470468435129,20
47.465567513990,7.483731438118,20
47.465561587401,7.496994438637,20
47.465554141175,7.510257435958,20
47.465545175311,7.523520429356,20
47.465534689809,7.536783418102,20
47.465522684669,7.550046401472,20
47.465509159890,7.563309378737,20
47.468871059331,6.289945531810,20
47.469001921544,6.303208084820,20
47.469131263871,6.316470700033,20
47.469259086312,6.329733376721,20
47.469385388866,6.342996114159,20
47.469510171534,6.356258911620,20
47.469633434316,6.369521768376,20
47.469755177211,6.382784683702,20
47.474570177115,7.443943320817,20
47.474568809217,7.457208566999,20
47.474565921433,7.470473812164,20
47.474561513763,7.483739055584,20
47.474555586206,7.497004296534,20
47.474548138763,7.510269534287,20
47.474539171434,7.523534768115,20
47.474528684218,7.536799997293,20
47.478124348775,6.316281098169,20
47.478252192100,6.329546016015,20
47.478378515291,6.342810994609,20
47.478503318347,6.356076033227,20
47.478626601269,6.369341131140,20
47.478748364055,6.382606287623,20
47.478868606707,6.395871501948,20
47.478987329225,6.409136773390,20
47.483562326518,7.417409242457,20
47.483563998666,7.430676729650,20
47.483564150679,7.443944217280,20
47.483562782558,7.457211704618,20
47.483559894302,7.470479190940,20
47.483555485912,7.483746675517,20
47.483549557387,7.497014157624,20
47.483542108727,7.510281636533,20
47.483533139932,7.523549111519,20
47.487245270031,6.329358594652,20
47.487371613858,6.342625815129,20
47.487496437302,6.355893095628,20
47.487619740364,6.369160435424,20
47.487741523042,6.382427833789,20
47.487861785337,6.395695289997,20
47.487980527250,6.408962803321,20
47.488097748779,6.422230373034,20
47.488213449925,6.435497998409,20
47.492548365935,7.390866201509,20
47.492553079122,7.404135927532,20
47.492556271926,7.417405655445,20
47.492557944348,7.430675384521,20
47.492558096386,7.443945114033,20
47.492556728041,7.457214843254,20
47.492553839314,7.470484571457,20
47.492549430203,7.483754297917,20
47.492543500709,7.497024021906,20
47.496489528166,6.355710098825,20
47.496612851368,6.368979681228,20
47.496734653937,6.382249322201,20
47.496854935876,6.395519021017,20
47.496973697183,6.408788776948,20
47.497090937859,6.422058589269,20
47.497206657903,6.435328457253,20
47.497320857316,6.448598380173,20
47.497433536098,6.461868357301,20
47.501528292153,7.364314199432,20
47.501536047372,7.377586162105,20
47.501542281961,7.390858128120,20
47.501546995918,7.404130096752,20
47.501550189244,7.417402067273,20
47.501551861938,7.430674038956,20
47.501552014001,7.443946011076,20
47.501550645433,7.457217982905,20
47.501547756234,7.470489953716,20
47.505727756508,6.382070752859,20
47.505848058090,6.395342695008,20
47.505966838792,6.408614694273,20
47.506084098614,6.421886749927,20
47.506199837557,6.435158861245,20
47.506314055620,6.448431027498,20
47.506426752803,6.461703247960,20
47.506537929107,6.474975521905,20
47.506647584531,6.488247848606,20
47.506755719075,6.501520227336,20
47.510489782833,7.324479046068,20
47.510502101958,7.337753237686,20
47.510512900204,7.351027434827,20
47.510522177570,7.364301636764,20
47.510529934056,7.377575842771,20
47.510536169663,7.390850052120,20
47.510540884390,7.404124264085,20
47.510544078237,7.417398477939,20
47.510545751204,7.430672692956,20
47.510545903292,7.443946908409,20
47.514959951843,6.408440555295,20
47.515077230812,6.421714855008,20
47.515192988653,6.434989210384,20
47.515307225366,6.448263620696,20
47.515419940950,6.461538085218,20
47.515531135407,6.474812603222,20
47.515640808736,6.488087173982,20
47.515748960937,6.501361796771,20
47.515855592010,6.514636470863,20
47.515960701954,6.527911195531,20
47.516064290771,6.541185970048,20
47.519399211798,7.258077677047,20
47.519419138575,7.271354074211,20
47.519437544224,7.284630480531,20
47.519454428745,7.297906895280,20
47.519469792138,7.311183317732,20
47.519483634402,7.324459747160,20
47.519495955539,7.337736182838,20
47.519506755548,7.351012624038,20
47.519516034429,7.364289070034,20
47.519523792182,7.377565520099,20
47.519530028806,7.390841973507,20
47.519534744303,7.404118429531,20
47.519537938672,7.417394887445,20
47.524186110958,6.434819504672,20
47.524300366320,6.448096159768,20
47.524413100307,6.461372869074,20
47.524524312917,6.474649631863,20
47.524634004150,6.487926447407,20
47.524742174008,6.501203314981,20
47.524848822488,6.514480233858,20
47.524953949593,6.527757203311,20
47.525057555321,6.541034222613,20
47.525159639673,6.554311291037,20
47.525260202649,6.567588407858,20
47.528348596606,7.231489894454,20
47.528371569388,7.244768515911,20
47.528393020795,7.258047147977,20
47.528412950825,7.271325789926,20
47.528431359478,7.284604441030,20
47.528448246756,7.297883100564,20
47.528463612656,7.311161767801,20
47.528477457181,7.324440442013,20
47.528489780329,7.337719122475,20
47.528500582101,7.350997808460,20
47.528509862497,7.364276499240,20
47.528517621516,7.377555194090,20
47.528523859159,7.390833892283,20
47.533406230638,6.461207599530,20
47.533517461401,6.474486607829,20
47.533627170540,6.487765668884,20
47.533735358054,6.501044781968,20
47.533842023943,6.514323946354,20
47.533947168207,6.527603161317,20
47.534050790847,6.540882426129,20
47.534152891862,6.554161740064,20
47.534253471253,6.567441102394,20
47.534352529018,6.580720512394,20
47.534450065160,6.593999969337,20
47.534546079676,6.607279472496,20
47.534640572568,6.620559021144,20
47.537291851387,7.204893165298,20
47.537317871169,7.218174008866,20
47.537342369326,7.231454864497,20
47.537365345858,7.244735731463,20
47.537386800766,7.258016609039,20
47.537406734049,7.271297496498,20
47.537425145708,7.284578393113,20
47.537442035742,7.297859298157,20
47.537457404151,7.311140210904,20
47.537471250935,7.324421130626,20
47.537483576095,7.337702056598,20
47.537494379630,7.350982988093,20
47.537503661541,7.364263924384,20
47.542728512842,6.500886197729,20
47.542835196139,6.514167608352,20
47.542940357564,6.527449069550,20
47.543043997115,6.540730580598,20
47.543146114793,6.554012140768,20
47.543246710599,6.567293749335,20
47.543345784531,6.580575405570,20
47.543443336590,6.593857108749,20
47.543539366776,6.607138858143,20
47.543633875090,6.620420653027,20
47.543726861530,6.633702492673,20
47.543818326097,6.646984376356,20
47.543908268792,6.660266303347,20
47.546228972929,7.178287491037,20
47.546258040704,7.191570554536,20
47.546285586605,7.204853631550,20
47.546311610633,7.218136721354,20
47.546336112789,7.231419823220,20
47.546359093071,7.244702936423,20
47.546380551480,7.257986060234,20
47.546400488016,7.271269193929,20
47.546418902680,7.284552336779,20
47.546435795470,7.297835488059,20
47.546451166387,7.311118647041,20
47.546465015432,7.324401813000,20
47.552037173892,6.540578686019,20
47.552139308233,6.553862493151,20
47.552239920453,6.567146348679,20
47.552339010552,6.580430251875,20
47.552436578530,6.593714202015,20
47.552532624386,6.606998198371,20
47.552627148121,6.620282240216,20
47.552720149734,6.633566326823,20
47.552811629226,6.646850457467,20
47.552901586597,6.660134631420,20
47.552990021846,6.673418847955,20
47.553076934975,6.686703106347,20
47.553162325981,6.699987405868,20
47.553246194867,6.713271745791,20
47.555091158135,7.125102358452,20
47.555126319138,7.138387607581,20
47.555159958019,7.151672873133,20
47.555192074779,7.164958154381,20
47.555222669418,7.178243450597,20
47.555251741936,7.191528761057,20
47.555279292332,7.204814085033,20
47.555305320607,7.218099421798,20
47.555329826760,7.231384770625,20
47.555352810792,7.244670130789,20
47.555374272703,7.257955501562,20
47.555394212492,7.271240882217,20
47.561332206849,6.580285051310,20
47.561429790745,6.593571249136,20
47.561525852271,6.606857493178,20
47.561620391427,6.620143782710,20
47.561713408214,6.633430117004,20
47.561804902631,6.646716495335,20
47.561894874678,6.660002916975,20
47.561983324355,6.673289381197,20
47.562070251663,6.686575887275,20
47.562155656602,6.699862434483,20
47.562239539170,6.713149022093,20
47.562321899369,6.726435649380,20
47.562402737199,6.739722315615,20
47.562482052658,6.753009020074,20
47.562559845748,6.766295762028,20
47.562636116469,6.779582540752,20
47.562710864819,6.792869355518,20
47.562784090800,6.806156205601,20
47.562855794411,6.819443090272,20
47.562925975653,6.832730008807,20
47.562994634525,6.846016960477,20
47.563191476923,6.885878007038,20
47.563886134202,7.058612100739,20
47.563928912789,7.071899504542,20
47.563970169007,7.085186928400,20
47.564009902856,7.098474371588,20
47.564048114334,7.111761833378,20
47.564084803443,7.125049313044,20
47.564119970183,7.138336809860,20
47.564153614552,7.151624323099,20
47.564185736552,7.164911852033,20
47.564216336183,7.178199395937,20
47.564245413443,7.191486954083,20
47.564272968334,7.204774525745,20
47.564299000855,7.218062110197,20
47.564323511007,7.231349706711,20
