45.819144492418,7.176187709070,20
45.819173828859,7.189052787771,20
45.819201691107,7.201917880569,20
45.819228079162,7.214782986738,20
45.819252993023,7.227648105551,20
45.819276432692,7.240513236282,20
45.819298398168,7.253378378203,20
45.815349182540,8.398332548696,20
45.815238470646,8.411195722077,20
45.815126284558,8.424058840522,20
45.815012624278,8.436921903304,20
45.814897489805,8.449784909697,20
45.814780881138,8.462647858974,20
45.814299704543,8.514099070389,20
45.828139568827,7.176144712917,20
45.828168910210,7.189011899272,20
45.828196777151,7.201879099725,20
45.828223169651,7.214746313549,20
45.828248087709,7.227613540017,20
45.828271531327,7.240480778402,20
45.824232889070,8.411355060761,20
45.824120684085,8.424220286861,20
45.824007004658,8.437085457298,20
45.823891850790,8.449950571345,20
45.823775222481,8.462815628277,20
45.823657119730,8.475680627366,20
45.823537542538,8.488545567885,20
45.823416490904,8.501410449109,20
45.823293964829,8.514275270310,20
45.823169964313,8.527140030762,20
45.837071543594,7.150363157690,20
45.837103839298,7.163232422051,20
45.837134660312,7.176101701963,20
45.837164006636,7.188970996698,20
45.837191878271,7.201840305531,20
45.837218275216,7.214709627735,20
45.833115098687,8.424381788777,20
45.833001400114,8.437249067594,20
45.832886226851,8.450116290022,20
45.832769578898,8.462983455334,20
45.832651456256,8.475850562803,20
45.832531858924,8.488717611702,20
45.832410786902,8.501584601306,20
45.832288240191,8.514451530887,20
45.832164218790,8.527318399719,20
45.832038722699,8.540185207075,20
45.845997612193,7.124573216348,20
45.846032863212,7.137444556534,20
45.846066639292,7.150315913723,20
45.846098940434,7.163187287190,20
45.846129766638,7.176058676207,20
45.846159117904,7.188930080048,20
45.846186994233,7.201801497987,20
45.846213395623,7.214672929296,20
45.841995810412,8.437412734194,20
45.841880617754,8.450282065727,20
45.841763950158,8.463151340145,20
45.841645807624,8.476020556719,20
45.841526190153,8.488889714725,20
45.841405097743,8.501758813434,20
45.841282530395,8.514627852121,20
45.841158488109,8.527496830058,20
45.841032970885,8.540365746520,20
45.840905978724,8.553234600778,20
45.840777511624,8.566103392108,20
45.840647569586,8.578972119781,20
45.854955978739,7.111648304180,20
45.854992710878,7.124521736466,20
45.855027967832,7.137395186483,20
45.855061749599,7.150268653504,20
45.855094056179,7.163142136801,20
45.855124887574,7.176015635650,20
45.855154243782,7.188889149323,20
45.855182124803,7.201762677093,20
45.850399423192,8.501933085493,20
45.850276835208,8.514804234011,20
45.850152772037,8.527675321780,20
45.850027233680,8.540546348072,20
45.849900220137,8.553417312162,20
45.849771731407,8.566288213323,20
45.849641767491,8.579159050827,20
45.849510328389,8.592029823949,20
45.863951085615,7.111594696038,20
45.863987823939,7.124470238881,20
45.864023086827,7.137345799454,20
45.864056874281,7.150221377032,20
45.864089186300,7.163096970886,20
45.864120022885,7.175972580292,20
45.859271154396,8.514980676558,20
45.859147070341,8.527853874883,20
45.859021510851,8.540727011732,20
45.858894475926,8.553600086379,20
45.858765965566,8.566473098097,20
45.858635979772,8.579346046158,20
45.858504518543,8.592218929837,20
45.858371581880,8.605091748406,20
45.858237169782,8.617964501139,20
45.872868290572,7.085785817316,20
45.872907986445,7.098663433799,20
45.872946206634,7.111541069467,20
45.872982951141,7.124418723592,20
45.873018219965,7.137296395448,20
45.873052013106,7.150174084307,20
45.867888745857,8.553782923429,20
45.867760213868,8.566658046429,20
45.867630206195,8.579533105773,20
45.867498722840,8.592408100734,20
45.867365763802,8.605283030585,20
45.867231329080,8.618157894601,20
45.867095418676,8.631032692054,20
45.881863412388,7.085727948299,20
45.881903114941,7.098607676791,20
45.881941341562,7.111487424467,20
45.881978092253,7.124367190600,20
45.882013367011,7.137246974463,20
45.876754476078,8.566843058320,20
45.876624446527,8.579720229672,20
45.876492941045,8.592597336641,20
45.876359959632,8.605474378500,20
45.876225502288,8.618351354524,20
45.876089569012,8.631228263985,20
45.875952159805,8.644105106156,20
45.890817362467,7.072788238089,20
45.890858547880,7.085670059403,20
45.890898257113,7.098551900628,20
45.890936490166,7.111433761037,20
45.890973247040,7.124315639903,20
45.891008527734,7.137197536501,20
45.885487172926,8.592786637557,20
45.885354169138,8.605665792150,20
45.885219689171,8.618544880907,20
45.885083733024,8.631423903102,20
45.884946300697,8.644302858007,20
45.884807392190,8.657181744896,20
45.884667007504,8.670060563042,20
45.899769835703,7.059844301717,20
45.899812504472,7.072728215853,20
45.899853696813,7.085612150626,20
45.899893412726,7.098496105310,20
45.899931652212,7.111380079178,20
45.894348392087,8.605857271536,20
45.894213889496,8.618738473752,20
45.894077910477,8.631619609405,20
45.893940455030,8.644500677769,20
45.893801523156,8.657381678117,20
45.893661114853,8.670262609723,20
45.893519230122,8.683143471859,20
45.908764983740,7.059782144691,20
45.908807659686,7.072668173012,20
45.908848858956,7.085554221970,20
45.908888581549,7.098440290838,20
45.908926827466,7.111326378891,20
45.903072101140,8.631815382895,20
45.902934622573,8.644698565444,20
45.902795667330,8.657581679976,20
45.902655235411,8.670464725766,20
45.902513326815,8.683347702087,20
45.902369941543,8.696230608211,20
45.917760144753,7.059719966334,20
45.917802827876,7.072608109564,20
45.917844034074,7.085496273433,20
45.917883763348,7.098384457211,20
45.911928803092,8.644896521030,20
45.911789824480,8.657781750473,20
45.911649368945,8.670666911173,20
45.911507436484,8.683552002403,20
45.911364027099,8.696437023438,20
45.911219140789,8.709321973550,20
45.926711151035,7.046767529143,20
45.926755318508,7.059657766645,20
45.926798008808,7.072548025512,20
45.926839221935,7.085438305015,20
45.920922996352,8.645094544528,20
45.920783994373,8.657981889607,20
45.920643515221,8.670869165942,20
45.920501558895,8.683756372809,20
45.920358125397,8.696643509479,20
45.920213214726,8.709530575227,20
45.920066826881,8.722417569325,20
45.935706329874,7.046703191762,20
45.935750504772,7.059595545625,20
45.935793202249,7.072487920853,20
45.929637674005,8.671071490075,20
45.929495693815,8.683960813303,20
45.929352236204,8.696850066334,20
45.929207301171,8.709739248443,20
45.929060888717,8.722628358903,20
45.944701520989,7.046638832324,20
45.944745703312,7.059533303274,20
45.938489841011,8.684165323886,20
45.938346359286,8.697056694004,20
45.938201399892,8.709947993200,20
45.938054962828,8.722839220746,20
45.937907048094,8.735730375916,20
45.953651056479,7.033677884157,20
45.953696724145,7.046574450829,20
45.953740913893,7.059471039591,20
45.947340494411,8.697263392488,20
45.947195510655,8.710156809496,20
45.947049048981,8.723050154854,20
45.946901109389,8.735943427837,20
45.962550478592,7.007814060826,20
45.962599110265,7.020712699674,20
45.962646263771,7.033611362067,20
45.962691939111,7.046510047277,20
45.962736136284,7.059408754577,20
45.956334641344,8.697470161786,20
45.956189633227,8.710365697332,20
45.956043146943,8.723261161228,20
45.955895182493,8.736156552749,20
45.971545681368,7.007743277427,20
45.971594321211,7.020644035539,20
45.971641482638,7.033544817195,20
45.971687165652,7.046445621668,20
45.965328799853,8.697677001898,20
45.965183767374,8.710574656707,20
45.965037256481,8.723472239867,20
45.964889267173,8.736369750651,20
45.980490768810,6.994769615964,20
45.980540895486,7.007672469794,20
45.980589543498,7.020575347895,20
45.980636712848,7.033478249540,20
45.974322969704,8.697883912824,20
45.974177912864,8.710783687623,20
45.974031377361,8.723683390772,20
45.973883363195,8.736583021545,20
45.989326706868,6.955981892639,20
45.989381278696,6.968886790012,20
45.989434371613,6.981791713835,20
45.989485985618,6.994696663383,20
45.989536120712,7.007601637928,20
45.989584776895,7.020506636744,20
45.983317150665,8.698090894565,20
45.983172069463,8.710992790078,20
45.983025509350,8.723894613941,20
45.982877470325,8.736796365429,20
45.982727952389,8.749698043814,20
45.998265847654,6.942995559143,20
45.998321907806,6.955902550779,20
45.998376488797,6.968809569592,20
45.998429590630,6.981716614855,20
45.998481213302,6.994623685843,20
45.998531356815,7.007530781828,20
45.992166236937,8.711201964073,20
45.992019652214,8.724105909376,20
45.991871588331,8.737009782304,20
45.991722045289,8.749913582129,20
46.007261049823,6.942914067981,20
46.007317119386,6.955823181783,20
46.007371709541,6.968732322761,20
46.007424820289,6.981641490191,20
46.007476451628,6.994550683344,20
46.001160415053,8.711411209607,20
46.001013805721,8.724317277077,20
46.000865716980,8.737223272170,20
46.000716148831,8.750129194161,20
46.016198703769,6.929921340170,20
46.016256262400,6.942832548958,20
46.016312341376,6.955743785651,20
46.016366940694,6.968655049521,20
46.016420060357,6.981566339842,20
46.010154603579,8.711620526682,20
46.010007969636,8.724528717043,20
46.009859856037,8.737436835027,20
46.009710262782,8.750344879909,20
46.009559189870,8.763252850962,20
46.025134868666,6.916924365894,20
46.025193916862,6.929837669669,20
46.025251485153,6.942751002074,20
46.025307573540,6.955664362384,20
46.025362182023,6.968577749870,20
46.019002143727,8.724740229274,20
46.018854005270,8.737650470875,20
46.018704386908,8.750560639374,20
46.034130081792,6.916838542464,20
46.034189139897,6.929753970581,20
46.034246717849,6.942669427329,20
46.034302815647,6.955584911980,20
46.034357433293,6.968500423809,20
46.027996327760,8.724951813770,20
46.027848164445,8.737864179714,20
46.027698520977,8.750776472555,20
46.027547397355,8.763688691567,20
46.043064756213,6.903835165894,20
46.043125304628,6.916752689721,20
46.043184372641,6.929670242906,20
46.043241960253,6.942587824722,20
46.043298067463,6.955505434441,20
46.036990521502,8.725163470532,20
46.036842333329,8.738077961543,20
46.036692664754,8.750992379452,20
46.036541515778,8.763906723532,20
46.051997939146,6.890827538508,20
46.052059978367,6.903747158045,20
46.052120536939,6.916666807666,20
46.052179614861,6.929586486644,20
46.045984724720,8.725375199559,20
46.045836511689,8.738291816364,20
46.045686818007,8.751208360066,20
46.045535643676,8.764124829939,20
46.060929629613,6.877815658857,20
46.060993160138,6.890737374102,20
46.061055209764,6.903659120158,20
46.061115778492,6.916580896298,20
46.061174866322,6.929502701796,20
46.054978937180,8.725587000851,20
46.054830699290,8.738505744175,20
46.054680980502,8.751424414397,20
46.054529780817,8.764343010789,20
46.069859826636,6.864799525491,20
46.069924848960,6.877723336443,20
46.069988390138,6.890647178933,20
46.070050450169,6.903571052234,20
46.070111029054,6.916494955618,20
46.063973158649,8.725798874409,20
46.063824895901,8.738719744978,20
46.063675152007,8.751640542444,20
46.063523926966,8.764561266080,20
46.078788529236,6.851779136959,20
46.078855043856,6.864705043618,20
46.078920077082,6.877630982540,20
46.078983628913,6.890556953000,20
46.072967388893,8.726010820232,20
46.072819101287,8.738933818771,20
46.072669332286,8.751856744207,20
46.072518081891,8.764779595814,20
46.072365350101,8.777702372864,20
46.087850269619,6.864610529530,20
46.087915313747,6.877538597148,20
46.087978876231,6.890466696304,20
46.081813315215,8.739147965555,20
46.081663521108,8.752073019687,20
46.081512245358,8.764997999989,20
46.081359487965,8.777922905735,20
46.096778966770,6.851585818452,20
46.096845503690,6.864515983228,20
46.096910558720,6.877446180267,20
46.096974131858,6.890376408844,20
46.090807537453,8.739362185330,20
46.090657718239,8.752289368883,20
46.090506417134,8.765216478606,20
46.090353634137,8.778143513774,20
46.090199369250,8.791070473659,20
46.105774197766,6.851489109788,20
46.105840745837,6.864421404711,20
46.105905811769,6.877353731897,20
46.105969395561,6.890286090621,20
46.099801767766,8.739576478096,20
46.099651923445,8.752505791795,20
46.099500596985,8.765435031666,20
46.099347788386,8.778364196980,20
46.099193497646,8.791293287012,20
46.114835995827,6.864326793979,20
46.114901072660,6.877261252038,20
46.114964667105,6.890195741634,20
46.108646136494,8.752722288424,20
46.108494784679,8.765653659167,20
46.108341950476,8.778584955354,20
46.108187633886,8.791516176258,20
46.123764683054,6.851295593640,20
46.123831253425,6.864232151033,20
46.123896341160,6.877168740690,20
46.123959946259,6.890105361884,20
46.124022068721,6.903042013888,20
46.117640357151,8.752938858770,20
46.117488979982,8.765872361111,20
46.117336120176,8.778805788895,20
46.117181777734,8.791739141397,20
46.132691872471,6.838260129431,20
46.132759936877,6.851198786156,20
46.132826518399,6.864137475872,20
46.132891617035,6.877076197852,20
46.132955232788,6.890014951369,20
46.126634585184,8.753155502832,20
46.126483182660,8.766091137496,20
46.126330297251,8.779026697604,20
46.126175928957,8.791962182429,20
46.126020077779,8.804897591245,20
46.125862743715,8.817832923325,20
46.141687122038,6.838161155957,20
46.141755197843,6.851101945731,20
46.141821790514,6.864042768496,20
46.141886900053,6.876983623525,20
46.135324481468,8.779247681480,20
46.135170087323,8.792185299355,20
46.135014210044,8.805122841220,20
46.134856849633,8.818060306349,20
46.134698006089,8.830997694015,20
46.150750465717,6.851005072367,20
46.150817069539,6.863948028906,20
46.150882189980,6.876891017710,20
46.144164252597,8.792408492173,20
46.144008349219,8.805348167813,20
46.143850962460,8.818287766716,20
46.143692092319,8.831227288157,20
46.159677641666,6.837963108012,20
46.159745740268,6.850908166062,20
46.159812355240,6.863853257101,20
46.159877486582,6.876798380405,20
46.159941134295,6.889743535246,20
46.153312870396,8.779689874736,20
46.153158424548,8.792631760885,20
46.153002495070,8.805573571025,20
46.152845081962,8.818515304428,20
46.168603317382,6.824916873984,20
46.168672911260,6.837864033542,20
46.168741021260,6.850811226816,20
46.168807647382,6.863758453082,20
46.168872789626,6.876705711611,20
46.162307074640,8.779911084115,20
46.162152602940,8.792855105490,20
46.161996647362,8.805799050855,20
46.161839207906,8.818742919484,20
46.177527491886,6.811866368832,20
46.177598581538,6.824815629896,20
46.177668187063,6.837764925405,20
46.177736308461,6.850714254631,20
46.177802945734,6.863663616847,20
46.171301285093,8.780132368662,20
46.171146787541,8.793078525987,20
46.170990805864,8.806024607304,20
46.170833340060,8.818970611885,20
46.170674390129,8.831916539003,20
46.186522750123,6.811762953676,20
46.186593851669,6.824714351417,20
46.186663468841,6.837665783602,20
46.186731601638,6.850617249505,20
46.186798250061,6.863568748398,20
46.180140978118,8.793302022378,20
46.179984970341,8.806250240372,20
46.179827478189,8.819198381629,20
46.179668501662,8.832146445424,20
46.179508040760,8.845094431029,20
46.195518014101,6.811659503403,20
46.195589127543,6.824613038546,20
46.195658756362,6.837566608134,20
46.195726900557,6.850520211439,20
46.195793560130,6.863473847735,20
46.188979140560,8.806475950058,20
46.188821622060,8.819426228718,20
46.188662618936,8.832376429915,20
46.188502131190,8.845326552923,20
46.204584408925,6.824511691284,20
46.204654049391,6.837467399000,20
46.204722204985,6.850423140433,20
46.204788875708,6.863378914857,20
46.197973316288,8.806701736363,20
46.197815771440,8.819654153151,20
46.197656741720,8.832606492476,20
46.197496227129,8.845558753611,20
46.213508558352,6.811452497506,20
46.213579695584,6.824410309631,20
46.213649347696,6.837368156200,20
46.213717514689,6.850326036487,20
46.213784196562,6.863283949764,20
46.206967497292,8.806927599287,20
46.206809926095,8.819882154928,20
46.206650869779,8.832836633106,20
46.206490328343,8.845791033095,20
46.222503838157,6.811348941883,20
46.222574987284,6.824308893587,20
46.222644651043,6.837268879735,20
46.222712829434,6.850228899600,20
46.215961683338,8.807153538829,20
46.215804085793,8.820110234049,20
46.215645002880,8.833066851807,20
46.215484434599,8.846023391375,20
46.231499122771,6.811245351142,20
46.231570283793,6.824207443151,20
46.231639959199,6.837169569603,20
46.231708148989,6.850131729773,20
46.231774853162,6.863093922934,20
46.224955874192,8.807379554990,20
46.224798250299,8.820338390515,20
46.224639140790,8.833297148577,20
46.224478545665,8.846255828450,20
46.224316464923,8.859214429406,20
46.240494411961,6.811141725285,20
46.240565584878,6.824105958323,20
46.240635271931,6.837070225806,20
46.240703473119,6.850034527006,20
46.233792419382,8.820566624325,20
46.233633283276,8.833527523417,20
46.233472661305,8.846488344320,20
46.233310553470,8.859449086306,20
46.249417034567,6.798071724687,20
46.249489705493,6.811038064310,20
46.249560890305,6.824004439105,20
46.249630589005,6.836970848343,20
46.242786592806,8.820794935479,20
46.242627430104,8.833757976327,20
46.242466781288,8.846720938985,20
46.242304646360,8.859683822727,20
46.258412320064,6.797965886114,20
46.258485003133,6.810934368219,20
46.258556199841,6.823902885495,20
46.258625910188,6.836871437214,20
46.251780770339,8.821023323977,20
46.251621581041,8.833988507306,20
46.251460905380,8.846953612446,20
46.251298743359,8.859918638669,20
46.267407609437,6.797860011699,20
46.267480304650,6.810830637011,20
46.267551513253,6.823801297494,20
46.267621235246,6.836771992420,20
46.260774951748,8.821251789820,20
46.260615735853,8.834219116355,20
46.260455033348,8.847186364702,20
46.260292844233,8.860153534132,20
46.276402902452,6.797754101442,20
46.276475609808,6.810726870686,20
46.276546830307,6.823699675101,20
46.276616563947,6.836672513960,20
46.269926892433,8.808510785076,20
46.269769136799,8.821480333006,20
46.269609894308,8.834449803475,20
46.269449164958,8.847419195753,20
46.285398198876,6.797648155343,20
46.285470918376,6.810623069244,20
46.285542150769,6.823598018317,20
46.285611896056,6.836573001834,20
46.278921107241,8.808737260949,20
46.278763325259,8.821708953537,20
46.278604056171,8.834680568663,20
46.278443299976,8.847652105600,20
46.294393498476,6.797542173400,20
46.294466230119,6.810519232686,20
46.294537474407,6.823496327142,20
46.294607231341,6.836473456042,20
46.287915325225,8.808963813441,20
46.287757516895,8.821937651413,20
46.287598221210,8.834911411922,20
46.287437438171,8.847885094242,20
46.303461544804,6.810415361010,20
46.303532800988,6.823394601575,20
46.303602569568,6.836373876584,20
46.303670850546,6.849353185311,20
46.296909546151,8.809190442551,20
46.296751711473,8.822166426632,20
46.296592389191,8.835142333250,20
46.296431579307,8.848118161679,20
46.312456862198,6.810311454218,20
46.312528130277,6.823292841617,20
46.312597910505,6.836274263461,20
46.312666202881,6.849255719022,20
46.305903769786,8.809417148280,20
46.305745908759,8.822395279196,20
46.305586559881,8.835373332649,20
46.305425723152,8.848351307912,20
46.321452182068,6.810207512308,20
46.321523462042,6.823191047268,20
46.321593253916,6.836174616672,20
46.321661557691,6.849158219793,20
46.321728373366,6.862141855904,20
46.314897995896,8.809643930628,20
46.314740108521,8.822624209103,20
46.314580733047,8.835604410117,20
46.314419869473,8.848584532940,20
46.330447504180,6.810103535282,20
46.330518796049,6.823089218527,20
46.330588599570,6.836074936217,20
46.330656914743,6.849060687623,20
46.323892224249,8.809870789594,20
46.323734310526,8.822853216356,20
46.323574908455,8.835835565654,20
46.323414018036,8.848817836764,20
46.339442828301,6.809999523139,20
46.339514132065,6.822987355395,20
46.339583947233,6.835975222096,20
46.339652273805,6.848963122514,20
46.339719111780,6.861951055923,20
46.332886454610,8.810097725179,20
46.332728514539,8.823082300952,20
46.332569085872,8.836066799262,20
46.332408168608,8.849051219382,20
46.348509469856,6.822885457872,20
46.348579296671,6.835875474310,20
46.348647634642,6.848865524464,20
46.348714483767,6.861855607610,20
46.341880686747,8.810324737383,20
46.341722720328,8.823311462892,20
46.341563265064,8.836298110939,20
46.341402320956,8.849284680796,20
46.357433481636,6.809791393502,20
46.357504809190,6.822783525958,20
46.357574647652,6.835775692857,20
46.357642997021,6.848767893474,20
46.350874920426,8.810551826205,20
46.350716927659,8.823540702177,20
46.350557445799,8.836529500686,20
46.350396474845,8.849518221006,20
46.366500149833,6.822681559652,20
46.366569999941,6.835675877739,20
46.366638360709,6.848670229544,20
46.366705232134,6.861664614340,20
46.360025685189,8.797787887751,20
46.359869155414,8.810778991646,20
46.359711136299,8.823770018806,20
46.359551627842,8.836760968503,20
46.375424140206,6.809583123397,20
46.375495491551,6.822579558954,20
46.375565353306,6.835576028955,20
46.375633725472,6.848572532674,20
46.375700608048,6.861569069383,20
46.368863391478,8.811006233706,20
46.368705346015,8.823999412779,20
46.368545810961,8.836992514390,20
46.368384786318,8.849985537811,20
46.384490834111,6.822477523866,20
46.384560707514,6.835476146506,20
46.384629091078,6.848474802863,20
46.384695984804,6.861473492211,20
46.378014210358,8.798238143937,20
46.377857628384,8.811233552385,20
46.377699556572,8.824228884097,20
46.377539994922,8.837224138346,20
46.377378943435,8.850219314406,20
46.393486177281,6.822375454386,20
46.393556062330,6.835376230390,20
46.393624457293,6.848377040112,20
46.393691362169,6.861377882825,20
46.393756776959,6.874378757802,20
46.386851865899,8.811460947682,20
46.386693767739,8.824458432758,20
46.386534179493,8.837455840372,20
46.386373101160,8.850453169797,20
46.402551417521,6.835276280609,20
46.402619823883,6.848279244421,20
46.402686739909,6.861282241224,20
46.402752165601,6.874285270291,20
46.395846103789,8.811688419597,20
46.395687979281,8.824688058764,20
46.395528364438,8.837687620468,20
46.395367259261,8.850687103983,20
46.411546772855,6.835176297162,20
46.411615190615,6.848181415790,20
46.411682117792,6.861186567408,20
46.411747554385,6.874191751291,20
46.404997002095,8.798914097413,20
46.404840341822,8.811915968132,20
46.404682190965,8.824917762114,20
46.404522549526,8.837919478634,20
46.404361417504,8.850921116964,20
46.420542128098,6.835076280050,20
46.420610557256,6.848083554219,20
46.420677495583,6.861090861378,20
46.420742943079,6.874098200802,20
46.413991266136,8.799139567025,20
46.413834579763,8.812143593285,20
46.413676402559,8.825147542808,20
46.413516734523,8.838151414869,20
46.413355575656,8.851155208741,20
46.429537483017,6.834976229271,20
46.429605923573,6.847985659707,20
46.429672873050,6.860995123133,20
46.429738331448,6.874004618824,20
46.422985529853,8.799365112530,20
46.422828817380,8.812371295057,20
46.422670613828,8.825377400847,20
46.422510919195,8.838383429175,20
46.422349733483,8.851389379313,20
46.438462894094,6.821864591116,20
46.438532837377,6.834876144827,20
46.438601289332,6.847887732255,20
46.438668249960,6.860899352674,20
46.438733719259,6.873911005356,20
46.431979793012,8.799590733928,20
46.431823054440,8.812599073447,20
46.431664824539,8.825607336230,20
46.431505103310,8.838615521550,20
46.447458236017,6.821762315288,20
46.447528190947,6.834776026717,20
46.447596654300,6.847789771863,20
46.447663626078,6.860803549999,20
46.447729106279,6.873817360400,20
46.440974055380,8.799816431219,20
46.440817290708,8.812826928456,20
46.440659034459,8.825837348957,20
46.440499286633,8.838847691995,20
46.456523543492,6.834675874941,20
46.456592018244,6.847691778530,20
46.456659001171,6.860707715110,20
46.456724492274,6.873723683954,20
46.449968316724,8.800042204404,20
46.449811525951,8.813054860084,20
46.449653243354,8.826067439028,20
46.449493468932,8.839079940509,20
46.465518894779,6.834575689499,20
46.465587380930,6.847593752258,20
46.465654375007,6.860611848007,20
46.465719877012,6.873629976020,20
46.459117901609,8.787253162623,20
46.458962576810,8.800268053481,20
46.458805759937,8.813282868330,20
46.458647450992,8.826297606443,20
46.458487649974,8.839312267094,20
46.474514244575,6.834475470392,20
46.474582742124,6.847495693045,20
46.474649747352,6.860515948689,20
46.474715260259,6.873536236596,20
46.474779280844,6.886556556041,20
46.468266044384,8.774459801663,20
46.468112186055,8.787476927699,20
46.467956835404,8.800493978452,20
46.467799992432,8.813510953195,20
46.483578101594,6.847397600892,20
46.483645117972,6.860420017156,20
46.483710641781,6.873442465683,20
46.483774673019,6.886464945748,20
46.477260352709,8.774681481287,20
46.477106468777,8.787700767942,20
46.476951092274,8.800719979315,20
46.476794223202,8.813739114679,20
46.492573459107,6.847299475799,20
46.492640486635,6.860324053408,20
46.492706021345,6.873348663281,20
46.492770063237,6.886373304692,20
46.486100749541,8.787924683353,20
46.485945347187,8.800946056072,20
46.485788452015,8.813967352781,20
46.501568814428,6.847201317765,20
46.501635853106,6.860228057446,20
46.501701398718,6.873254829390,20
46.501765451264,6.886281632872,20
46.495248963252,8.775125063859,20
46.495095028113,8.788148673932,20
46.494939599908,8.801172208722,20
46.494782678636,8.814195667502,20
46.510564167325,6.847103126791,20
46.510631217153,6.860132029269,20
46.510696773667,6.873160964010,20
46.510760836867,6.886189930289,20
46.510823406751,6.899218927378,20
46.504395732431,8.762321119383,20
46.504243265004,8.775346966809,20
46.504089304262,8.788372739678,20
46.503933850205,8.801398437265,20
46.503776902833,8.814424058842,20
46.519626578543,6.860035968877,20
46.519692145958,6.873067067141,20
46.519756219811,6.886098196942,20
46.519818800101,6.899129357554,20
46.513390056880,8.762540933252,20
46.513237564098,8.775568944200,20
46.513083577752,8.788596880592,20
46.512928097844,8.801624741701,20
46.528621937041,6.859939876271,20
46.528687515358,6.872973138783,20
46.528751599865,6.886006432832,20
46.528814190559,6.899039757691,20
46.522384378437,8.762760820838,20
46.522231860300,8.775790996034,20
46.522077848352,8.788821096673,20
46.521922342592,8.801851122030,20
46.537617292415,6.859843751450,20
46.537682881634,6.872879178935,20
46.537746976794,6.885914637957,20
46.537809577894,6.898950127791,20
46.537870684934,6.911985647708,20
46.531679301675,8.736915881040,20
46.531529746303,8.749948368141,20
46.531378696870,8.762980782140,20
46.531226153378,8.776013122309,20
46.531072115827,8.789045387922,20
46.546678244552,6.872785187598,20
46.546742350365,6.885822812320,20
46.546804961870,6.898860467852,20
46.546866079067,6.911898153468,20
46.540673666715,8.737131584661,20
46.540524086484,8.750166237461,20
46.540373011946,8.763200817158,20
46.540220443099,8.776235323026,20
46.540066379944,8.789269754338,20
46.555673603878,6.872691164773,20
46.555737720345,6.885730955919,20
46.555800342255,6.898770777875,20
46.555861469609,6.911810629916,20
46.555921102407,6.924850511314,20
46.549668028164,8.737347360547,20
46.549518423075,8.750384179771,20
46.549367323430,8.763420925893,20
46.549214729228,8.776457598186,20
46.564668959380,6.872597110458,20
46.564733086501,6.885639068754,20
46.564795718816,6.898681057861,20
46.564856856327,6.911723077051,20
46.564916499033,6.924765125599,20
46.564974646935,6.937807202778,20
46.558810520931,8.724524149947,20
46.558662385788,8.737563208698,20
46.558512755841,8.750602195072,20
46.558361631089,8.763641108344,20
46.558209011533,8.776679947787,20
46.573791091319,6.898591307808,20
46.573852238987,6.911635494874,20
46.573911891602,6.924679711298,20
46.573970049163,6.937723956353,20
46.574026711672,6.950768229311,20
46.567804899107,8.724737902488,20
46.567656739355,8.737779129114,20
46.567507084550,8.750820283364,20
46.567355934691,8.763861364512,20
46.582786459531,6.898501527718,20
46.582847617356,6.911547883385,20
46.582907279879,6.924594268410,20
46.582965447101,6.937640682066,20
46.583022119021,6.950687123625,20
46.576651088630,8.737995121796,20
46.576501408967,8.751038444647,20
46.576350234002,8.764081694396,20
46.591842991200,6.911460242583,20
46.591902663632,6.924508796935,20
46.591960840514,6.937557379917,20
46.592017521846,6.950605990804,20
46.592072707629,6.963654628867,20
46.585940355776,8.712119985985,20
46.585793642353,8.725165622188,20
46.585645433381,8.738211186743,20
46.585495728860,8.751256678921,20
46.585344528789,8.764302097997,20
46.600898042627,6.924423296873,20
46.600956229169,6.937474049908,20
46.601012919913,6.950524830846,20
46.601068114860,6.963575638963,20
46.595079986726,8.699283905914,20
46.594934744740,8.712331783092,20
46.594788006957,8.725379589349,20
46.594639773375,8.738427323955,20
46.594490043995,8.751474986186,20
46.594338818817,8.764522575314,20
46.609893416631,6.924337768224,20
46.609951612833,6.937390692037,20
46.610008312989,6.950443643753,20
46.610063517099,6.963496622647,20
46.610117225162,6.976549627992,20
46.604218164865,8.686443484905,20
46.604074394813,8.699493603058,20
46.603929128714,8.712543651014,20
46.603782366569,8.725593628048,20
46.603634108377,8.738643533433,20
46.603484354139,8.751693366442,20
46.618888785410,6.924252210989,20
46.618946991273,6.937307306305,20
46.619003700841,6.950362429525,20
46.619058914114,6.963417579922,20
46.619112631093,6.976472756770,20
46.613212591592,8.686651080635,20
46.613068797675,8.699703370291,20
46.612923507463,8.712755589751,20
46.612776720956,8.725807738288,20
46.627942364255,6.937223892711,20
46.627999083235,6.950281188160,20
46.628054305671,6.963338510786,20
46.628108031565,6.976395859863,20
46.622349334101,8.673804214373,20
46.622207012862,8.686858745727,20
46.622063195079,8.699913207612,20
46.621917880754,8.712967599301,20
46.621771069886,8.726021920067,20
46.636937731546,6.937140451256,20
46.636994459937,6.950199919660,20
46.637049691537,6.963259415241,20
46.637103426346,6.976318937272,20
46.637155664364,6.989378485028,20
46.631484621360,8.660953002822,20
46.631343773296,8.674009775874,20
46.631201428440,8.687066480182,20
46.631057586793,8.700123115022,20
46.630912248354,8.713179679666,20
46.630765413124,8.726236173387,20
46.645989830715,6.950118624023,20
46.646045071479,6.963180293285,20
46.646098815203,6.976241988996,20
46.646151061887,6.989303710432,20
46.640618452391,8.648097444533,20
46.640479077998,8.661156459280,20
46.640338206566,8.674215406012,20
46.640195838093,8.687274284001,20
46.640051972582,8.700333092521,20
46.655040445263,6.963101144918,20
46.655094197902,6.976165015036,20
46.655146453253,6.989228910877,20
46.649750826217,8.635237538055,20
46.649612925992,8.648298794497,20
46.649473528479,8.661359983651,20
46.649332633678,8.674421104788,20
46.649190241589,8.687482157183,20
46.649046352213,8.700543140108,20
46.664035812656,6.963021970142,20
46.664089574210,6.976088015390,20
46.664141838228,6.989154086363,20
46.664192604710,7.002220182333,20
46.664241873655,7.015286302574,20
46.658881741857,8.622373281938,20
46.658745316297,8.635436780075,20
46.658607393201,8.648500211649,20
46.658467972568,8.661563575933,20
46.658327054400,8.674626872202,20
46.673031173424,6.962942768955,20
46.673084943894,6.976010990060,20
46.673137216579,6.989079236890,20
46.673187991479,7.002147508717,20
46.673237268594,7.015215804814,20
46.673285047925,7.028284124455,20
46.667876247937,8.622570414562,20
46.667739799754,8.635636088555,20
46.667601853786,8.648701695986,20
46.667462410033,8.661767236128,20
46.667321468496,8.674832708253,20
46.682080306719,6.975933939046,20
46.682132588071,6.989004362458,20
46.682183371390,7.002074810867,20
46.682232656676,7.015145283546,20
46.682280443928,7.028215779770,20
46.676870747159,8.622767612921,20
46.676734276352,8.635835463497,20
46.676596307513,8.648903247510,20
46.691127952473,6.988929463066,20
46.691178744210,7.002002088783,20
46.691228037666,7.015074738771,20
46.691275832840,7.028147412302,20
46.691322129733,7.041220108651,20
46.686133731304,8.596824624468,20
46.686000234437,8.609894783297,20
46.685865239289,8.622964877016,20
46.685728745860,8.636034904900,20
46.685590754149,8.649104866221,20
46.700123309550,6.988854538716,20
46.700174109705,7.001929342466,20
46.700223411331,7.015004170487,20
46.700271214428,7.028079022052,20
46.700317518994,7.041153896435,20
46.700362325031,7.054228792908,20
46.695260281075,8.583945196986,20
46.695128260612,8.597017598231,20
46.694994741618,8.610089935093,20
46.694859724095,8.623162206846,20
46.694723208043,8.636234412763,20
46.709169467643,7.001856571915,20
46.709218777439,7.014933578696,20
46.709266588457,7.028010609020,20
46.709312900698,7.041087662161,20
46.709357714160,7.054164737393,20
46.709401028844,7.067241833989,20
46.704385368267,8.571061412614,20
46.704254824703,8.584136056274,20
46.704122782361,8.597210636278,20
46.703989241242,8.610285151900,20
46.703854201344,8.623359602412,20
46.703717662668,8.636433987088,20
46.718214135756,7.014862963396,20
46.718261954696,7.027942173205,20
46.718308274610,7.041021405830,20
46.718353095497,7.054100660547,20
46.718396417358,7.067179936628,20
46.718438240193,7.080259233346,20
46.718478564001,7.093338549974,20
46.713636559042,8.545096321626,20
46.713508991901,8.558173269903,20
46.713379925734,8.571250155977,20
46.713249360540,8.584326979121,20
46.713117296320,8.597403738610,20
46.712983733074,8.610480433716,20
46.712848670801,8.623557063712,20
46.727257312910,7.027873714607,20
46.727303640497,7.040955127443,20
46.727348468810,7.054036562370,20
46.727391797848,7.067118018660,20
46.727433627611,7.080199495589,20
46.727473958100,7.093280992427,20
46.727512789313,7.106362508450,20
46.722631150999,8.545280767402,20
46.722503562725,8.558359895888,20
46.722374475176,8.571438962172,20
46.722243888352,8.584517965527,20
46.722111802254,8.597596905226,20
46.721978216881,8.610675780542,20
46.736298998127,7.040888826999,20
46.736343833865,7.053972442861,20
46.736387170080,7.067056080088,20
46.736429006772,7.080139737951,20
46.736469343940,7.093223415726,20
46.736508181586,7.106307112684,20
46.731751844582,8.532383903661,20
46.731625734698,8.545465274559,20
46.731498125291,8.558546583981,20
46.731369016360,8.571627831201,20
46.731238407907,8.584709015491,20
46.745382533821,7.066994120909,20
46.745424377441,7.080079960434,20
46.745464721290,7.093165819869,20
46.745503565367,7.106251698489,20
46.740746440675,8.532566290539,20
46.740620309906,8.545649843098,20
46.740492679365,8.558733334182,20
46.740363549054,8.571816763063,20
46.754419739386,7.080020163036,20
46.754460089915,7.093108204858,20
46.754498940424,7.106196265865,20
46.754536290914,7.119284345329,20
46.749988831292,8.506577086659,20
46.749865679678,8.519662942378,20
46.749741028043,8.532748738073,20
46.749614876389,8.545834473020,20
46.749487224716,8.558920146490,20
46.749358073022,8.572005757758,20
46.763415092373,7.079960345758,20
46.763455449582,7.093050570693,20
46.763494306523,7.106140814812,20
46.763531663196,7.119231077388,20
46.763567519602,7.132321357694,20
46.759225293929,8.480578973803,20
46.759105122462,8.493667130499,20
46.758983450728,8.506755228626,20
46.758860278725,8.519843267456,20
46.758735606454,8.532931246264,20
46.758609433915,8.546019164323,20
46.758481761108,8.559107020906,20
46.772450800058,7.092992917373,20
46.772489663431,7.106085345329,20
46.772527026288,7.119177791743,20
46.772562888628,7.132270255888,20
46.772597250452,7.145362737036,20
46.772630111760,7.158455234462,20
46.768571515182,8.441481441548,20
46.768455825372,8.454571953430,20
46.768338635047,8.467662408922,20
46.768219944205,8.480752807299,20
46.768099752846,8.493843147833,20
46.767978060972,8.506933429797,20
46.767854868581,8.520023652466,20
46.767730175673,8.533113815112,20
46.767603982250,8.546203917009,20
46.767476288310,8.559293957429,20
46.781446141110,7.092935244898,20
46.781485010915,7.106029857418,20
46.781522379955,7.119124488395,20
46.781558248230,7.132219137103,20
46.781592615741,7.145313802815,20
46.781625482487,7.158408484805,20
46.781656848469,7.171503182345,20
46.781686713686,7.184597894709,20
46.777793129835,8.415463219955,20
46.777680422408,8.428556027000,20
46.777566214217,8.441648779108,20
46.777450505261,8.454741475553,20
46.777333295541,8.467834115609,20
46.777214585056,8.480926698549,20
46.777094373806,8.494019223646,20
46.776972661791,8.507111690174,20
46.776849449012,8.520204097406,20
46.776724735468,8.533296444616,20
46.790480348740,7.105974351077,20
46.790517723964,7.119071167343,20
46.790553598175,7.132168001341,20
46.790587971372,7.145264852342,20
46.790620843557,7.158361719620,20
46.790652214729,7.171458602449,20
46.790682084888,7.184555500102,20
46.790710454033,7.197652411852,20
46.787008805874,8.389436095947,20
46.786899081824,8.402531195972,20
46.786787856760,8.415626242515,20
46.786675130684,8.428721234848,20
46.786560903595,8.441816172245,20
46.786445175492,8.454911053979,20
46.786327946377,8.468005879324,20
46.786209216249,8.481100647553,20
46.786088985108,8.494195357940,20
46.785967252953,8.507290009757,20
46.799548938228,7.132116848600,20
46.799583317113,7.145215885616,20
46.799616194736,7.158314938908,20
46.799647571098,7.171414007752,20
46.799677446198,7.184513091420,20
46.799705820037,7.197612189185,20
46.799732692615,7.210711300320,20
46.796218540086,8.363400070984,20
46.796111800405,8.376497461809,20
46.796003559463,8.389594800604,20
46.795893817260,8.402692086644,20
46.795782573795,8.415789319201,20
46.795669829069,8.428886497548,20
46.795555583081,8.441983620960,20
46.795439835833,8.455080688709,20
46.795322587322,8.468177700068,20
46.808611535790,7.158268142670,20
46.808642917342,7.171369398254,20
46.808672797384,7.184470668661,20
46.808701175917,7.197571953167,20
46.808728052940,7.210673251042,20
46.808753428453,7.223774561562,20
46.808777302457,7.236875883999,20
46.808799674951,7.249977217627,20
46.805524582066,8.324255417231,20
46.805422329258,8.337355146524,20
46.805318574940,8.350454825968,20
46.805213319112,8.363554454835,20
46.805106561775,8.376654032401,20
46.804998302928,8.389753557936,20
46.804888542571,8.402853030716,20
46.804777280705,8.415952450013,20
46.804664517329,8.429051815101,20
46.804550252444,8.442151125252,20
46.817638253229,7.171324773954,20
46.817668138213,7.184428231828,20
46.817696521439,7.197531703798,20
46.817723402907,7.210635189140,20
46.817748782617,7.223738687125,20
46.817772660570,7.236842197028,20
46.817795036764,7.249945718121,20
46.817815911200,7.263049249678,20
46.817835283878,7.276152790973,20
46.814620170176,8.311301324029,20
46.814519402214,8.324403289910,20
46.814417132494,8.337505206669,20
46.814313361017,8.350607073578,20
46.814208087781,8.363708889912,20
46.814101312787,8.376810654942,20
46.813993036035,8.389912367944,20
46.813883257525,8.403014028189,20
46.813771977258,8.416115634952,20
46.826691856370,7.197491441080,20
46.826718742283,7.210597114612,20
46.826744126190,7.223702800789,20
46.826768008091,7.236808498883,20
46.826790387985,7.249914208168,20
46.826811265873,7.263019927916,20
46.826830641755,7.276125657402,20
46.826848515630,7.289231395899,20
46.826864887499,7.302337142679,20
46.826879757362,7.315442897017,20
46.823714279015,8.298342855096,20
46.823614996396,8.311447057564,20
46.823514211771,8.324551211637,20
46.823411925140,8.337655316587,20
46.823308136502,8.350759371687,20
46.823202845858,8.363863376212,20
46.823096053208,8.376967329434,20
46.822877961888,8.403175079063,20
46.835739458939,7.223666902554,20
46.835763344788,7.236774789565,20
46.835785728382,7.249882687766,20
46.835806609722,7.262990596431,20
46.835825988807,7.276098514834,20
46.835843865638,7.289206442247,20
46.835860240214,7.302314377945,20
46.835875112535,7.315422321199,20
46.835888482601,7.328530271285,20
46.832903202128,8.272273522984,20
46.832806907604,8.285380008981,20
46.832709110825,8.298486448036,20
46.832609811791,8.311592839422,20
46.832509010503,8.324699182411,20
46.832406706961,8.337805476278,20
46.832302901163,8.350911720295,20
46.832090782804,8.377124055875,20
46.844781057722,7.249851156916,20
46.844801942513,7.262961255224,20
46.844821324802,7.276071363269,20
46.844839204588,7.289181480325,20
46.844855581870,7.302291605664,20
46.844870456650,7.315401738562,20
46.844883828927,7.328511878289,20
46.844895698700,7.341622024121,20
46.844906065971,7.354732175330,20
46.842086168341,8.246195295036,20
46.841992862904,8.259304062381,20
46.841898054965,8.272412784236,20
46.841801744523,8.285521459876,20
46.841703931578,8.298630088573,20
46.841604616129,8.311738669601,20
46.841503798178,8.324847202233,20
46.841401477724,8.337955685742,20
46.853834532246,7.289156510131,20
46.853850912236,7.302268825838,20
46.853865789474,7.315381149103,20
46.853879163961,7.328493479199,20
46.853891035696,7.341605815399,20
46.853901404681,7.354718156976,20
46.853910270913,7.367830503203,20
46.853917634395,7.380942853355,20
46.853923495125,7.394055206704,20
46.853927853104,7.407167562523,20
46.851525103997,8.180774776226,20
46.851439296896,8.193885950486,20
46.851263174440,8.220108172710,20
46.851172859085,8.233219219222,20
46.851081040978,8.246330221698,20
46.850987720120,8.259441179411,20
46.850892896511,8.272552091634,20
46.850796570151,8.285662957642,20
46.850698741039,8.298773776707,20
46.850599409176,8.311884548102,20
46.862829848380,7.289131531666,20
46.862846231077,7.302246038467,20
46.862861110774,7.315360552825,20
46.862874487471,7.328475074014,20
46.862886361168,7.341589601307,20
46.862896731866,7.354704133977,20
46.862905599564,7.367818671299,20
46.862912964262,7.380933212544,20
46.862918825961,7.394047756986,20
46.862923184660,7.407162303899,20
46.862926040359,7.420276852556,20
46.862927393059,7.433391402230,20
46.860848293620,8.128444926676,20
46.860768484338,8.141558452187,20
46.860687172056,8.154671938748,20
46.860604356774,8.167785385633,20
46.860520038493,8.180898792115,20
46.860434217212,8.194012157468,20
46.860346892931,8.207125480965,20
46.860258065651,8.220238761880,20
46.860167735371,8.233351999485,20
46.860075902091,8.246465193054,20
46.859982565812,8.259578341860,20
46.859887726533,8.272691445177,20
46.859791384254,8.285804502278,20
46.859693538976,8.298917512437,20
46.859594190698,8.312030474926,20
46.871856420315,7.315339949726,20
46.871869799222,7.328456662734,20
46.871881674882,7.341573381846,20
46.871892047293,7.354690106336,20
46.871900916456,7.367806835476,20
46.871908282371,7.380923568540,20
46.871914145038,7.394040304801,20
46.871918504458,7.407157043533,20
46.871921360629,7.420273784009,20
46.871922713552,7.433390525503,20
46.871922563227,7.446507267287,20
46.871920909654,7.459624008635,20
46.871917752834,7.472740748820,20
46.869998405787,8.102328667756,20
46.869921589814,8.115444460804,20
46.869843270594,8.128560216356,20
46.869763448125,8.141675933685,20
46.869682122408,8.154791612065,20
46.869599293443,8.167907250769,20
46.869514961230,8.181022849071,20
46.869429125770,8.194138406243,20
46.869341787061,8.207253921559,20
46.869252945104,8.220369394292,20
46.869162599899,8.233484823716,20
46.869070751446,8.246600209104,20
46.868977399746,8.259715549730,20
46.868882544797,8.272830844866,20
46.868786186600,8.285946093786,20
46.880896221357,7.367794995735,20
46.880903588489,7.380913921344,20
46.880909452125,7.394032850150,20
46.880913812264,7.407151781426,20
46.880916668908,7.420270714447,20
46.880918022054,7.433389648485,20
46.880917871705,7.446508582814,20
46.880916217859,7.459627516706,20
46.880913060516,7.472746449436,20
46.880908399678,7.485865380277,20
46.880902235343,7.498984308501,20
46.879214861408,8.063085436023,20
46.879142543234,8.076203529744,20
46.879068721564,8.089321588148,20
46.878993396398,8.102439610510,20
46.878916567735,8.115557596103,20
46.878838235576,8.128675544199,20
46.878758399921,8.141793454073,20
46.878677060769,8.154911324998,20
46.878594218121,8.168029156247,20
46.878509871977,8.181146947093,20
46.878424022336,8.194264696809,20
46.878336669199,8.207382404670,20
46.878247812566,8.220500069948,20
46.878157452437,8.233617691916,20
46.878065588811,8.246735269849,20
46.889909107847,7.407146517578,20
46.889911964962,7.420267643869,20
46.889913318332,7.433388771177,20
46.889913167957,7.446509898776,20
46.889911513838,7.459631025938,20
46.889908355974,7.472752151938,20
46.889903694366,7.485873276049,20
46.889897529013,7.498994397544,20
46.889889859915,7.512115515696,20
46.889880687073,7.525236629779,20
46.888612278446,7.984467412793,20
46.888209876373,8.063189835680,20
46.888137546255,8.076310122671,20
46.888063712392,8.089430374346,20
46.887988374784,8.102550589978,20
46.887911533432,8.115670768841,20
46.887833188334,8.128790910207,20
46.887753339493,8.141911013351,20
46.887589130575,8.168151102065,20
46.887504770499,8.181271086181,20
46.887418906679,8.194391029168,20
46.898908451753,7.446511215173,20
46.898906797360,7.459634536331,20
46.898903638975,7.472757856327,20
46.898898976597,7.485881174434,20
46.898892810225,7.499004489924,20
46.898885139861,7.512127802072,20
46.898875965504,7.525251110150,20
46.898865287153,7.538374413432,20
46.898853104810,7.551497711192,20
46.897845579899,7.932067677497,20
46.897788277766,7.945190471677,20
46.897729471640,7.958313237807,20
46.897669161521,7.971435975161,20
46.897607347408,7.984558683013,20
46.897544029303,7.997681360636,20
46.897479207205,8.010804007302,20
46.897345051029,8.037049204860,20
46.897275716952,8.050171754298,20
46.897204878881,8.063294269874,20
46.897132536818,8.076416750861,20
46.897058690762,8.089539196531,20
46.896983340712,8.102661606159,20
46.896906486670,8.115783979017,20
46.896828128635,8.128906314379,20
46.907898909284,7.472763562602,20
46.907894246136,7.485889075430,20
46.907888078747,7.499014585642,20
46.907880407116,7.512140092510,20
46.907871231244,7.525265595310,20
46.907860551130,7.538391093314,20
46.907848366775,7.551516585795,20
46.907834678179,7.564642072026,20
46.907819485342,7.577767551282,20
46.907802788263,7.590893022835,20
46.906950785972,7.905900139972,20
46.906896482860,7.919025182791,20
46.906840675506,7.932150199015,20
46.906783363911,7.945275187916,20
46.906724548075,7.958400148767,20
46.906664227998,7.971525080843,20
46.906602403679,7.984649983416,20
46.906539075119,7.997774855760,20
46.906474242317,8.010899697147,20
46.906407905275,8.024024506852,20
46.906340063990,8.037149284148,20
46.906270718465,8.050274028307,20
46.906199868698,8.063398738604,20
46.906127514690,8.076523414312,20
46.906053656441,8.089648054704,20
46.905978293950,8.102772659052,20
46.916875661446,7.512152387012,20
46.916866484059,7.525280085259,20
46.916855802183,7.538407778709,20
46.916843615816,7.551535466637,20
46.916829924960,7.564663148315,20
46.916814729615,7.577790823018,20
46.916798029779,7.590918490017,20
46.916779825454,7.604046148588,20
46.916760116640,7.617173798002,20
46.916738903335,7.630301437534,20
46.915998694419,7.892851033741,20
46.915945886832,7.905978297877,20
46.915891574755,7.919105536143,20
46.915835758189,7.932232747814,20
46.915778437132,7.945359932162,20
46.915719611586,7.958487088460,20
46.915659281551,7.971614215982,20
46.915597447025,7.984741314002,20
46.915534108010,7.997868381792,20
46.915469264506,8.010995418627,20
46.915402916511,8.024122423778,20
46.915335064027,8.037249396521,20
46.915265707054,8.050376336127,20
46.915194845591,8.063503241871,20
46.925870902619,7.512164685577,20
46.925861723717,7.525294579996,20
46.925851040077,7.538424469619,20
46.925838851699,7.551554353719,20
46.925825158584,7.564684231570,20
46.925809960730,7.577814102444,20
46.925793258138,7.590943965616,20
46.925775050808,7.604073820359,20
46.925755338740,7.617203665946,20
46.925734121935,7.630333501650,20
46.925711400391,7.643463326745,20
46.925687174109,7.656593140503,20
46.925045102404,7.879797535853,20
46.924993790839,7.892927021304,20
46.924940974535,7.906056481612,20
46.924886653493,7.919185916051,20
46.924830827713,7.932315323894,20
46.924773497195,7.945444704414,20
46.924714661940,7.958574056884,20
46.924592477214,7.984832674771,20
46.924529127744,7.997961938734,20
46.924464273536,8.011091171740,20
46.924397914591,8.024220373065,20
46.924330050907,8.037349541979,20
46.924260682485,8.050478677758,20
46.924189809325,8.063607779674,20
46.934805178454,7.577837389562,20
46.934788473105,7.590969449632,20
46.934770262771,7.604101501273,20
46.934750547450,7.617233543757,20
46.934729327142,7.630365576359,20
46.934706601849,7.643497598352,20
46.934682371569,7.656629609008,20
46.934656636303,7.669761607602,20
46.934629396050,7.682893593407,20
46.934600650811,7.696025565695,20
46.934570400586,7.709157523741,20
46.934538645374,7.722289466818,20
46.934505385176,7.735421394199,20
46.934274219275,7.814212588173,20
46.934230424173,7.827344385335,20
46.934138319009,7.853607914404,20
46.934090008948,7.866739644858,20
46.934040193900,7.879871351622,20
46.933988873867,7.893003033971,20
46.933936048846,7.906134691177,20
46.933881718840,7.919266322514,20
46.933825883847,7.932397927254,20
46.933325024395,8.037449720523,20
46.943765461109,7.604129191328,20
46.943745742535,7.617263431436,20
46.943724518726,7.630397661661,20
46.943701789683,7.643531881277,20
46.943677555404,7.656666089557,20
46.943651815892,7.669800285775,20
46.943624571144,7.682934469203,20
46.943595821162,7.696068639115,20
46.943565565945,7.709202794784,20
46.943533805494,7.722336935484,20
46.943500539808,7.735471060488,20
46.943465768887,7.748605169070,20
46.943429492731,7.761739260502,20
46.943391711341,7.774873334058,20
46.943352424716,7.788007389011,20
46.943311632857,7.801141424635,20
46.943269335763,7.814275440203,20
46.943225533434,7.827409434989,20
46.943180225871,7.840543408265,20
46.943133413072,7.853677359305,20
46.943085095040,7.866811287382,20
46.943035271772,7.879945191770,20
46.942983943270,7.893079071742,20
46.942931109533,7.906212926572,20
46.942876770562,7.919346755532,20
46.952719696452,7.630429757557,20
46.952696963658,7.643566175522,20
46.952672725382,7.656702582151,20
46.952646981623,7.669838976717,20
46.952619732381,7.682975358494,20
46.952590977655,7.696111726755,20
46.952560717447,7.709248080774,20
46.952528951756,7.722384419823,20
46.952495680581,7.735520743176,20
46.952460903924,7.748657050106,20
46.952424621784,7.761793339887,20
46.952386834160,7.774929611792,20
46.952347541054,7.788065865095,20
46.952306742465,7.801202099068,20
46.952264438393,7.814338312985,20
46.952220628837,7.827474506119,20
46.952175313799,7.840610677744,20
46.952128493278,7.853746827133,20
46.952080167273,7.866882953560,20
46.952030335786,7.880019056297,20
46.961642133263,7.669877680429,20
46.961614879526,7.683016261281,20
46.961586120057,7.696154828617,20
46.961555854858,7.709293381710,20
46.961524083926,7.722431919833,20
46.961490807264,7.735570442261,20
46.961456024870,7.748708948266,20
46.961419736745,7.761847437121,20
46.961381942889,7.774985908101,20
46.961342643301,7.788124360478,20
46.961301837982,7.801262793525,20
46.961259526931,7.814401206517,20
46.961215710149,7.827539598726,20
46.961170387636,7.840677969426,20
46.961123559392,7.853816317889,20
46.961075225416,7.866954643390,20
46.970581248135,7.696197944699,20
46.970550977944,7.709338697592,20
46.970519201773,7.722479435516,20
46.970451131492,7.748760863548,20
46.970414837382,7.761901552204,20
46.970377037292,7.775042222984,20
46.970337731223,7.788182875161,20
46.970296919174,7.801323508008,20
46.970210777137,7.827604712809,20
46.970165447149,7.840745283309,20
