46.468031050287,6.988175836494,21
46.468081931670,7.001194674160,21
46.468131320930,7.014213536242,21
46.468179218068,7.027232422014,21
46.468225623083,7.040251330747,21
46.468270535975,7.053270261717,21
46.468313956745,7.066289214197,21
46.468355885392,7.079308187458,21
46.468396321916,7.092327180776,21
46.468435266318,7.105346193424,21
46.468472718597,7.118365224674,21
46.468508678753,7.131384273799,21
46.468543146786,7.144403340075,21
46.468576122697,7.157422422773,21
46.468637598151,7.183460634530,21
46.468666097694,7.196479762136,21
46.468693105114,7.209498903258,21
46.468909761326,7.495921956714,21
46.468893646401,7.521960455650,21
46.468883350754,7.534979698505,21
46.468871562985,7.547998935983,21
46.468858283094,7.561018167357,21
46.468843511079,7.574037391900,21
46.468827246942,7.587056608886,21
46.468809490682,7.600075817588,21
46.468790242300,7.613095017280,21
46.468769501795,7.626114207233,21
46.468747269167,7.639133386723,21
46.468723544417,7.652152555023,21
46.468698327544,7.665171711404,21
46.468671618548,7.678190855142,21
46.468643417430,7.691209985510,21
46.468613724189,7.704229101780,21
46.476749683615,6.922996502267,21
46.476808035321,6.936017366993,21
46.476864894656,6.949038259768,21
46.476920261620,6.962059179865,21
46.476974136214,6.975080126559,21
46.477026518436,6.988101099122,21
46.477077408287,7.001122096828,21
46.477126805767,7.014143118949,21
46.477174710876,7.027164164760,21
46.477309471977,7.066227437062,21
46.477351407602,7.079248570364,21
46.477391850856,7.092269723721,21
46.477430801740,7.105290896408,21
46.477468260252,7.118312087698,21
46.477504226393,7.131333296863,21
46.477538700163,7.144354523178,21
46.477785836800,7.613123961811,21
46.477765092844,7.626145311805,21
46.477742856516,7.639166651334,21
46.477719127817,7.652187979673,21
46.477693906747,7.665209296095,21
46.477667193306,7.678230599872,21
46.477638987494,7.691251890279,21
46.477609289311,7.704273166589,21
46.477578098757,7.717294428074,21
46.477545415832,7.730315674009,21
46.485363590425,6.844773412749,21
46.485430907557,6.857796254684,21
46.485496732070,6.870819129028,21
46.485561063963,6.883842035055,21
46.485623903237,6.896864972038,21
46.485685249891,6.909887939250,21
46.485745103927,6.922910935965,21
46.485803465343,6.935933961455,21
46.485860334139,6.948957014996,21
46.485915710316,6.961980095858,21
46.485969593874,6.975003203317,21
46.486021984813,6.988026336645,21
46.486072883132,7.001049495116,21
46.486122288832,7.014072678003,21
46.486499772262,7.131282302804,21
46.486573656919,7.717340668450,21
46.486540968555,7.730364075150,21
46.486506787572,7.743387465573,21
46.486471113970,7.756410838992,21
46.494290124059,6.831649878480,21
46.494358945258,6.844674848770,21
46.494426273590,6.857699852195,21
46.494492109054,6.870724888030,21
46.494556451650,6.883749955548,21
46.494619301379,6.896775054021,21
46.494680658240,6.909800182724,21
46.494740522234,6.922825340930,21
46.494798893359,6.935850527911,21
46.494855771618,6.948875742942,21
46.494911157008,6.961900985296,21
46.494965049531,6.974926254245,21
46.495017449186,6.987951549064,21
46.495068355973,7.000976869026,21
46.495569213075,7.717386924353,21
46.495536519274,7.730412492544,21
46.495502332604,7.743438044457,21
46.495466653067,7.756463579367,21
46.495429480662,7.769489096546,21
46.495265862366,7.821590973421,21
46.503070008567,6.792467927764,21
46.503143320563,6.805494956502,21
46.503215139442,6.818522020556,21
46.503285465206,6.831549119199,21
46.503354297853,6.844576251705,21
46.503421637385,6.857603417347,21
46.503487483801,6.870630615398,21
46.503551837100,6.883657845132,21
46.503614697284,6.896685105822,21
46.503676064351,6.909712396741,21
46.503735938303,6.922739717163,21
46.503794319139,6.935767066361,21
46.503960502949,6.974849279344,21
46.504012911321,6.987876736379,21
46.504063826576,7.000904218557,21
46.504564766995,7.717433195782,21
46.504532067754,7.730460926190,21
46.504497875398,7.743488640319,21
46.504462189925,7.756516337445,21
46.504425011337,7.769544016841,21
46.504386339632,7.782571677778,21
46.504346174812,7.795599319532,21
46.504304516876,7.808626941376,21
46.504261365823,7.821654542582,21
46.511914182938,6.766302371341,21
46.511990493855,6.779331490209,21
46.512065311408,6.792360645846,21
46.512138635597,6.805389837526,21
46.512210466422,6.818419064522,21
46.512280803882,6.831448326107,21
46.512349647977,6.844477621555,21
46.512416998709,6.857506950139,21
46.512482856076,6.870536311132,21
46.512547220079,6.883565703807,21
46.512731351901,6.922654064664,21
46.513457724313,7.756569113227,21
46.513420539541,7.769598955565,21
46.513381861405,7.782628779444,21
46.513300025039,7.808688368925,21
46.513256866810,7.821718133073,21
46.513212215216,7.834747875857,21
46.513166070258,7.847777596550,21
46.513118431936,7.860807294426,21
46.513069300250,7.873836968758,21
46.513018675199,7.886866618819,21
46.512966556784,7.899896243883,21
46.520831640724,6.753159481062,21
46.520909457944,6.766190726101,21
46.520985781551,6.779222008636,21
46.521060611545,6.792253327941,21
46.521133947927,6.805284683288,21
46.521205790697,6.818316073951,21
46.521276139853,6.831347499204,21
46.521344995397,6.844378958319,21
46.522295530498,7.808749817081,21
46.522252365092,7.821781744896,21
46.522207706073,7.834813651347,21
46.522161553442,7.847845535708,21
46.522113907198,7.860877397251,21
46.522064767341,7.873909235250,21
46.522014133872,7.886941048979,21
46.521962006790,7.899972837710,21
46.521908386095,7.913004600717,21
46.521853271788,7.926036337274,21
46.529666757954,6.726978930520,21
46.529747575834,6.740012262781,21
46.529826899853,6.753045633990,21
46.529904730011,6.766079043422,21
46.529981066309,6.779112490351,21
46.530055908745,6.792145974048,21
46.530129257320,6.805179493788,21
46.530201112034,6.818213048845,21
46.531247860437,7.821845378050,21
46.531203193993,7.834879448894,21
46.531157033688,7.847913497648,21
46.531109379522,7.860947523584,21
46.531060231495,7.873981525976,21
46.531009589607,7.887015504098,21
46.530957453858,7.900049457222,21
46.530903824248,7.913083384623,21
46.530848700777,7.926117285572,21
46.530792083445,7.939151159344,21
46.538579661867,6.713825257344,21
46.538661987291,6.726860715047,21
46.538742818606,6.739896212426,21
46.538822155812,6.752931748754,21
46.538899998908,6.765967323305,21
46.538976347895,6.779002935352,21
46.539051202773,6.792038584168,21
46.539124563541,6.805074269027,21
46.540152510762,7.847981482371,21
46.540104848675,7.861017673425,21
46.540055692478,7.874053840936,21
46.540005042171,7.887089984176,21
46.539952897755,7.900126102419,21
46.539899259230,7.913162194938,21
46.539844126596,7.926198261006,21
46.539787499852,7.939234299897,21
46.547491040652,6.700667253268,21
46.547574874117,6.713704836412,21
46.547657213224,6.726742459959,21
46.547738057974,6.739780123182,21
46.547817408366,6.752817825354,21
46.547895264401,6.765855565749,21
46.547971626077,6.778893343640,21
46.549000491331,7.887164489214,21
46.548948338248,7.900202773301,21
46.548839549010,7.926279263576,21
46.548782912855,7.939317468311,21
46.548724782341,7.952355645142,21
46.556400893330,6.687504916840,21
46.556486235332,6.700544625424,21
46.556570082729,6.713584375138,21
46.556652435519,6.726624165255,21
46.556733293704,6.739663995047,21
46.556812657283,6.752703863789,21
46.557720182046,7.952441007987,21
46.557660547266,7.965481322756,21
46.557599417881,7.978521608169,21
46.565309218922,6.674338246611,21
46.565396069959,6.687380080635,21
46.565481426141,6.700421956515,21
46.565565287470,6.713463873524,21
46.565647653943,6.726505830936,21
46.565728525563,6.739547828024,21
46.566594793649,7.978611334191,21
46.566532159252,7.991653756815,21
46.574126160781,6.648123324979,21
46.574216016452,6.661167241132,21
46.574304377019,6.674211200594,21
46.574391242484,6.687255202638,21
46.574476612846,6.700299246539,21
46.574560488106,6.713343331569,21
46.574642868263,6.726387457001,21
46.575590165312,7.978701090251,21
46.575527520511,7.991745680896,21
46.583029918993,6.634945858088,21
46.583121284939,6.647991898951,21
46.583211155534,6.661037983850,21
46.583299530778,6.674084112059,21
46.583386410671,6.687130282849,21
46.583471795213,6.700176495496,21
46.583555684404,6.713222749273,21
46.584458726873,8.004884364321,21
46.584393080964,8.017931061364,21
46.584257303094,8.044024357931,21
46.584187171132,8.057070956002,21
46.584115543819,8.070117519629,21
46.591932146688,6.621764053048,21
46.592025023406,6.634812218620,21
46.592116404526,6.647860428955,21
46.592206290046,6.660908683326,21
46.592294679966,6.673956981006,21
46.592381574287,6.687005321269,21
46.592466973009,6.700053703387,21
46.593321259349,8.031076220166,21
46.593252611339,8.044125021426,21
46.593182467730,8.057173788969,21
46.593110828522,8.070222522068,21
46.593037693715,8.083271219996,21
46.600832842888,6.608577908408,21
46.600927230875,6.621628198688,21
46.601020123015,6.634678534458,21
46.601111519308,6.647728914990,21
46.601201419753,6.660779339558,21
46.601289824350,6.673829807436,21
46.602247914780,8.044225718588,21
46.602177759525,8.057276656328,21
46.602106108421,8.070327559624,21
46.602032961470,8.083378427750,21
46.609732006614,6.595387422718,21
46.609827906367,6.608439837705,21
46.609922310025,6.621492298908,21
46.610015217587,6.634544805601,21
46.610106629052,6.647597357056,21
46.610196544422,6.660649952547,21
46.611173046281,8.057379558078,21
46.611101383283,8.070432632298,21
46.611028224188,8.083485671346,21
46.610953568998,8.096538674497,21
46.610877417711,8.109591641025,21
46.618530728528,6.569138102504,21
46.618629636888,6.582192594528,21
46.618727048904,6.595247134221,21
46.618822964576,6.608301720857,21
46.618917383904,6.621356353709,21
46.619010306887,6.634411032050,21
46.619101733526,6.647465755153,21
46.620096652873,8.070537740088,21
46.620023481635,8.083592950785,21
46.619948814053,8.096648125585,21
46.619872650126,8.109703263760,21
46.627425311365,6.555936806386,21
46.627525732733,6.568993422388,21
46.627624657508,6.582050086786,21
46.627722085691,6.595106798853,21
46.627818017281,6.608163557863,21
46.627912452278,6.621220363089,21
46.629018733577,8.083700266066,21
46.628944053603,8.096757613240,21
46.628867877036,8.109814923790,21
46.636318358297,6.542731164870,21
46.636420293169,6.555789904849,21
46.636520731200,6.568848693950,21
46.636619672390,6.581907531448,21
46.636717116739,6.594966416615,21
46.636813064247,6.608025348724,21
46.637939287416,8.096867137463,21
46.637863098209,8.109926621113,21
46.645209868345,6.529521176505,21
46.645313317218,6.542582040460,21
46.645415269002,6.555642954264,21
46.645515723696,6.568703917191,21
46.645614681301,6.581764928513,21
46.645712141816,6.594825987506,21
46.646858313410,8.110038355729,21
46.646780614474,8.123099975853,21
46.646701418448,8.136161557900,21
46.646620725333,8.149223101143,21
46.654099840532,6.516306839841,21
46.654204803902,6.529369827771,21
46.654308269935,6.542432866276,21
46.654410238630,6.555495954631,21
46.654510709987,6.568559092109,21
46.654609684007,6.581622277982,21
46.655853522407,8.110150127639,21
46.655775810582,8.123213922314,21
46.655696601419,8.136277678911,21
46.655615894919,8.149341396705,21
46.655533691081,8.162405074968,21
46.655449989906,8.175468712974,21
46.655364791392,8.188532309995,21
46.662988273878,6.503088153429,21
46.663094752243,6.516153265332,21
46.663199733021,6.529218428538,21
46.663303216214,6.542283642320,21
46.663405201820,6.555348905951,21
46.663505689841,6.568414218705,21
46.664691777953,8.136393838668,21
46.664611058068,8.149459731738,21
46.664528840596,8.162525585277,21
46.664445125539,8.175591398559,21
46.664359912895,8.188657170857,21
46.664273202666,8.201722901444,21
46.671875167406,6.489865115818,21
46.671983161262,6.502932351694,21
46.672089657283,6.515999639599,21
46.672194655469,6.529066978806,21
46.672298155822,6.542134368590,21
46.672400158340,6.555201808223,21
46.673440254501,8.175714125065,21
46.673355027727,8.188782073365,21
46.673268303120,8.201849979954,21
46.673180080677,8.214917844106,21
46.673090360401,8.227985665094,21
46.672999142290,8.241053442191,21
46.680870029980,6.489707085405,21
46.680978041741,6.502776498009,21
46.681084555418,6.515845962641,21
46.681189571013,6.528915478576,21
46.681293088525,6.541985045088,21
46.682350135655,8.188907017520,21
46.682263396669,8.201977100837,21
46.682175159600,8.215047141716,21
46.682085424448,8.228117139431,21
46.681994191213,8.241187093256,21
46.681901459896,8.254257002463,21
46.689755357421,6.476477465017,21
46.689864885417,6.489549002317,21
46.689972915082,6.502620592374,21
46.690079446416,6.515692234459,21
46.690184479419,6.528763927848,21
46.691258483080,8.202104264092,21
46.691170231384,8.215176482424,21
46.691080481357,8.228248657593,21
46.690989232999,8.241320788870,21
46.690896486310,8.254392875530,21
46.690802241290,8.267464916847,21
46.698750187333,6.476317151076,21
46.698859733482,6.489390866554,21
46.698967781052,6.502464634789,21
46.699074330043,6.515538455053,21
46.700075530895,8.228380219577,21
46.699984267414,8.241454529034,21
46.699891505353,8.254528793872,21
46.699797244713,8.267603013367,21
46.699701485494,8.280677186791,21
46.707633946510,6.463080942833,21
46.707745009640,6.476156783733,21
46.707854573943,6.489232678116,21
46.707962639418,6.502308625255,21
46.709070572829,8.228511825386,21
46.708979294224,8.241588313746,21
46.708886516791,8.254664757489,21
46.708792240531,8.267741155888,21
46.708696465443,8.280817508216,21
46.708599191528,8.293893813747,21
46.716628742579,6.462918342460,21
46.716739824110,6.475996362990,21
46.716849406566,6.489074437002,21
46.717881520392,8.254800766380,21
46.717787228512,8.267879344409,21
46.717691437555,8.280957876367,21
46.717594147523,8.294036361527,21
46.717495358414,8.307114799164,21
46.725510931319,6.449675541284,21
46.725623530576,6.462755687960,21
46.725734630509,6.475835888845,21
46.725844231118,6.488916143213,21
46.726782208421,8.268017578930,21
46.726686401596,8.281098291243,21
46.726589095447,8.294178956759,21
46.726490289973,8.307259574750,21
46.734391574882,6.436428378757,21
46.734505692362,6.449510651577,21
46.734618310269,6.462592979334,21
46.734729428604,6.475675361300,21
46.735777180026,8.268155859451,21
46.735681357332,8.281238752845,21
46.735584035066,8.294321599442,21
46.735485213228,8.307404398514,21
46.743500444867,6.449345707019,21
46.743613081424,6.462430216582,21
46.743724218160,6.475514780354,21
46.744772143093,8.268294185973,21
46.744676304531,8.281379261173,21
46.744578966148,8.294464289576,21
46.744480127944,8.307549270455,21
46.744379789919,8.320634203083,21
46.752495188601,6.449180707608,21
46.752607843808,6.462267399703,21
46.752718998946,6.475354146007,21
46.753671242958,8.281519816226,21
46.753573888459,8.294607027161,21
46.753475033890,8.307694190572,21
46.753374679251,8.320781305732,21
46.753272824543,8.333868371915,21
46.761489923331,6.449015653345,21
46.761602597187,6.462104528697,21
46.761713770727,6.475193458259,21
46.762568801765,8.294749812198,21
46.762469930831,8.307839158866,21
46.762369559579,8.320928457284,21
46.762267688009,8.334017706724,21
46.762164316122,8.347106906460,21
46.770370455750,6.435759539831,21
46.770484648823,6.448850544230,21
46.770597341329,6.461941603565,21
46.770708533270,6.475032717110,21
46.771563705833,8.294892644686,21
46.771464818534,8.307984175338,21
46.771364430668,8.321075657738,21
46.771262542237,8.334167091161,21
46.771159153240,8.347258474881,21
46.779249440088,6.422499057710,21
46.779365152873,6.435592191156,21
46.779479364843,6.448685380263,21
46.779592076000,6.461778624307,21
46.779703286342,6.474871922560,21
46.780459696766,8.308129239986,21
46.780359292287,8.321222907095,21
46.780257386994,8.334316525227,21
46.780153980886,8.347410093654,21
46.788244108359,6.422329468023,21
46.788359840291,6.435424786903,21
46.788474071160,6.448520161445,21
46.788586800966,6.461615590923,21
46.788698029710,6.474711074610,21
46.789354144201,8.321370205354,21
46.789252222046,8.334466008920,21
46.789148798828,8.347561762782,21
46.797238766693,6.422159822033,21
46.797354517771,6.435257327072,21
46.797468767538,6.448354887774,21
46.797581515994,6.461452503411,21
46.798247047161,8.334615542241,21
46.798143606833,8.347713482263,21
46.798038665194,8.360811371854,21
46.806116143072,6.408890484205,21
46.806233414856,6.421990119740,21
46.806349185081,6.435089811664,21
46.806463453746,6.448189559251,21
46.807241862104,8.334765125190,21
46.807138404666,8.347865252097,21
46.807033445669,8.360965328573,21
46.806926985112,8.374065353892,21
46.806819022996,8.387165327327,21
46.815110761436,6.408718537998,21
46.815228052614,6.421820361144,21
46.815343841985,6.434922240679,21
46.815458129549,6.448024175876,21
46.815570915305,6.461126166010,21
46.816133192095,8.348017072285,21
46.816028215739,8.361119336372,21
46.815921737576,8.374221549301,21
46.815813757604,8.387323710347,21
46.815704275825,8.400425818782,21
46.815593292239,8.413527873880,21
46.823866241846,6.382338683873,21
46.823986556532,6.395442580396,21
46.824105369161,6.408546534762,21
46.824222679735,6.421650546244,21
46.824338488252,6.434754614116,21
46.824452794714,6.447858737649,21
46.825127968886,8.348168942827,21
46.825022975172,8.361273395250,21
46.824916479401,8.374377796516,21
46.824808481575,8.387482145898,21
46.824698981692,8.400586442669,21
46.824587979754,8.413690686103,21
46.832860799166,6.382162245485,21
46.832981133743,6.395268331070,21
46.833099966016,6.408374474498,21
46.833217295984,6.421480675042,21
46.833333123648,6.434586931975,21
46.833911210356,8.374534095535,21
46.833803194674,8.387640633978,21
46.833693676688,8.400747119811,21
46.833582656398,8.413853552307,21
46.841733488360,6.368877531814,21
46.841855345382,6.381985748617,21
46.841975699850,6.395094023990,21
46.842094551766,6.408202357205,21
46.842211901129,6.421310747536,21
46.842905930206,8.374690446358,21
46.842797896669,8.387799174589,21
46.842688360580,8.400907850210,21
46.842577321938,8.414016472493,21
46.842464780743,8.427125040712,21
46.850728003098,6.368698785953,21
46.850849880259,6.381809193269,21
46.850970254619,6.394919659155,21
46.851089126179,6.408030182883,21
46.851206494937,6.421140763727,21
46.851792587327,8.387957767731,21
46.851683033134,8.401068633864,21
46.851571976140,8.414179446660,21
46.859722506265,6.368519980887,21
46.859844403566,6.381632579442,21
46.859964797818,6.394745236566,21
46.860083689020,6.407857951532,21
46.860787266413,8.388116413402,21
46.860677694116,8.401229470774,21
46.860566618771,8.414342474809,21
46.868716997627,6.368341116615,21
46.868838915068,6.381455907134,21
46.868959329211,6.394570756222,21
46.869672343295,8.401390360940,21
46.869561249597,8.414505556939,21
46.869448652602,8.427620698874,21
46.869334552309,8.440735786018,21
46.869218948718,8.453850817645,21
46.877711476952,6.368162193138,21
46.877833414533,6.381279176347,21
46.877953848567,6.394396218125,21
46.878555868386,8.414668693050,21
46.878443252790,8.427786027675,21
46.878329133649,8.440903307508,21
46.878213510961,8.454020531825,21
46.886705944005,6.367983210456,21
46.886827901726,6.381102387080,21
46.886948355652,6.394221622273,21
46.887550474903,8.414831883142,21
46.887437840707,8.427951411182,21
46.887323702718,8.441070884431,21
46.887208060933,8.454190302163,21
46.887090915355,8.467309663651,21
46.895700398554,6.367804168569,21
46.895822376415,6.380925539333,21
46.895942850232,6.394046968667,21
46.896432416120,8.428116849397,21
46.896318259282,8.441238516787,21
46.896202598401,8.454360128659,21
46.904694840366,6.367625067476,21
46.904816838366,6.380748633107,21
46.905426978795,8.428282342318,21
46.905312803108,8.441406204575,21
46.905197123131,8.454530011314,21
46.913689269206,6.367445907178,21
46.913811287346,6.380571668401,21
46.914421528499,8.428447889947,21
46.914307333964,8.441573947795,21
46.914191634889,8.454699950126,21
46.914074431275,8.467825896213,21
46.922683684842,6.367266687674,21
46.922805723121,6.380394645215,21
46.923416064999,8.428613492282,21
46.923301851615,8.441741746448,21
46.923186133443,8.454869945096,21
46.923068910484,8.467998087500,21
46.931678087039,6.367087408966,21
46.932296355828,8.441909600533,21
46.932180618560,8.455039996224,21
46.932063376255,8.468170335671,21
46.940672475566,6.366908071052,21
46.941175090005,8.455210103510,21
46.941057828356,8.468342640726,21
46.950052266551,8.468515002665,21
47.435335963696,6.356953309561,21
47.444329214240,6.356770656148,21
47.453322437814,6.356587943530,21
47.453445664344,6.369846768033,21
47.462315634183,6.356405171706,21
47.462438880853,6.369666236060,21
47.471308803114,6.356222340678,21
47.471432069924,6.369485645608,21
47.480301944374,6.356039450444,21
47.480425231324,6.369304996675,21
47.480546998089,6.382570601476,21
47.489295057730,6.355856501004,21
47.489418364819,6.369124289263,21
47.489540151476,6.382392136092,21
47.489684288493,8.478960815870,21
47.498288142948,6.355673492359,21
47.498411470177,6.368943523372,21
47.498533276725,6.382213612953,21
47.498795898334,8.465866431829,21
47.498677437284,8.479136647705,21
47.507281199795,6.355490424509,21
47.507404547164,6.368762699000,21
47.507526373603,6.382035032060,21
47.507646679113,6.395307422963,21
47.507789038099,8.466040077069,21
47.507670557704,8.479312536424,21
47.516274228037,6.355307297454,21
47.516397595546,6.368581816149,21
47.516519441877,6.381856393413,21
47.516639767030,6.395131028520,21
47.516782149260,8.466213778467,21
47.516663649520,8.479488482026,21
47.525267227442,6.355124111193,21
47.525390615090,6.368400874817,21
47.525512481313,6.381677697011,21
47.525632826109,6.394954577048,21
47.525751649480,6.408231514201,21
47.525775231583,8.466387536023,21
47.525656712498,8.479664484512,21
47.534383605563,6.368219875007,21
47.534505491678,6.381498942856,21
47.534625856117,6.394778068547,21
47.534744698883,6.408057251355,21
47.534885301591,8.453282099350,21
47.534768284835,8.466561349738,21
47.534649746404,8.479840543881,21
47.543376566732,6.368038816716,21
47.543498472738,6.381320130946,21
47.543618856821,6.394601503018,21
47.543737718981,6.407882932207,21
47.543855059219,6.421164417785,21
47.543993858566,8.440172170555,21
47.543878344636,8.453453722841,21
47.543761308782,8.466735219610,21
47.543642751007,8.480016660134,21
47.552491424261,6.381141261282,21
47.552611827987,6.394424880461,21
47.552730709542,6.407708556755,21
47.552848068926,6.420992289440,21
47.553100901529,8.427057748190,21
47.552986890921,8.440341602373,21
47.552871358142,8.453625401765,21
47.552754303192,8.466909145640,21
47.552635726071,8.480192833271,21
47.561484346012,6.380962333863,21
47.561604769381,6.394248200874,21
47.561723670331,6.407534125001,21
47.561841048862,6.420820105517,21
47.561956904973,6.434106141696,21
47.562206429502,8.413938830804,21
47.562093922713,8.427224986882,21
47.561979893505,8.440511088897,21
47.561864341878,8.453797136121,21
47.561747267831,8.467083127828,21
47.561628671365,8.480369063291,21
47.570597680771,6.394071464259,21
47.570716601116,6.407359636943,21
47.570833998793,6.420647866017,21
47.570949873803,6.433936150753,21
47.571064226144,6.447224490425,21
47.571310441506,8.400815416947,21
47.571199439033,8.414103874920,21
47.571086913893,8.427392279556,21
47.570972866084,8.440680630129,21
47.570857295609,8.453968925910,21
47.570740202465,8.467257166174,21
47.579590561924,6.393894670615,21
47.579709501663,6.407185092582,21
47.579826918487,6.420475570939,21
47.579942812395,6.433766104958,21
47.580057183386,6.447056693913,21
47.580412936564,8.387687505168,21
47.580303438903,8.400978265036,21
47.580192418327,8.414268972292,21
47.580079874835,8.427559626212,21
47.579965808426,8.440850226067,21
47.579850219102,8.454140771131,21
47.588702371740,6.407010491918,21
47.588819807710,6.420303220284,21
47.588935720515,6.433596004311,21
47.589050110157,6.446888843275,21
47.589162976634,6.460181736448,21
47.589513913696,8.374555094020,21
47.589405921345,8.387848155779,21
47.589296405830,8.401141165655,21
47.589185367150,8.414434122920,21
47.589072805305,8.427727026848,21
47.588958720297,8.441019876712,21
47.597812666228,6.420130814051,21
47.597928597932,6.433425848813,21
47.598043006223,6.446720938511,21
47.598155891102,6.460016082418,21
47.598267252568,6.473311279808,21
47.598506885380,8.374713545701,21
47.598398875422,8.388008858195,21
47.598289342051,8.401304118805,21
47.598178285268,8.414599326804,21
47.598065705072,8.427894481466,21
47.606805493808,6.419958352240,21
47.606921444410,6.433255638462,21
47.607035871351,6.446552979619,21
47.607148774632,6.459850374986,21
47.607260154251,6.473147823836,21
47.607606330030,8.361574433351,21
47.607499826126,8.374872048462,21
47.607391798561,8.388169612415,21
47.607282247335,8.401467124485,21
47.607171172448,8.414764583944,21
47.615914259718,6.433085373259,21
47.616028705309,6.446384966602,21
47.616141626990,6.459684614154,21
47.616253024763,6.472984315189,21
47.616362898626,6.486284068980,21
47.616599256963,8.361730735005,21
47.616492735701,8.375030602301,21
47.616384690529,8.388330418440,21
47.616275121448,8.401630182695,21
47.616164028458,8.414929894339,21
47.625021507862,6.446216899458,21
47.625134447945,6.459518799921,21
47.625245863870,6.472820753866,21
47.625355755638,6.486122760568,21
47.625464123248,6.499424819299,21
47.625697166955,8.348584916375,21
47.625592152492,8.361887087013,21
47.625485613871,8.375189207220,21
47.625377551093,8.388491276269,21
47.625267964156,8.401793293435,21
47.634014278777,6.446048778187,21
47.634127237261,6.459352932287,21
47.634238671340,6.472657139868,21
47.634348581013,6.485961400206,21
47.634456966279,6.499265712574,21
47.634563827140,6.512570076244,21
47.634793555124,8.335434591123,21
47.634690047957,8.348739065101,21
47.634585016383,8.362043489375,21
47.634478460404,8.375347863218,21
47.634370380018,8.388652185904,21
47.643119994707,6.459187011252,21
47.643231446939,6.472493473195,21
47.643341374516,6.485799987895,21
47.643449777439,6.499106554624,21
47.643556655708,6.512413172656,21
47.643786421116,8.335586535114,21
47.643682897087,8.348893263454,21
47.643577848403,8.362199942090,21
47.643471275065,8.375506570295,21
47.643363177073,8.388813147343,21
47.652224190433,6.472329753847,21
47.652334135915,6.485638523634,21
47.652442556495,6.498947345451,21
47.652549452172,6.512256218570,21
47.652654822946,6.525565142265,21
47.652981762078,8.309120414948,21
47.652881270992,8.322429495603,21
47.652779255003,8.335738528008,21
47.652675714112,8.349047511435,21
47.652570648319,8.362356445158,21
47.652464057622,8.375665328451,21
47.661326864976,6.485477007423,21
47.661435303212,6.498788085053,21
47.661542216297,6.512099213985,21
47.661647604232,6.525410393493,21
47.661974596606,8.309267945118,21
47.661874089155,8.322579281586,21
47.661772056553,8.335890569804,21
47.661668498800,8.349201809044,21
47.661563415896,8.362512998580,21
47.661456807841,8.375824137686,21
47.670319561466,6.485315439263,21
47.670428017359,6.498628773431,21
47.670534947852,6.511942158902,21
47.670640352946,6.525255594948,21
47.670744232641,6.538569080845,21
47.671066396980,8.296101882209,21
47.670967398563,8.309415522740,21
47.670866874747,8.322729115746,21
47.670764825532,8.336042660503,21
47.670661250917,8.349356156281,21
47.670556150903,8.362669602356,21
47.679420698701,6.498469410585,21
47.679527646603,6.511785053320,21
47.679633068856,6.525100746630,21
47.679736965462,6.538416489791,21
47.679839336421,6.551732282074,21
47.680156671136,8.282931305425,21
47.680059182250,8.296247250018,21
47.679960167716,8.309563147813,21
47.679859627535,8.322878998083,21
47.679757561706,8.336194800104,21
47.688520312315,6.511627897239,21
47.688625751729,6.524945848539,21
47.688729665246,6.538263849689,21
47.688832052868,6.551581899962,21
47.688932914594,6.564899998630,21
47.689245418094,8.269756213318,21
47.689149439236,8.283074461970,21
47.689051934482,8.296392664552,21
47.688952903831,8.309710820337,21
47.688852347285,8.323028928597,21
47.688750264842,8.336346988607,21
47.697512944757,6.511470690659,21
47.697618401330,6.524790900675,21
47.697722331759,6.538111160540,21
47.697824736044,6.551431469528,21
47.697925614184,6.564751826912,21
47.698024966180,6.578072231965,21
47.698332636878,8.256576604436,21
47.698238168544,8.269897157148,21
47.698142174065,8.283217664515,21
47.698044653442,8.296538125812,21
47.697945606675,8.309858540312,21
47.697845033764,8.323178907288,21
47.706611017427,6.524635903038,21
47.706714964768,6.537958422344,21
47.706817385715,6.551280990772,21
47.706918280271,6.564603607597,21
47.707017648433,6.577926272091,21
47.707115490203,6.591248983527,21
47.707418326508,8.243392477330,21
47.707325369195,8.256715334100,21
47.707230885489,8.270038146252,21
47.707134875390,8.283360913061,21
47.707037338899,8.296683633799,21
47.706938276015,8.310006307739,21
47.715707564038,6.537805635100,21
47.715810001649,6.551130463694,21
47.715910912619,6.564455340685,21
47.716010296948,6.577780265346,21
47.716108154637,6.591105236948,21
47.716204485684,6.604430254767,21
47.716502486007,8.230203830549,21
47.716411040211,8.243528991376,21
47.716318067774,8.256854108312,21
47.716223568696,8.270179180631,21
47.716127542977,8.283504207606,21
47.724802583612,6.550979888295,21
47.724903510997,6.564307026177,21
47.725002911492,6.577634211730,21
47.725100785099,6.590961444224,21
47.725197131816,6.604288722935,21
47.725291951643,6.617616047135,21
47.725585114395,8.217010662645,21
47.725495180613,8.230338127527,21
47.725403719942,8.243665549246,21
47.725310732382,8.256992927074,21
47.725216217932,8.270320260285,21
47.733896075170,6.564158664073,21
47.733995491832,6.577488111243,21
47.734093381356,6.590817605355,21
47.734189743743,6.604147145683,21
47.734284578992,6.617476731501,21
47.734377887104,6.630806362081,21
47.734666210695,8.203812972166,21
47.734577789424,8.217142741103,21
47.734487841016,8.230472467604,21
47.734396365469,8.243802150940,21
47.734303362785,8.257131790385,21
47.734208832964,8.270461385214,21
47.742988037734,6.577341963885,21
47.743085943176,6.590673720340,21
47.743182321233,6.604005523011,21
47.743277171903,6.617337371172,21
47.743370495188,6.630669264095,21
47.743462291087,6.644001201054,21
47.743745773928,8.190610757663,21
47.743658865665,8.203942830654,21
47.743570430015,8.217274861935,21
47.743480466980,8.230606850778,21
47.743388976559,8.243938796457,21
47.743295958751,8.257270698246,21
47.752078470325,6.590529789180,21
47.752174864051,6.603863854920,21
47.752269730144,6.617197966149,21
47.752363068601,6.630532122141,21
47.752454879425,6.643866322168,21
47.752545162614,6.657200565506,21
47.752823803116,8.177404017685,21
47.752738408357,8.190738394729,21
47.752651485963,8.204072730789,21
47.752563035936,8.217407025138,21
47.752473058273,8.230741277050,21
47.752381552977,8.244075485798,21
47.761167371966,6.603722141408,21
47.761262253479,6.617058516432,21
47.761355607110,6.630394936218,21
47.761447432858,6.643731400039,21
47.761537730724,6.657067907171,21
47.761626500707,6.670404456885,21
47.761713742807,6.683741048455,21
47.761900297281,8.164192750784,21
47.761816416522,8.177529431879,21
47.761731007881,8.190866072717,21
47.761644071358,8.204202672571,21
47.761555606951,8.217539230714,21
47.761465614662,8.230875746420,21
47.770254741677,6.616919022020,21
47.770348110481,6.630257706326,21
47.770439951154,6.643596434667,21
47.770530263696,6.656935206318,21
47.770619048108,6.670274020552,21
47.770706304388,6.683612876641,21
47.770792032537,6.696951773860,21
47.771056093574,8.137637931559,21
47.770975255444,8.150976955508,21
47.770892889183,8.164315940654,21
47.770808994791,8.177654886269,21
47.770723572268,8.190993791626,21
47.770636621614,8.204332656000,21
47.770548142829,8.217671478663,21
47.779340578481,6.630120432465,21
47.779432434079,6.643461426052,21
47.779522761298,6.656802462948,21
47.779611560137,6.670143542427,21
47.779698830597,6.683484663762,21
47.779784572678,6.696825826226,21
47.779868786379,6.710167029093,21
47.780127999514,8.124415303136,21
47.780048676626,8.137756630408,21
47.779967825360,8.151097919603,21
47.779885445714,8.164439169994,21
47.779801537688,8.177780380854,21
47.779716101283,8.191121551457,21
47.779629136499,8.204462681076,21
47.788515223295,6.656669677061,21
47.788604036562,6.670013022510,21
47.788691321202,6.683356409816,21
47.788777077214,6.696699838251,21
47.788861304598,6.710043307088,21
47.788944003355,6.723386815602,21
47.789198366999,8.111188143441,21
47.789120559851,8.124531774034,21
47.789041224075,8.137875367277,21
47.788960359671,8.151218922443,21
47.788877966640,8.164562438804,21
47.788794044981,8.177905915635,21
47.788708594694,8.191249352209,21
47.797596477149,6.669882460801,21
47.797683775969,6.683228114803,21
47.797769545912,6.696573809935,21
47.797853786980,6.709919545468,21
47.797936499172,6.723265320678,21
47.798017682487,6.736611134838,21
47.798267195050,8.097956451022,21
47.798190904138,8.111302384936,21
47.798113084350,8.124648282226,21
47.798033735685,8.137994142165,21
47.797952858145,8.151339964027,21
47.797870451728,8.164685747085,21
47.806676194665,6.683099778724,21
47.806761978540,6.696447741278,21
47.806846233291,6.709795744233,21
47.806928958917,6.723143786865,21
47.807010155419,6.736491868446,21
47.807089822797,6.749839988250,21
47.807167961050,6.763188145550,21
47.807334482690,8.084720224430,21
47.807259708510,8.098068461663,21
47.807183405206,8.111416662999,21
47.807105572778,8.124764827711,21
47.807026211225,8.138112955072,21
47.806945320548,8.151461044356,21
47.815754374863,6.696321632280,21
47.815838643297,6.709671903383,21
47.815921382358,6.723022214162,21
47.816002592047,6.736372563891,21
47.816082272363,6.749722951842,21
47.816160423306,6.763073377289,21
47.816237044877,6.776423839506,21
47.816312137075,6.789774337765,21
47.816471956518,8.058128887220,21
47.816400228940,8.071479462215,21
47.816326971989,8.084830002766,21
47.816252185666,8.098180508147,21
47.816175869970,8.111530977630,21
47.816098024901,8.124881410489,21
47.816018650460,8.138231805998,21
47.824913769261,6.722900602569,21
47.824994992137,6.736253221171,21
47.825074685391,6.749605877995,21
47.825152849024,6.762958572315,21
47.825229483036,6.776311303405,21
47.825304587427,6.789664070537,21
47.825378162197,6.803016872985,21
47.825603322408,8.031528374765,21
47.825534642425,8.044881285342,21
47.825464432821,8.058234162927,21
47.825392693597,8.071587006795,21
47.825319424751,8.084939816220,21
47.825244626284,8.098292590473,21
47.825168298196,8.111645328829,21
47.825090440487,8.124998030562,21
47.833987355455,6.736133840287,21
47.834067061647,6.749488766710,21
47.834145237970,6.762843730628,21
47.834221884424,6.776198731317,21
47.834297001008,6.789553768047,21
47.834370587723,6.802908840094,21
47.834442644569,6.816263946730,21
47.834513171545,6.829619087229,21
47.834662945753,8.018273932502,21
47.834595784489,8.031629144941,21
47.834527093356,8.044984325116,21
47.834456872354,8.058339472300,21
47.834385121482,8.071694585767,21
47.834311840741,8.085049664790,21
47.834237030130,8.098404708642,21
47.843059400900,6.749371617986,21
47.843137589913,6.762728852228,21
47.843214248808,6.776086123241,21
47.843289377585,6.789443430296,21
47.843362976245,6.802800772667,21
47.843435044787,6.816158149627,21
47.843505583211,6.829515560450,21
47.843574591518,6.842873004409,21
47.843642069707,6.856230480777,21
47.843785135709,7.991657405158,21
47.843721023779,8.005014950269,21
47.843655381731,8.018372464569,21
47.843588209565,8.031729947332,21
47.843519507282,8.045087397831,21
47.843449274881,8.058444815339,21
47.843377512363,8.071802199130,21
47.843304219726,8.085159548477,21
47.852206575954,6.775973479177,21
47.852281716924,6.789333057282,21
47.852355327529,6.802692670702,21
47.852427407767,6.816052318712,21
47.852497957640,6.829412000585,21
47.852566977147,6.842771715593,21
47.852634466287,6.856131463011,21
47.852700425062,6.869491242112,21
47.852764853470,6.882851052169,21
47.852901209081,7.965031704767,21
47.852840147478,7.978391580369,21
47.852777555508,7.991751426614,21
47.852713433173,8.005111242774,21
47.852647780471,8.018471028124,21
47.852580597404,8.031830781937,21
47.852511883971,8.045190503485,21
47.852441640171,8.058550192043,21
47.861347641342,6.802584534202,21
47.861419733277,6.815946453987,21
47.861490294597,6.829308407635,21
47.861559325304,6.842670394419,21
47.861626825396,6.856032413612,21
47.861692794874,6.869394464487,21
47.861757233737,6.882756546319,21
47.861820141986,6.896118658380,21
47.861881519621,6.909480799944,21
47.862011162655,7.938396832791,21
47.861953152372,7.951759036703,21
47.861893611474,7.965121212711,21
47.861832539962,7.978483360088,21
47.861769937836,7.991845478108,21
47.861705805096,8.005207566044,21
47.861640141741,8.018569623169,21
47.861572947771,8.031931648757,21
47.861504223188,8.045293642081,21
