45.818897859930,7.086132613928,21
45.818937515721,7.098997573601,21
45.818975697320,7.111862552458,21
45.819012404726,7.124727549772,21
45.819047637938,7.137592564817,21
45.819081396958,7.150457596866,21
45.819113681785,7.163322645193,21
45.814662798279,8.475510750409,21
45.814543241227,8.488373583274,21
45.814422209982,8.501236356843,21
45.814175724912,8.526961723186,21
45.814050271088,8.539824314507,21
45.813923343070,8.552686843626,21
45.813794940860,8.565549309815,21
45.813665064457,8.578411712348,21
45.813533713860,8.591274050498,21
45.813400889071,8.604136323539,21
45.827851757879,7.073207816776,21
45.827892894792,7.086074864193,21
45.827932557264,7.098941931521,21
45.827970745295,7.111809018032,21
45.828007458884,7.124676123001,21
45.828042698032,7.137543245701,21
45.828076462738,7.150410385404,21
45.828108753003,7.163277541385,21
45.823044489356,8.540004729737,21
45.822917539957,8.552869366510,21
45.822789116117,8.565733940354,21
45.822659217835,8.578598450541,21
45.822527845113,8.591462896346,21
45.822394997948,8.604327277042,21
45.822260676343,8.617191591901,21
45.822124880296,8.630055840198,21
45.836846800889,7.073147938781,21
45.836887944730,7.086017094578,21
45.836927613882,7.098886270286,21
45.836965808345,7.111755465177,21
45.837002528117,7.124624678526,21
45.837037773201,7.137493909606,21
45.831911751919,8.553051952228,21
45.831783306449,8.565918634451,21
45.831653386290,8.578785253019,21
45.831521991440,8.591651807204,21
45.831389121901,8.604518296280,21
45.831254777673,8.617384719520,21
45.831118958754,8.630251076197,21
45.830981665146,8.643117365584,21
45.830842896849,8.655983586956,21
45.845755132386,7.047345573013,21
45.845799233032,7.060216795915,21
45.845841858741,7.073088040180,21
45.845883009511,7.085959305083,21
45.845922685343,7.098830589896,21
45.845960886237,7.111701893893,21
45.840516152610,8.591840783072,21
45.840383260696,8.604709381253,21
45.840248893845,8.617577913599,21
45.840113052055,8.630446379381,21
45.839975735327,8.643314777875,21
45.839836943661,8.656183108352,21
45.839696677057,8.669051370087,21
45.854750190245,7.047281434144,21
45.854794298316,7.060154766877,21
45.854836931201,7.073028120973,21
45.854878088900,7.085901495707,21
45.854917771412,7.098774890352,21
45.849377414100,8.604900531962,21
45.849243024625,8.617771174139,21
45.849107159964,8.630641749753,21
45.848969820116,8.643512258077,21
45.848831005083,8.656382698386,21
45.848690714862,8.669253069952,21
45.848548949456,8.682123372048,21
45.863699671548,7.034341852019,21
45.863745262479,7.047217273218,21
45.863789377976,7.060092716507,21
45.863832018038,7.072968181161,21
45.863873182665,7.085843666451,21
45.863912871857,7.098719171653,21
45.858101282249,8.630837187310,21
45.857963919281,8.643709806192,21
45.857825080879,8.656582357057,21
45.857684767043,8.669454839180,21
45.857542977771,8.682327251833,21
45.857399713065,8.695199594290,21
45.872694750251,7.034275557754,21
45.872740348856,7.047153090235,21
45.872784471778,7.060030644807,21
45.872827119016,7.072908220742,21
45.866958032589,8.643907422218,21
45.866819170818,8.656782084366,21
45.866678833365,8.669656677771,21
45.866537020229,8.682531201706,21
45.866393731410,8.695405655446,21
45.866248966907,8.708280038263,21
45.881689842863,7.034209240706,21
45.881735449141,7.047088885195,21
45.881779579488,7.059968551775,21
45.881822233904,7.072848239718,21
45.875813274666,8.656981880312,21
45.875672913597,8.669858585725,21
45.875531076595,8.682735221668,21
45.875387763663,8.695611787416,21
45.875242974799,8.708488282241,21
45.875096710004,8.721364705417,21
45.890637859019,7.021261166471,21
45.890684949151,7.034142900876,21
45.890730563102,7.047024658099,21
45.890774700874,7.059906437412,21
45.884525146638,8.682939311719,21
45.884381809592,8.695817990200,21
45.884236996367,8.708696597759,21
45.884090706962,8.721575133668,21
45.883942941377,8.734453597201,21
45.899632970827,7.021192690400,21
45.899680068880,7.034076538264,21
45.899725690506,7.046960408945,21
45.893375868963,8.696024263799,21
45.893231031376,8.708904984816,21
45.893084717362,8.721785634184,21
45.892936926919,8.734666211176,21
45.892787660048,8.747546715065,21
45.892636916749,8.760427145126,21
45.908628095844,7.021124190820,21
45.908675201819,7.034010152869,21
45.908720831118,7.046896137734,21
45.902225079595,8.709113443413,21
45.902078740970,8.721996206966,21
45.901930925670,8.734878898142,21
45.901781633692,8.747761516216,21
45.901630865039,8.760644060461,21
45.917524575269,6.995279585174,21
45.917574643015,7.008167614318,21
45.917623233836,7.021055667732,21
45.917670347733,7.033943744691,21
45.917715984705,7.046831844467,21
45.911072777555,8.722206852013,21
45.910924937396,8.735091658100,21
45.910775620312,8.747976391084,21
45.910624826303,8.760861050238,21
45.910472555370,8.773745634837,21
45.926569785579,7.008096952086,21
45.926618384571,7.020987121137,21
45.926665506390,7.033877313731,21
45.919918961864,8.735304491048,21
45.919769619674,8.748191339667,21
45.919618800310,8.761078114458,21
45.919466503774,8.773964814692,21
45.935463294065,6.982241768337,21
45.935514856069,6.995134004481,21
45.935564940653,7.008026265622,21
45.935613547814,7.020918551033,21
45.935660677555,7.033810859989,21
45.928912998841,8.735517396987,21
45.928763631545,8.748406361968,21
45.928612786826,8.761295253119,21
45.928460464687,8.774184069715,21
45.928306665126,8.787072811028,21
45.944350869977,6.956378194903,21
45.944510015000,6.995061176695,21
45.944560108001,7.007955554923,21
45.944608723333,7.020849957422,21
45.944655860996,7.033744383464,21
45.937757655691,8.748621457984,21
45.937606785618,8.761512466223,21
45.937454437875,8.774403399905,21
45.937300612463,8.787294258305,21
45.953290001112,6.943402597031,21
45.953400549378,6.969195407590,21
45.953453606634,6.982091852908,21
45.953505185972,6.994988323951,21
45.953555287393,7.007884819991,21
45.953603910895,7.020781340302,21
45.946751691880,8.748836627717,21
45.946600796452,8.761729753768,21
45.946448423106,8.774622805263,21
45.946294571842,8.787515781475,21
45.962285147736,6.943321245176,21
45.962341170240,6.956219755405,21
45.962395714577,6.969118292811,21
45.962448780749,6.982016856667,21
45.962500368754,6.994915446248,21
45.955745739877,8.749051871167,21
45.955594819094,8.761947115755,21
45.955442420145,8.774842285788,21
45.955288543030,8.787737380538,21
45.971163806860,6.917438690914,21
45.971222795605,6.930339263872,21
45.971280305935,6.943239865460,21
45.971336337851,6.956140494952,21
45.971390891352,6.969041151621,21
45.971443966439,6.981941834741,21
45.971495563111,6.994842543585,21
45.964739799450,8.749267188333,21
45.964588853313,8.762164552185,21
45.964436428760,8.775061841481,21
45.964282525794,8.787959055494,21
45.980098479516,6.904450379770,21
45.980158956833,6.917353043359,21
45.980217955487,6.930255736305,21
45.980275475477,6.943158457882,21
45.980331516805,6.956061207363,21
45.980386079470,6.968963984022,21
45.980439163471,6.981866787131,21
45.973733870365,8.749482579215,21
45.973582898873,8.762382063056,21
45.973430448718,8.775281472341,21
45.973276519899,8.788180806344,21
45.989031664057,6.891457827968,21
45.989093630441,6.904362582187,21
45.989154117915,6.917267366491,21
45.989213126477,6.930172180152,21
45.989270656128,6.943077022443,21
45.982576955542,8.762599648370,21
45.982424479784,8.775501178369,21
45.982270525114,8.788402633086,21
45.982115091533,8.801304011794,21
45.998026815452,6.891367878907,21
45.998088792242,6.904274754567,21
45.998149289873,6.917181660310,21
45.998208308343,6.930088595411,21
45.991571023087,8.762817308125,21
45.991418521725,8.775720959565,21
45.991264541204,8.788624535722,21
45.991109081523,8.801528035869,21
46.006958510887,6.878368932068,21
46.007021977490,6.891277899083,21
46.007083964685,6.904186896908,21
46.007144472473,6.917095924817,21
46.007203500852,6.930004982084,21
46.000565101274,8.763035042322,21
46.000412574309,8.775940815928,21
46.000258567937,8.788846514250,21
46.000103082156,8.801752136564,21
46.015953672680,6.878276798589,21
46.016017149937,6.891187888495,21
46.016079147537,6.904099009211,21
46.016139665481,6.917010160012,21
46.009406637302,8.776160747458,21
46.009252605078,8.789068568672,21
46.009097093197,8.801976313877,21
46.024883876834,6.865271451635,21
46.024948844649,6.878184633621,21
46.025012332559,6.891097847143,21
46.025074340565,6.904011091477,21
46.018553288642,8.763470734043,21
46.018400710471,8.776380754156,21
46.018246652395,8.789290698987,21
46.018091114414,8.802200567809,21
46.017934096529,8.815110359894,21
46.033812588974,6.852261856772,21
46.033879047844,6.865177130836,21
46.033944026560,6.878092437163,21
46.034007525124,6.891007775028,21
46.034069543535,6.903923143704,21
46.027394793581,8.776600836022,21
46.027240709654,8.789512905195,21
46.027085145574,8.802424898359,21
46.026928101340,8.815336814787,21
46.042670377298,6.826330680125,21
46.042739808121,6.839248012549,21
46.042807758542,6.852165378690,21
46.042874228562,6.865082777821,21
46.042939218180,6.878000209217,21
46.043002727397,6.890917672150,21
46.036388886401,8.776820993056,21
46.036234776622,8.789735187296,21
46.036079186442,8.802649305528,21
46.035922115860,8.815563347024,21
46.051594610177,6.813310493743,21
46.051665533296,6.826229917516,21
46.051734975766,6.839149375733,21
46.051802937585,6.852068867667,21
46.051869418755,6.864988392592,21
46.051934419276,6.877907949781,21
46.045382988696,8.777041225256,21
46.045228853065,8.789957545291,21
46.045073236785,8.802873789316,21
46.044916139856,8.815789956605,21
46.060517347610,6.800286055102,21
46.060589763522,6.813207570223,21
46.060660698537,6.826129120515,21
46.060730152653,6.839050705251,21
46.060798125871,6.851972323705,21
46.060864618191,6.864893975149,21
46.054377100233,8.777261532625,21
46.054222938751,8.790179979178,21
46.054067296371,8.803098349722,21
46.053910173093,8.816016643530,21
46.053751568918,8.828934859876,21
46.069512497821,6.800180969221,21
46.069584925877,6.813104611587,21
46.069655872786,6.826028289123,21
46.069725338549,6.838952001104,21
46.069793323166,6.851875746802,21
46.063371220779,8.777481915161,21
46.063217033446,8.790402488959,21
46.063061364966,8.803322986747,21
46.062904215340,8.816243407800,21
46.062745584568,8.829163751390,21
46.078580097006,6.813001617833,21
46.078651055811,6.825927423340,21
46.078720533221,6.838853263291,21
46.072211136916,8.790625074632,21
46.072055442336,8.803547700391,21
46.071898266362,8.816470249414,21
46.071739608993,8.829392720974,21
46.087575276678,6.812898588963,21
46.087646247378,6.825826523166,21
46.087715736435,6.838754491812,21
46.087783743848,6.851682494176,21
46.081205248928,8.790847736199,21
46.081049528249,8.803772490653,21
46.080892325927,8.816697168372,21
46.080733641961,8.829621768627,21
46.080573476353,8.842546290694,21
46.096498000173,6.799865496523,21
46.096570464659,6.812795524976,21
46.096641447254,6.825725588600,21
46.096710947957,6.838655686667,21
46.090043622470,8.803997357534,21
46.089886393800,8.816924164674,21
46.089727683238,8.829850894351,21
46.089567490785,8.842777545839,21
46.105565660715,6.812692425872,21
46.105636655205,6.825624619642,21
46.105706167556,6.838556847857,21
46.099037724767,8.804222301034,21
46.098880469749,8.817151238321,21
46.098721732591,8.830080098144,21
46.098561513293,8.843008879779,21
46.114488375841,6.799655002179,21
46.114560864614,6.812589291651,21
46.114631870999,6.825523616294,21
46.114701394996,6.838457975380,21
46.114769436606,6.851392368185,21
46.108031834907,8.804447321153,21
46.107874553540,8.817378389311,21
46.107715789785,8.830309380007,21
46.107555543642,8.843240292514,21
46.123483575205,6.799549701243,21
46.123556076121,6.812486122313,21
46.123627094402,6.825422578554,21
46.123696630046,6.838359069238,21
46.117025952655,8.804672417890,21
46.116868644940,8.817605617646,21
46.116709854589,8.830538739940,21
46.116549581601,8.843471784045,21
46.116387825977,8.856404749233,21
46.116224587717,8.869337634779,21
46.132478781944,6.799444364465,21
46.132551295004,6.812382917859,21
46.132622325180,6.825321506423,21
46.125703926768,8.830768177943,21
46.125543626935,8.843703354371,21
46.125381844218,8.856638451883,21
46.125218578616,8.869573469752,21
46.141473995826,6.799338991845,21
46.141546521030,6.812279678287,21
46.141617563100,6.825220399900,21
46.134537679412,8.843935003492,21
46.134375869601,8.856872234053,21
46.134212576658,8.869809384972,21
46.150469216617,6.799233583382,21
46.150541753964,6.812176403598,21
46.150612807930,6.825119258986,21
46.150682378514,6.838062148818,21
46.143531738797,8.844166731409,21
46.143369901893,8.857106095745,21
46.143206581609,8.870045380438,21
46.159464444083,6.799128139076,21
46.159536993573,6.812073093793,21
46.159608059435,6.825018083681,21
46.152686185225,8.831456960369,21
46.152525804858,8.844398538121,21
46.152363940861,8.857340036957,21
46.152200593235,8.870281456150,21
46.168459677991,6.799022658928,21
46.168532239625,6.811969748871,21
46.161680284573,8.831686710651,21
46.161519877361,8.844630423628,21
46.161357986271,8.857574057690,21
46.161194611303,8.870517612109,21
46.177454918108,6.798917142938,21
46.170513956073,8.844862387931,21
46.170352037890,8.857808157944,21
46.170188635581,8.870753848314,21
46.186450164201,6.798811591105,21
46.179346095484,8.858042337719,21
46.179182665833,8.870990164765,21
46.195445416036,6.798706003430,21
46.188340158821,8.858276597014,21
46.188176701828,8.871226561463,21
46.204440673380,6.798600379912,21
46.204513283589,6.811556018013,21
46.197334227666,8.858510935831,21
46.197170743332,8.871463038408,21
46.213435936000,6.798494720552,21
46.206328301787,8.858745354168,21
46.206164790112,8.871699595599,21
46.222431203662,6.798389025349,21
46.215322380950,8.858979852027,21
46.215158841934,8.871936233036,21
46.231426476132,6.798283294304,21
46.224152898564,8.872172950720,21
46.240421753178,6.798177527417,21
46.233146959770,8.872409748650,21
46.242141025319,8.872646626827,21
46.251135094976,8.872883585250,21
46.260129168509,8.873120623920,21
46.269286948750,8.860388509116,21
46.269123245684,8.873357742836,21
46.278281056675,8.860623563621,21
46.278117326268,8.873594941999,21
46.287275167776,8.860858697646,21
46.287111410028,8.873832221407,21
46.303388801017,6.797436155616,21
46.296269281820,8.861093911192,21
46.296105496729,8.874069581063,21
46.312384106268,6.797330101989,21
46.305263398572,8.861329204260,21
46.305099586140,8.874307020965,21
46.321379413994,6.797224012519,21
46.314257517799,8.861564576848,21
46.314093678026,8.874544541113,21
46.330374723963,6.797117887207,21
46.323251639269,8.861800028957,21
46.323087772155,8.874782141508,21
46.339370035940,6.797011726053,21
46.332245762748,8.862035560587,21
46.332081868292,8.875019822149,21
46.348365349693,6.796905529056,21
46.348438154197,6.809895475879,21
46.341239888003,8.862271171738,21
46.341075966205,8.875257583037,21
46.357360664988,6.796799296217,21
46.350234014799,8.862506862410,21
46.350070065660,8.875495424171,21
46.366355981592,6.796693027535,21
46.366428810383,6.809687276008,21
46.359390630044,8.849751840011,21
46.359228142905,8.862742632602,21
46.359064166424,8.875733345551,21
46.375351299271,6.796586723011,21
46.368222272086,8.862978482316,21
46.368058268263,8.875971347178,21
46.384346617793,6.796480382644,21
46.384419470871,6.809478935670,21
46.377216402109,8.863214411550,21
46.377052370945,8.876209429051,21
46.393341936924,6.796374006435,21
46.393414802145,6.809374712825,21
46.386210532741,8.863450420305,21
46.386046474236,8.876447591171,21
46.402337256430,6.796267594384,21
46.402410133795,6.809270454864,21
46.402481520826,6.822273350515,21
46.395204663749,8.863686508582,21
46.395040577902,8.876685833538,21
46.411332576078,6.796161146490,21
46.411405465587,6.809166161786,21
46.411476864513,6.822171212252,21
46.404198794899,8.863922676379,21
46.404034681710,8.876924156150,21
46.420327895636,6.796054662754,21
46.420400797288,6.809061833590,21
46.420472208109,6.822069039598,21
46.413192925957,8.864158923697,21
46.413028785428,8.877162559010,21
46.429323214868,6.795948143175,21
46.429396128664,6.808957470278,21
46.429467551380,6.821966832553,21
46.422187056692,8.864395250535,21
46.422022888820,8.877401042115,21
46.438318533544,6.795841587753,21
46.438391459483,6.808853071849,21
46.431343890753,8.851623628680,21
46.431181186868,8.864631656895,21
46.431016991656,8.877639605467,21
46.447313851427,6.795734996490,21
46.447386789510,6.808748638304,21
46.440338047232,8.851857956843,21
46.440175316254,8.864868142776,21
46.440011093699,8.877878249066,21
46.456309168287,6.795628369384,21
46.456382118513,6.808644169641,21
46.456453576915,6.821660005069,21
46.449332202686,8.852092363801,21
46.449169444615,8.865104708177,21
46.449005194719,8.878116972911,21
46.465304483889,6.795521706435,21
46.465377446258,6.808539665861,21
46.465448916555,6.821557660458,21
46.458326356882,8.852326849555,21
46.458163571718,8.865341353100,21
46.457999294481,8.878355777002,21
46.474299797999,6.795415007644,21
46.474372772513,6.808435126965,21
46.474444254704,6.821455281456,21
46.467641657139,8.826527851203,21
46.467481829524,8.839544671748,21
46.467320509588,8.852561414103,21
46.467157697330,8.865578077543,21
46.466993392751,8.878594661340,21
46.483295110386,6.795308273010,21
46.483368097042,6.808330552951,21
46.483439591129,6.821352868063,21
46.483509592647,6.834375217619,21
46.476635861561,8.826758173307,21
46.476476007349,8.839777154472,21
46.476314660569,8.852796057447,21
46.476151821218,8.865814881507,21
46.475987489298,8.878833625924,21
46.492290420814,6.795201502534,21
46.492363419614,6.808225943821,21
46.492434925596,6.821250420279,21
46.492504938761,6.834274931180,21
46.485630064025,8.826988572755,21
46.485470183217,8.840009715265,21
46.485308809592,8.853030779587,21
46.485145943148,8.866051764992,21
46.501285729051,6.795094696216,21
46.501358739995,6.808121299574,21
46.501430257872,6.821147938103,21
46.501500282683,6.834174611075,21
46.494624264298,8.827219049547,21
46.494464356894,8.840242354129,21
46.494302956424,8.853265580522,21
46.494140062887,8.866288727998,21
46.493975676283,8.879311795832,21
46.510281034864,6.794987854055,21
46.510354057951,6.808016620210,21
46.510425587724,6.821045421535,21
46.510495624182,6.834074257305,21
46.503618462147,8.827449603684,21
46.503458528147,8.840475071062,21
46.503297100831,8.853500460252,21
46.503134180201,8.866525770525,21
46.519276338019,6.794880976052,21
46.519349373250,6.807911905729,21
46.519420914918,6.820942870577,21
46.519490963022,6.833973869868,21
46.519559517564,6.847004902878,21
46.512771124373,8.814652526801,21
46.512612657338,8.827680235164,21
46.512452696741,8.840707866065,21
46.512291242581,8.853735418777,21
46.512128294858,8.866762892573,21
46.528344685657,6.807807156131,21
46.528416239220,6.820840285227,21
46.528486298972,6.833873448766,21
46.528554864912,6.846906646023,21
46.521765343021,8.814881071378,21
46.521606849638,8.827910943989,21
46.521446862445,8.840940739138,21
46.521285381439,8.853970456098,21
46.537339994940,6.807702371417,21
46.537411560398,6.820737665486,21
46.537481631797,6.833772993999,21
46.537550209136,6.846808356229,21
46.530916584216,8.802077578252,21
46.530759558545,8.815109692573,21
46.530601038814,8.828141730158,21
46.530441025024,8.841173690281,21
46.530279517174,8.854205572214,21
46.546406878219,6.820635011353,21
46.546476961264,6.833672505565,21
46.546545550001,6.846710033494,21
46.546612644430,6.859747594414,21
46.539910822481,8.802304110368,21
46.539753770710,8.815338390388,21
46.539595224632,8.828372593672,21
46.539435184245,8.841406719493,21
46.555402192448,6.820532322829,21
46.555472287140,6.833571983466,21
46.555540887276,6.846611677820,21
46.555607992855,6.859651405164,21
46.549060640470,8.789494195922,21
46.548905057156,8.802530718376,21
46.548747979285,8.815567164821,21
46.548589406858,8.828603534529,21
46.548429339875,8.841639826775,21
46.564397502853,6.820429599914,21
46.564467609192,6.833471427700,21
46.564536220726,6.846513289205,21
46.564603337456,6.859555183699,21
46.558054897172,8.789718712674,21
46.557899288006,8.802757402278,21
46.557742184036,8.815796015873,21
46.557583585260,8.828834552731,21
46.573392809200,6.820326842607,21
46.573462927186,6.833370838270,21
46.573531550119,6.846414867649,21
46.573598677998,6.859458930020,21
46.573664310825,6.872503024654,21
46.573728448599,6.885547150826,21
46.567203289780,8.776902371831,21
46.567049149816,8.789943304593,21
46.566893514799,8.802984162073,21
46.566736384728,8.816024943543,21
46.582458240889,6.833270215173,21
46.582526875220,6.846316413154,21
46.582594014250,6.859362644125,21
46.582659657978,6.872408907361,21
46.582723806405,6.885455202134,21
46.576197563736,8.777124870316,21
46.576043398169,8.790167971680,21
46.575887737300,8.803210997760,21
46.575730581130,8.816253947832,21
46.575571929658,8.829296821168,21
46.591522195797,6.846217925718,21
46.591589345977,6.859266326016,21
46.591655000607,6.872314758579,21
46.591719159688,6.885363222679,21
46.591781823219,6.898411717589,21
46.585191833168,8.777347443243,21
46.585037641997,8.790392713934,21
46.584881955277,8.803437909341,21
46.584724773007,8.816483028740,21
46.600584672946,6.859169975693,21
46.600650338478,6.872220578308,21
46.600714508212,6.885271212460,21
46.600777182149,6.898321877422,21
46.600838360287,6.911372572469,21
46.594186097841,8.777570090613,21
46.594031881068,8.790617531355,21
46.593876168496,8.803664896815,21
46.593718960126,8.816712186266,21
46.609579994924,6.859073593155,21
46.609645671358,6.872126366547,21
46.609709851746,6.885179171477,21
46.609772536087,6.898232007218,21
46.609833724382,6.911284873042,21
46.603333103855,8.764743126348,21
46.603180357524,8.777792812424,21
46.603026115147,8.790842423945,21
46.602870376724,8.803891960183,21
46.602713142254,8.816941420411,21
46.618640999014,6.872032123298,21
46.618705190055,6.885087099731,21
46.618767884801,6.898142106975,21
46.618829083253,6.911197144303,21
46.612628438155,8.738859815176,21
46.612478659058,8.751911819688,21
46.612327383668,8.764963751097,21
46.612174611982,8.778015608678,21
46.612020344002,8.791067391702,21
46.611864579727,8.804119099443,21
46.627636321211,6.871937848559,21
46.627700522906,6.884994997221,21
46.627763228058,6.898052176695,21
46.627824436666,6.911109386252,21
46.627884148732,6.924166625166,21
46.621622762474,8.739076169184,21
46.621472958520,8.752130345925,21
46.621321658023,8.765184449564,21
46.621168860983,8.778238479373,21
46.621014567399,8.791292434626,21
46.636695850066,6.884902863948,21
46.636758565623,6.897962216376,21
46.636819784389,6.911021598888,21
46.636879506363,6.924081010756,21
46.630617081103,8.739292595458,21
46.630467252291,8.752348945154,21
46.630315926687,8.765405221747,21
46.630163104292,8.778461424510,21
46.645691171302,6.884810699912,21
46.645753897264,6.897872226019,21
46.645815126186,6.910933782211,21
46.645874858069,6.923995367760,21
46.645933092912,6.937056981940,21
46.639906610030,8.713391830844,21
46.639759750439,8.726450498246,21
46.639611393808,8.739509093997,21
46.639461540137,8.752567617373,21
46.639310189427,8.765626067646,21
46.639157341677,8.778684444090,21
46.654749222747,6.897782205625,21
46.654810461826,6.910845936222,21
46.654870203617,6.923909696177,21
46.654928448121,6.936973484762,21
46.654985195336,6.950037301252,21
46.648900965548,8.713604052838,21
46.648754081595,8.726664894644,21
46.648605700354,8.739725664802,21
46.648455821825,8.752786362583,21
46.648304446009,8.765846987262,21
46.663744541839,6.897692155192,21
46.663805791075,6.910758060921,21
46.663865542775,6.923823996007,21
46.663923796938,6.936889959723,21
46.663980553565,6.949955951344,21
46.658184638694,8.687690099728,21
46.658040725453,8.700753257784,21
46.657895314675,8.713816345645,21
46.657748406360,8.726879362583,21
46.657600000510,8.739942307871,21
46.657450097123,8.753005180784,21
46.672801113699,6.910670156307,21
46.672860875308,6.923738267250,21
46.672919139131,6.936806406823,21
46.672975905170,6.949874574300,21
46.667179029175,8.687898111636,21
46.667035092068,8.700963445549,21
46.666889657177,8.714028709266,21
46.666742724501,8.727093902061,21
46.666594294041,8.740159023206,21
46.681796429466,6.910582222381,21
46.681856200983,6.923652509906,21
46.681914474466,6.936722826061,21
46.681971249917,6.949793170121,21
46.682026527335,6.962863541358,21
46.676456840641,8.661970964234,21
46.676315875735,8.675038612942,21
46.676173412797,8.688106192907,21
46.676029451826,8.701173703402,21
46.675883992822,8.714241143702,21
46.675737035784,8.727308513079,21
46.690791738141,6.910494259142,21
46.690851519567,6.923566723975,21
46.690909802710,6.936639217438,21
46.690966587573,6.949711738806,21
46.691021874154,6.962784287351,21
46.691075662454,6.975856862347,21
46.685451264157,8.662174760252,21
46.685310275883,8.675244586268,21
46.685167789329,8.688314343541,21
46.685023804492,8.701384031344,21
46.684878321375,8.714453648952,21
46.684731339976,8.727523195637,21
46.699846830826,6.923480909457,21
46.699905123630,6.936555580954,21
46.699961917905,6.949630280355,21
46.700017213649,6.962705006934,21
46.700071010864,6.975779759963,21
46.694585193461,8.649306552118,21
46.694445680349,8.662378624183,21
46.694304668707,8.675450628232,21
46.694162158536,8.688522563538,21
46.694018149835,8.701594429375,21
46.708957240678,6.949548794769,21
46.709012545586,6.962625700106,21
46.709066351717,6.975702631894,21
46.709118659069,6.988779589406,21
46.703579625214,8.649508305201,21
46.703440088982,8.662582556025,21
46.703299053973,8.675656738833,21
46.703156520185,8.688730852899,21
46.717952555661,6.949467282046,21
46.718007869733,6.962546366868,21
46.718061684778,6.975625478141,21
46.718114000797,6.988704615137,21
46.718164817790,7.001783777131,21
46.712712109502,8.636633627873,21
46.712574049177,8.649710125471,21
46.712434489825,8.662786555780,21
46.712293431447,8.675862918072,21
46.726947862619,6.949385742188,21
46.727003185854,6.962467007220,21
46.727057009815,6.975548298703,21
46.727109334501,6.988629615910,21
46.727160159912,7.001710958114,21
46.727209486048,7.014792324588,21
46.721843132234,8.623754590748,21
46.721706548312,8.636833335119,21
46.721568465115,8.649912012927,21
46.721428882644,8.662990623446,21
46.721287800897,8.676069165949,21
46.735998493718,6.962387621162,21
46.736052326594,6.975471093580,21
46.736104659947,6.988554591723,21
46.736155493776,7.001638114862,21
46.736204828083,7.014721662273,21
46.736252662867,7.027805233227,21
46.731106299931,8.597790136126,21
46.730972692431,8.610871192377,21
46.730837585409,8.623952183520,21
46.730700978864,8.637033108826,21
46.730562872796,8.650113967570,21
46.730423267204,8.663194759024,21
46.730282162090,8.676275482463,21
46.745047634882,6.975393862773,21
46.745099976901,6.988479542577,21
46.745150819150,7.001565247378,21
46.745200161626,7.014650976449,21
46.745248004332,7.027736729065,21
46.745294347266,7.040822504498,21
46.745339190429,7.053908302021,21
46.740232918970,8.584900129014,21
46.740100789116,8.597983431310,21
46.739967159490,8.611066669223,21
46.739832030093,8.624149842027,21
46.739695400925,8.637232948994,21
46.739557271985,8.650315989399,21
46.739417643274,8.663398962515,21
46.754095285132,6.988404468471,21
46.754146135798,7.001492355659,21
46.754195486445,7.014580267118,21
46.754243337073,7.027668202120,21
46.754289687681,7.040756159940,21
46.754334538269,7.053844139850,21
46.754377888837,7.066932141124,21
46.749227421309,8.585091306096,21
46.749095269577,8.598176790779,21
46.748961617825,8.611262211078,21
46.748826466053,8.624347566269,21
46.748689814261,8.637432855623,21
46.748551662450,8.650518078415,21
46.763190802307,7.014509534278,21
46.763238660856,7.027599652393,21
46.763285019137,7.040689793325,21
46.763329877150,7.053779956347,21
46.763373234896,7.066870140734,21
46.758352588034,8.572194815286,21
46.758221914691,8.585282546737,21
46.758089741080,8.598370214531,21
46.757956067201,8.611457817943,21
46.757820893054,8.624545356246,21
46.772233975448,7.027531079883,21
46.772280341403,7.040623404653,21
46.772325206841,7.053715751513,21
46.772368571763,7.066808119738,21
46.772410436169,7.079900508600,21
46.767347093854,8.572383935647,21
46.767216398881,8.585473850936,21
46.767084203392,8.598563702568,21
46.766950507387,8.611653489818,21
46.781275654244,7.040556993924,21
46.781320527107,7.053651525348,21
46.781363899206,7.066746078136,21
46.781405770540,7.079840651562,21
46.776598521160,8.546388731076,21
46.776470806087,8.559480956060,21
46.776341590249,8.572573118841,21
46.776210873647,8.585665218693,21
46.776078656279,8.598757254889,21
46.775944938148,8.611849226703,21
46.790270957427,7.040490561139,21
46.790315837716,7.053587277852,21
46.790359216991,7.066684015929,21
46.790401095254,7.079780774643,21
46.790441472504,7.092877553268,21
46.785844019786,8.520384602278,21
46.785719285606,8.533479134776,21
46.785593050412,8.546573606525,21
46.785465314206,8.559668016798,21
46.785336076987,8.572762364869,21
46.785205338754,8.585856650010,21
46.785073099509,8.598950871495,21
46.799311138433,7.053523009024,21
46.799354524885,7.066621933115,21
46.799396410077,7.079720877844,21
46.799436794006,7.092819842484,21
46.799475676675,7.105918826307,21
46.799513058082,7.119017828588,21
46.795203837551,8.481274654312,21
46.795083586518,8.494371550713,21
46.794961834224,8.507468388545,21
46.794838580669,8.520565167080,21
46.794713825852,8.533661885593,21
46.794587569774,8.546758543357,21
46.794459812434,8.559855139644,21
46.794330553833,8.572951673729,21
46.794199793971,8.586048144885,21
46.794067532848,8.599144552384,21
46.808306429026,7.053458718864,21
46.808349822655,7.066559829696,21
46.808391714775,7.079660961165,21
46.808432105385,7.092762112545,21
46.808470994485,7.105863283109,21
46.808508382076,7.118964472130,21
46.808544268157,7.132065678881,21
46.808578652728,7.145166902637,21
46.804434486048,8.455250379741,21
46.804317218143,8.468349577841,21
46.804198448729,8.481448718825,21
46.804078177804,8.494547801966,21
46.803956405370,8.507646826538,21
46.803833131427,8.520745791813,21
46.803708355973,8.533844697066,21
46.803582079011,8.546943541570,21
46.803454300538,8.560042324598,21
46.803325020556,8.573141045423,21
46.817387009115,7.079601024606,21
46.817427406405,7.092704363451,21
46.817466301938,7.105807721481,21
46.817503695712,7.118911097967,21
46.817539587728,7.132014492185,21
46.817573977986,7.145117903406,21
46.817606866486,7.158221330905,21
46.813659195232,8.429217187505,21
46.813544911448,8.442318685122,21
46.813429125906,8.455420127077,21
46.813311838606,8.468521512643,21
46.813193049549,8.481622841092,21
46.813072758733,8.494724111699,21
46.812950966159,8.507825323736,21
46.812827671827,8.520926476477,21
46.812702875737,8.534027569196,21
46.812576577890,8.547128601166,21
46.826422696835,7.092646595203,21
46.826461598799,7.105752141424,21
46.826498998757,7.118857706102,21
46.826534896708,7.131963288510,21
46.826569292653,7.145068887923,21
46.826602186592,7.158174503613,21
46.826633578524,7.171280134853,21
46.826663468450,7.184385780918,21
46.822987758551,8.390071230626,21
46.822766663219,8.416278874017,21
46.822653862543,8.429382614762,21
46.822539559861,8.442486300570,21
46.822423755173,8.455589930716,21
46.822306448478,8.468693504473,21
46.822187639777,8.481797021113,21
46.822067329070,8.494900479911,21
46.821945516356,8.508003880140,21
46.835494290977,7.118804296532,21
46.835530194863,7.131912067858,21
46.835564596495,7.145019856187,21
46.835597495873,7.158127660794,21
46.835628892995,7.171235480951,21
46.835658787863,7.184343315932,21
46.835687180476,7.197451165011,21
46.835714070835,7.210559027460,21
46.832197593111,8.364017913736,21
46.831982470243,8.390230145984,21
46.831872655427,8.403336183338,21
46.831761338356,8.416442167209,21
46.831648519030,8.429548096870,21
46.831534197450,8.442653971595,21
46.831418373615,8.455759790658,21
46.831301047526,8.468865553331,21
46.831182219182,8.481971258889,21
46.844525481961,7.131860830227,21
46.844559889280,7.144970808199,21
46.844592794096,7.158080802448,21
46.844624196408,7.171190812247,21
46.844654096218,7.184300836871,21
46.844682493525,7.197410875592,21
46.844709388328,7.210520927684,21
46.844734780629,7.223630992420,21
46.844758670427,7.236741069073,21
46.841297654766,8.351064119401,21
46.841192329306,8.364172502485,21
46.841085501343,8.377280834266,21
46.840977170876,8.390389114018,21
46.840867337907,8.403497341014,21
46.840756002435,8.416605514527,21
46.840643164460,8.429713633830,21
46.840528823981,8.442821698198,21
46.853588081028,7.158033928575,21
46.853619488530,7.171146128742,21
46.853649393282,7.184258343734,21
46.853677795282,7.197370572823,21
46.853704694531,7.210482815283,21
46.853730091029,7.223595070386,21
46.853753984775,7.236707337407,21
46.853776375770,7.249819615619,21
46.853797264013,7.262931904294,21
46.853816649505,7.276044202707,21
46.850498574561,8.324995271102,21
46.850396237196,8.338105944979,21
46.850292397078,8.351216569006,21
46.850187054210,8.364327142458,21
46.850080208590,8.377437664607,21
46.849971860219,8.390548134727,21
46.849862009097,8.403658552090,21
46.849750655223,8.416768915971,21
46.849637798598,8.429879225643,21
46.849523439221,8.442989480378,21
46.862644678822,7.184215836521,21
46.862673085515,7.197330256704,21
46.862699989209,7.210444690257,21
46.862725389904,7.223559136454,21
46.862749287598,7.236673594568,21
46.862771682293,7.249788063873,21
46.862792573989,7.262902543642,21
46.862811962684,7.276017033149,21
46.859493339420,8.325143389019,21
46.859390985143,8.338256253989,21
46.859287127866,8.351369069110,21
46.859181767590,8.364481833655,21
46.859074904313,8.377594546898,21
46.858966538037,8.390707208111,21
46.858856668762,8.403819816568,21
46.858745296486,8.416932371542,21
46.871720677021,7.223523190622,21
46.871744578664,7.236639840555,21
46.871766977059,7.249756501680,21
46.871787872206,7.262873173268,21
46.871807264106,7.275989854593,21
46.871825152757,7.289106544929,21
46.871841538160,7.302223243549,21
46.868688325155,8.299061295763,21
46.868588960462,8.312176450071,21
46.868488092522,8.325291555983,21
46.868385721333,8.338406612773,21
46.868281846896,8.351521619713,21
46.868176469211,8.364636576077,21
46.880762259834,7.249724929038,21
46.880783158433,7.262843793171,21
46.880802553536,7.275962667040,21
46.880820445142,7.289081549921,21
46.880836833252,7.302200441086,21
46.880851717866,7.315319339808,21
46.880865098983,7.328438245360,21
46.880876976604,7.341557157017,21
46.880887350729,7.354676074051,21
46.877972221688,8.259852803019,21
46.877877351070,8.272970290699,21
46.877780976955,8.286087732164,21
46.877683099343,8.299205126686,21
46.877583718236,8.312322473539,21
46.877482833632,8.325439771995,21
46.877380445531,8.338557021329,21
46.877276553935,8.351674220814,21
46.889778432435,7.262814403351,21
46.889797830741,7.275935470491,21
46.889815725303,7.289056546642,21
46.889832116120,7.302177631076,21
46.889847003192,7.315298723069,21
46.889860386520,7.328419821891,21
46.889872266102,7.341540926818,21
46.889882641941,7.354662037122,21
46.889891514034,7.367783152077,21
46.889898882383,7.380904270955,21
46.889904746987,7.394025393031,21
46.887671986906,8.155031077546,21
46.887331539114,8.207510930298,21
46.887242667804,8.220630788846,21
46.887152292749,8.233750604085,21
46.887060413950,8.246870375288,21
46.886967031406,8.259990101728,21
46.886872145118,8.273109782678,21
46.886775755085,8.286229417413,21
46.886677861307,8.299349005205,21
46.886578463785,8.312468545328,21
46.886477562517,8.325588037055,21
46.886375157506,8.338707479659,21
46.898793095489,7.275908264945,21
46.898810993006,7.289031535091,21
46.898827386530,7.302154813522,21
46.898842276061,7.315278099509,21
46.898855661598,7.328401392328,21
46.898867543143,7.341524691250,21
46.898877920695,7.354647995550,21
46.898886794253,7.367771304500,21
46.898894163819,7.380894617374,21
46.898900029392,7.394017933446,21
46.898904390971,7.407141251989,21
46.898907248558,7.420264572275,21
46.898908602152,7.433387893579,21
46.896748266607,8.142028611519,21
46.896666900585,8.155150869709,21
46.896584030571,8.168273088224,21
46.896499656564,8.181395266336,21
46.896413778563,8.194517403318,21
46.896326396570,8.207639498444,21
46.896237510584,8.220761550988,21
46.896147120605,8.233883560222,21
46.896055226632,8.247005525421,21
46.895961828667,8.260127445856,21
46.895866926709,8.273249320803,21
46.895770520757,8.286371149533,21
46.895672610813,8.299492931321,21
46.895573196876,8.312614665439,21
46.907850923986,7.328382956669,21
46.907862807492,7.341508450313,21
46.907873186757,7.354633949334,21
46.907882061781,7.367759453006,21
46.907889432564,7.380884960601,21
46.907895299105,7.394010471394,21
46.907899661405,7.407135984658,21
46.907902519463,7.420261499665,21
46.907903873281,7.433387015690,21
46.907903722856,7.446512532006,21
46.907902068191,7.459638047885,21
46.905901427218,8.115897226632,21
46.905823056244,8.129021756716,21
46.905743181029,8.142146248577,21
46.905661801573,8.155270701488,21
46.905578917876,8.168395114724,21
46.905494529937,8.181519487557,21
46.905408637757,8.194643819260,21
46.905321241335,8.207768109108,21
46.905232340673,8.220892356373,21
46.905141935768,8.234016560328,21
46.905050026623,8.247140720248,21
46.904956613236,8.260264835405,21
46.904861695608,8.273388905073,21
46.904765273739,8.286512928524,21
46.916868439896,7.354619898475,21
46.916877316385,7.367747597593,21
46.916884688384,7.380875300635,21
46.916890555894,7.394003006875,21
46.916894918914,7.407130715585,21
46.916897777444,7.420258426040,21
46.916899131485,7.433386137511,21
46.916898981036,7.446513849274,21
46.916897326097,7.459641560600,21
46.916894166669,7.472769270764,21
46.916889502751,7.485896979038,21
46.916883334343,7.499024684697,21
46.915122479638,8.076630113025,21
46.915048609195,8.089756948864,21
46.914973234263,8.102883748659,21
46.914896354841,8.116010511686,21
46.914817970929,8.129137237216,21
46.914738082528,8.142263924524,21
46.914656689637,8.155390572882,21
46.914573792256,8.168517181565,21
46.914489390386,8.181643749844,21
46.914403484026,8.194770276995,21
46.914316073176,8.207896762289,21
46.914227157837,8.221023205001,21
46.914044813689,8.247275959770,21
46.913951384881,8.260402270373,21
46.925890163265,7.407125444772,21
46.925893022267,7.420255351398,21
46.925894376532,7.433385259043,21
46.925894226058,7.446515166977,21
46.925892570846,7.459645074476,21
46.925889410896,7.472774980812,21
46.925884746208,7.485904885259,21
46.925878576783,7.499034787089,21
46.924654321946,7.971703380579,21
46.924117431427,8.076736847001,21
46.924043548792,8.089865879011,21
46.923968161418,8.102994874979,21
46.923891269306,8.116123834178,21
46.923812872456,8.129252755881,21
46.923732970868,8.142381639361,21
46.923651564543,8.155510483892,21
46.923568653479,8.168639288746,21
46.923398317137,8.194896776521,21
46.934889608187,7.433384380283,21
46.934889457688,7.446516485116,21
46.934887802203,7.459648589513,21
46.934884641732,7.472780692747,21
46.934879976274,7.485912794091,21
46.934873805831,7.499044892820,21
46.934866130400,7.512176988206,21
46.934856949984,7.525309079522,21
46.934846264581,7.538441166043,21
46.934834074191,7.551573247041,21
46.934820378816,7.564705321789,21
46.933768543867,7.945529504672,21
46.933709698902,7.958661054041,21
46.933649348950,7.971792574633,21
46.933587494011,7.984924065723,21
46.933524134087,7.998055526584,21
46.933459269176,8.011186956488,21
46.933392899279,8.024318354710,21
46.933255644525,8.050581053200,21
46.933184759669,8.063712352014,21
46.933112369826,8.076843616238,21
46.933038474997,8.089974845147,21
46.932963075182,8.103106038013,21
46.932886170380,8.116237194109,21
46.932807760592,8.129368312710,21
46.932727845818,8.142499393088,21
46.943879858944,7.472786406567,21
46.943875192716,7.485920705536,21
46.943869021254,7.499055001888,21
46.943861344557,7.512189294897,21
46.943852162626,7.525323583837,21
46.943841475460,7.538457867981,21
46.943829283059,7.551592146602,21
46.943815585423,7.564726418974,21
46.943800382553,7.577860684370,21
46.943783674448,7.590994942064,21
46.942820926356,7.932480557896,21
46.942763576915,7.945614332937,21
46.942704722239,7.958748079929,21
46.942644362329,7.971881798145,21
46.942582497184,7.985015486859,21
46.942519126805,7.998149145343,21
46.942454251191,8.011282772871,21
46.942387870342,8.024416368716,21
46.942319984259,8.037549932152,21
46.942250592940,8.050683462452,21
46.942179696388,8.063816958889,21
46.942107294600,8.076950420738,21
46.942033387578,8.090083847270,21
46.941957975321,8.103217237759,21
46.941881057830,8.116350591479,21
46.952864222820,7.499065114293,21
46.952856544856,7.512201605651,21
46.952847361410,7.525338092940,21
46.952836672481,7.538474575433,21
46.952824478069,7.551611052404,21
46.952810778173,7.564747523125,21
46.952795572795,7.577883986870,21
46.952778861934,7.591020442912,21
46.952760645589,7.604156890525,21
46.952740923762,7.617293328982,21
46.951978998816,7.893155134618,21
46.951926156362,7.906291187796,21
46.951871808426,7.919427215105,21
46.951815955007,7.932563215818,21
46.951758596105,7.945699189208,21
46.951699731719,7.958835134550,21
46.951639361851,7.971971051115,21
46.951577486500,7.985106938177,21
46.951514105665,7.998242795010,21
46.951449219348,8.011378620887,21
46.951382827548,8.024514415081,21
46.951314930264,8.037650176866,21
46.951245527498,8.050785905515,21
46.951174619249,8.063921600302,21
46.951102205517,8.077057260499,21
46.961859410294,7.499075230036,21
46.961851731065,7.512213920469,21
46.961842546103,7.525352606832,21
46.961831855411,7.538491288400,21
46.961819658987,7.551629964445,21
46.961805956832,7.564768634241,21
46.961790748946,7.577907297060,21
46.961774035328,7.591045952177,21
46.961755815979,7.604184598865,21
46.961736090898,7.617323236396,21
46.961714860086,7.630461864045,21
46.961692123543,7.643600481085,21
46.961667881269,7.656739086788,21
46.961025385709,7.880092945202,21
46.960974040270,7.893231222597,21
46.960921189101,7.906369474850,21
46.960866832199,7.919507701234,21
46.960810969567,7.932645901021,21
46.960753601203,7.945784073486,21
46.960694727108,7.958922217902,21
46.960634347282,7.972060333542,21
46.960572461724,7.985198419678,21
46.960509070435,7.998336475586,21
46.960444173414,8.011474500538,21
46.960377770662,8.024612493807,21
46.960309862179,8.037750454666,21
46.960240447965,8.050888382390,21
46.960169528019,8.064026276251,21
46.960097102342,8.077164135522,21
46.970801121166,7.564789752322,21
46.970785910772,7.577930614941,21
46.970769194397,7.591071469858,21
46.970750972044,7.604212316346,21
46.970731243710,7.617353153678,21
46.970710009397,7.630493981127,21
46.970687269104,7.643634797967,21
46.970663022831,7.656775603470,21
46.970637270579,7.669916396911,21
46.970610012347,7.683057177563,21
46.970485919622,7.735620157743,21
46.970254601145,7.814464120800,21
46.970118611181,7.853885831573,21
46.970070269234,7.867026356874,21
46.970020421307,7.880166858485,21
46.969969067401,7.893307335681,21
46.969916207514,7.906447787734,21
46.969861841648,7.919588213918,21
46.969805969803,7.932728613506,21
46.969304779770,8.037850765551,21
46.969235354107,8.050990893075,21
46.979746113551,7.604240042970,21
46.979726381964,7.617383080827,21
46.979705144149,7.630526108802,21
46.979682400106,7.643669126167,21
46.979658149835,7.656812132196,21
46.979632393337,7.669955126163,21
46.979605130610,7.683098107340,21
46.979576361655,7.696241075002,21
46.979546086472,7.709384028421,21
46.979514305061,7.722526966870,21
46.979481017423,7.735669889623,21
46.979446223556,7.748812795954,21
46.979409923461,7.761955685135,21
46.979372117138,7.775098556441,21
46.979332804587,7.788241409143,21
46.979291985809,7.801384242517,21
46.979249660802,7.814527055834,21
46.979205829567,7.827669848369,21
46.979160492104,7.840812619394,21
46.979113648413,7.853955368184,21
46.979065298495,7.867098094010,21
46.979015442348,7.880240796148,21
46.978964079973,7.893383473869,21
46.978911211370,7.906526126448,21
46.978856836539,7.919668753157,21
46.988700264110,7.630558247069,21
46.988677516318,7.643703465686,21
46.988653262049,7.656848672967,21
46.988627501303,7.669993868185,21
46.988600234082,7.683139050613,21
46.988571460384,7.696284219526,21
46.988541180210,7.709429374196,21
46.988509393559,7.722574513896,21
46.988476100432,7.735719637901,21
46.988441300829,7.748864745483,21
46.988404994749,7.762009835915,21
46.988367182193,7.775154908472,21
46.988327863161,7.788299962426,21
46.988287037652,7.801444997051,21
46.988244705667,7.814590011619,21
46.988200867206,7.827735005405,21
46.988155522268,7.840879977682,21
46.988108670854,7.854024927722,21
46.988060312964,7.867169854800,21
46.988010448597,7.880314758189,21
46.997648359238,7.656885225781,21
46.997622594246,7.670032622976,21
46.997595322529,7.683180007381,21
46.997566544088,7.696327378271,21
46.997536258922,7.709474734917,21
46.997504467032,7.722622076595,21
46.997471168417,7.735769402576,21
46.997436363077,7.748916712135,21
46.997400051012,7.762064004544,21
46.997362232223,7.775211279078,21
46.997322906710,7.788358535008,21
46.997282074471,7.801505771610,21
46.997239735508,7.814652988155,21
46.997195889820,7.827800183918,21
46.997150537408,7.840947358171,21
46.997103678271,7.854094510188,21
46.997055312409,7.867241639243,21
47.006561612535,7.696370551236,21
47.006531322377,7.709520110585,21
47.006499525247,7.722669654965,21
47.006466221144,7.735819183649,21
47.006431410068,7.748968695910,21
47.006395092018,7.762118191022,21
47.006357266996,7.775267668257,21
47.006317935001,7.788417126890,21
47.006277096032,7.801566566194,21
47.006190897177,7.827865383907,21
47.006145537289,7.841014760863,21
47.006098670429,7.854164115582,21
47.006050296596,7.867313447339,21
