45.811509440484,6.103362563867,21
45.811661724621,6.116223909361,21
45.811812534565,6.129085329557,21
45.811961870316,6.141946823728,21
45.812109731874,6.154808391146,21
45.819207086653,7.672783543688,21
45.819179519244,7.685648639218,21
45.819150477642,7.698513720797,21
45.819119961847,7.711378787697,21
45.819087971859,7.724243839192,21
45.819054507678,7.737108874554,21
45.820349446509,6.090280411602,21
45.820503230740,6.103143789324,21
45.820655540530,6.116007242473,21
45.820806375878,6.128870770323,21
45.820955736785,6.141734372149,21
45.821103623251,6.154598047222,21
45.828202173606,7.672821903001,21
45.828174601553,7.685689106186,21
45.828145555059,7.698556295419,21
45.828115034123,7.711423469974,21
45.828083038747,7.724290629123,21
45.828049568928,7.737157772140,21
45.828014624669,7.750024898299,21
45.829187941117,6.077194043420,21
45.829343225939,6.090059453367,21
45.829497036071,6.102924939468,21
45.829649371514,6.115790500997,21
45.829800232267,6.128656137228,21
45.837169698938,7.685729587084,21
45.837140647552,7.698598884697,21
45.837110121476,7.711468167632,21
45.837078120710,7.724337435161,21
45.837044645254,7.737206686559,21
45.837009695109,7.750075921097,21
45.836973270275,7.762945138051,21
45.838181709240,6.076970900041,21
45.838337020211,6.089838419093,21
45.838490856245,6.102706014300,21
45.838643217340,6.115573684935,21
45.846105223670,7.711512880672,21
45.846073217515,7.724384257307,21
45.846039736423,7.737255617810,21
45.846004780392,7.750126961454,21
45.845968349423,7.762998287513,21
45.847018679665,6.063878127895,21
45.847175491972,6.076747679897,21
45.847330829093,6.089617308781,21
45.847484691027,6.102487013819,21
45.847637077775,6.115356794285,21
45.855034842200,7.737304565894,21
45.854999880284,7.750178019370,21
45.854963443181,7.763051455260,21
45.854925530893,7.775924872838,21
45.854886143417,7.788798271378,21
45.856012450374,6.063652720431,21
45.856169289079,6.076524382990,21
45.856324652349,6.089396122431,21
45.856478540185,6.102267938026,21
45.864029962353,7.737353530812,21
45.863994994551,7.750229094844,21
45.863958551315,7.763104641291,21
45.863920632644,7.775980169426,21
45.863881238538,7.788855678522,21
45.864847894440,6.050553539245,21
45.865006235226,6.063427235478,21
45.865163100329,6.076301009319,21
45.865318489748,6.089174860042,21
45.865472403485,6.102048786919,21
45.873025096648,7.737402512562,21
45.872990122961,7.750280187877,21
45.872953673590,7.763157845606,21
45.872915748537,7.776035485023,21
45.872876347801,7.788913105402,21
45.873841666554,6.050325864794,21
45.874000033986,6.063201673036,21
45.874156925487,6.076077558885,21
45.874312341056,6.088953521615,21
45.881985265279,7.750331298467,21
45.881948809775,7.763211068205,21
45.881910878340,7.776090819630,21
45.881871470973,7.788970552016,21
45.882835452344,6.050098112129,21
45.882993846422,6.062976033104,21
45.883150764321,6.075854031686,21
45.883306206040,6.088732107150,21
45.890943959635,7.763264309087,21
45.890906021818,7.776146173246,21
45.890866607821,7.789028018366,21
45.890825717644,7.801909843721,21
45.891669354424,6.036990325150,21
45.891829251576,6.049870281249,21
45.891987672301,6.062750315682,21
45.892144616597,6.075630427724,21
45.892300084465,6.088510616647,21
45.899939122937,7.763317568254,21
45.899901178738,7.776201545872,21
45.899861758110,7.789085504451,21
45.899820861055,7.801969443264,21
45.899778487571,7.814853361586,21
45.900663139970,6.036760301870,21
45.900823064017,6.049642372154,21
45.900981511388,6.062524520772,21
45.901138482082,6.075406746998,21
45.901293976100,6.088289050106,21
45.908896348867,7.776256937507,21
45.908856921609,7.789143010271,21
45.908816017674,7.802029063269,21
45.909495510626,6.023646093518,21
45.909656938492,6.036530199650,21
45.909816889434,6.049414384844,21
45.909975363451,6.062298648372,21
45.917852098083,7.789200535826,21
45.917811187270,7.802088703734,21
45.917768799532,7.814976851150,21
45.918326362566,6.010527654742,21
45.918489294748,6.023413796722,21
45.918650749757,6.036300018490,21
45.918810727593,6.049186319319,21
45.918969228255,6.062072698483,21
45.926886727818,7.776367777807,21
45.926847287299,7.789258081116,21
45.926806369607,7.802148364660,21
45.926763974742,7.815038627712,21
45.927320131805,6.010293161918,21
45.927483091378,6.023181420259,21
45.927644573530,6.036069758389,21
45.927804578260,6.048958175579,21
45.927963105569,6.061846671104,21
45.935801564453,7.802208046046,21
45.935759162461,7.815100425460,21
45.935715283047,7.827992783654,21
45.935669926213,7.840885119903,21
45.935623091956,7.853777433480,21
45.936313913320,6.010058588703,21
45.936476900284,6.022948964131,21
45.936638409579,6.035839419347,21
45.936798441204,6.048729953625,21
45.944754362456,7.815162244393,21
45.944710475667,7.828056719675,21
45.944665111208,7.840951173011,21
45.945307706877,6.009823935097,21
45.945470721232,6.022716428337,21
45.945632257670,6.035609001365,21
45.945792316189,6.048501653455,21
45.953749574493,7.815224084514,21
45.953705680328,7.828120677607,21
45.953660308246,7.841017248756,21
45.953613458245,7.853913797232,21
45.954136992330,5.996694669835,21
45.954301512243,6.009589201099,21
45.954464553989,6.022483812877,21
45.954626117569,6.035378504443,21
45.954786202983,6.048273275071,21
45.962744798339,7.815285945820,21
45.962700896799,7.828184657451,21
45.962655517092,7.841083347138,21
45.962608659219,7.853982014152,21
45.962560323180,7.866880657767,21
45.962510508975,7.879779277258,21
45.963130781632,5.996457736182,21
45.963295329184,6.009354386709,21
45.963458398322,6.022251117751,21
45.963619989045,6.035147928580,21
45.971650737514,7.841149468157,21
45.971603871769,7.854050254435,21
45.971555527610,7.866951017314,21
45.971454404047,7.892752469969,21
45.971958528421,5.983322032137,21
45.972124582276,5.996220721412,21
45.972289157468,6.009119491928,21
45.972452253997,6.022018342958,21
45.972613871863,6.034917273777,21
45.980645969279,7.841215611814,21
45.980599095661,7.854118518081,21
45.980550743381,7.867021400949,21
45.980500912438,7.879924259691,21
45.980449602832,7.892827093582,21
45.980952312286,5.983082815535,21
45.981118394029,5.995983625524,21
45.981282996860,6.008884516755,21
45.981446120780,6.021785488500,21
45.989594330662,7.854186805089,21
45.989545970262,7.867091808672,21
45.989496130950,7.879996788129,21
45.989444812727,7.892901742734,21
45.989392015592,7.905806671761,21
45.989778518237,5.969940667629,21
45.989946107027,5.982843517091,21
45.990112216657,5.995746448520,21
45.990276847128,6.008649461191,21
45.990439998440,6.021552554376,21
45.998541208018,7.867162240484,21
45.998491360337,7.880069341381,21
45.998440033497,7.892976417426,21
45.998387227497,7.905883467893,21
45.998772295483,5.969699165177,21
45.998939912410,5.982604136804,21
45.999106049928,5.995509190399,21
45.999270708039,6.008414325235,21
46.007536456416,7.867232696384,21
46.007486600367,7.880141919447,21
46.007435264909,7.893051117658,21
46.007596958420,5.956550568332,21
46.007766083139,5.969457580155,21
46.007933728202,5.982364674674,21
46.008099893608,5.995271851160,21
46.016580099986,7.854391806293,21
46.016531715223,7.867303176372,21
46.016481850805,7.880214522326,21
46.016430506730,7.893125843429,21
46.016590727867,5.956306777126,21
46.016759880970,5.969215912566,21
46.016927554169,5.982125130701,21
46.017093747463,5.995034430804,21
46.025526984206,7.867373680449,21
46.025477111419,7.880287150020,21
46.025425758727,7.893200594739,21
46.025372926130,7.906114013880,21
46.025318613629,7.919027406714,21
46.025584507256,5.956062902626,21
46.025753688744,5.968974162409,21
46.025921390079,5.981885504886,21
46.026087611261,5.994796929331,21
46.034472381975,7.880359802528,21
46.034421020666,7.893275371589,21
46.034368179204,7.906190915072,21
46.034313857589,7.919106432249,21
46.034578296354,5.955818944832,21
46.034747506226,5.968732329683,21
46.034915235697,5.981645797228,21
46.035081484767,5.994559346741,21
46.043467662240,7.880432479850,21
46.043416292314,7.893350173979,21
46.043363441986,7.906267842530,21
46.043309111257,7.919185484775,21
46.043401376021,5.942659476522,21
46.043572094927,5.955574903745,21
46.043741333184,5.968490414389,21
46.043909090791,5.981406007728,21
46.044075367749,5.994321683034,21
46.052462951981,7.880505181986,21
46.052411573437,7.893425001908,21
46.052358714244,7.906344796252,21
46.052395155204,5.942413225622,21
46.052565902743,5.955330779364,21
46.052735169384,5.968248416527,21
46.052902955128,5.981166136384,21
46.061458250964,7.880577908935,21
46.061406863803,7.893499855377,21
46.061353995744,7.906421776240,21
46.061388943395,5.942166890703,21
46.061559719567,5.955086571689,21
46.061729014593,5.968006336096,21
46.061896828473,5.980926183198,21
46.070503473587,7.867726562161,21
46.070453558955,7.880650660699,21
46.070402163177,7.893574734385,21
46.070349286253,7.906498782493,21
46.070382740363,5.941920471764,21
46.070553545168,5.954842280720,21
46.070722868578,5.967764173098,21
46.070890710594,5.980686148170,21
46.079448875723,7.880723437277,21
46.079397471328,7.893649638933,21
46.079344585538,7.906575815011,21
46.079376545872,5.941673968805,21
46.079547379310,5.954597906457,21
46.079716731105,5.967521927531,21
46.079884601257,5.980446031299,21
46.088494132401,7.867867883465,21
46.088444201032,7.880796238669,21
46.088392788020,7.893724569021,21
46.088339893365,7.906652873794,21
46.088285517067,7.919581152262,21
46.088229659126,7.932509403698,21
46.088370359690,5.941427381828,21
46.088541221761,5.954353448901,21
46.088710601940,5.967279599396,21
46.088878500229,5.980205832585,21
46.097388113021,7.893799524648,21
46.097335209500,7.906729958842,21
46.097280824089,7.919660366732,21
46.097224956785,7.932590747589,21
46.097191808741,5.928252597759,21
46.097364181584,5.941180710831,21
46.097535072288,5.954108908051,21
46.097704480852,5.967037188692,21
46.097872407276,5.979965552028,21
46.106383446098,7.893874505814,21
46.106330533712,7.906807070156,21
46.106276139186,7.919739608192,21
46.106220262521,7.932672119196,21
46.106162903715,7.945604602441,21
46.106185609596,5.928003711871,21
46.106358011320,5.940933955815,21
46.106528930657,5.953864283907,21
46.106698367605,5.966794695421,21
46.115325865765,7.906884207734,21
46.115271462126,7.919818876642,21
46.115215576098,7.932753518519,21
46.115158207682,7.945688132636,21
46.115099356879,7.958622718269,21
46.115039023687,7.971557274689,21
46.115179418060,5.927754741237,21
46.115351848665,5.940687116779,21
46.115522796635,5.953619576470,21
46.115692261968,5.966552119581,21
46.124210897284,7.932834945558,21
46.124153519258,7.945771691274,21
46.124094658596,7.958708408504,21
46.124173233899,5.927505685859,21
46.124345693386,5.940440193724,21
46.124516669988,5.953374785738,21
46.124686163706,5.966309461173,21
46.133262130598,7.919977494516,21
46.133206225846,7.932916400314,21
46.133148838210,7.945855278353,21
46.133089967688,7.958794127906,21
46.133029614283,7.971732948248,21
46.133167056881,5.927256545736,21
46.133339545249,5.940193186650,21
46.133510550484,5.953129911713,21
46.133680072586,5.966066720197,21
46.142201561550,7.932997882786,21
46.142144164303,7.945938893874,21
46.142085283923,7.958879876476,21
46.142024920410,7.971820829867,21
46.141963073764,7.984761753319,21
46.141899743985,7.997702646105,21
46.142160886771,5.927007320868,21
46.142333404021,5.939946095557,21
46.142504437888,5.952884954394,21
46.142673988375,5.965823896652,21
46.151139497306,7.946022537836,21
46.151080607067,7.958965654213,21
46.151020233447,7.971908741378,21
46.150958376445,7.984851798605,21
46.150895036062,7.997794825166,21
46.151154723338,5.926758011255,21
46.151327269468,5.939698920444,21
46.151498331968,5.952639913781,21
46.160075936886,7.959051461118,21
46.160015553159,7.971996682783,21
46.159953685802,7.984941874510,21
46.160148566346,5.926508616897,21
46.160321141357,5.939451661312,21
46.160492232491,5.952394789875,21
46.169010879313,7.972084654081,21
46.168949001600,7.985031981033,21
46.169142415563,5.926259137794,21
46.169315019456,5.939204318160,21
46.169486139222,5.952149582674,21
46.178006211676,7.972172655271,21
46.177944323608,7.985122118174,21
46.178136270756,5.926009573946,21
46.178308903530,5.938956890989,21
46.187001550015,7.972260686354,21
46.186939651591,7.985212285934,21
46.186876268793,7.998163854849,21
46.187130131691,5.925759925354,21
46.187302793346,5.938709379799,21
46.195996894096,7.972348747330,21
46.195934985317,7.985302484313,21
46.195871591915,7.998256190630,21
46.196123998135,5.925510192016,21
46.196296688671,5.938461784590,21
46.204992243686,7.972436838199,21
46.204930324551,7.985392713310,21
46.204866920545,7.998348557755,21
46.205117869854,5.925260373934,21
46.213925669061,7.985482972925,21
46.213862254451,7.998440956224,21
46.214111746616,5.925010471107,21
46.222982958459,7.972613109616,21
46.222921018613,7.985573263159,21
46.222857593400,7.998533386037,21
46.223105628186,5.924760483535,21
46.231978323175,7.972701290164,21
46.231916372974,7.985663584011,21
46.231852937157,7.998625847193,21
46.240911731911,7.985753935482,21
46.240848285490,7.998718339694,21
46.249907095190,7.985844317571,21
46.249843638165,7.998810863539,21
46.258902462577,7.985934730279,21
46.258838994949,7.998903418728,21
46.259081197891,5.923759685798,21
46.267834355608,7.998996005261,21
46.276829719910,7.999088623137,21
46.285825087620,7.999181272358,21
46.294820458506,7.999273952923,21
46.303815832335,7.999366664832,21
46.312811208872,7.999459408085,21
46.313044657047,5.922255946845,21
46.321806587885,7.999552182681,21
46.322038576115,5.922005027079,21
46.330801969139,7.999644988622,21
46.331032497193,5.921754022568,21
46.339797352403,7.999737825907,21
46.340026420045,5.921502933313,21
46.348918395933,7.973850357537,21
46.348856311110,7.986840541369,21
46.348792737443,7.999830694536,21
46.349020344440,5.921251759312,21
46.357851708296,7.986931290879,21
46.357788124024,7.999923594509,21
46.358014270144,5.921000500567,21
46.366969828516,7.961033070104,21
46.366909212323,7.974027585526,21
46.366847106790,7.987022071008,21
46.366783511915,8.000016525825,21
46.367008196924,5.920749157076,21
46.375904622249,7.974116244360,21
46.375842506360,7.987112881756,21
46.375778900881,8.000109488486,21
46.376002124545,5.920497728841,21
46.384960669423,7.961206113113,21
46.384900033017,7.974204933086,21
46.384837906772,7.987203723121,21
46.384774290689,8.000202482491,21
46.384996052776,5.920246215861,21
46.393956090907,7.961292678368,21
46.393895444393,7.974293651706,21
46.393833307793,7.987294595106,21
46.393769681107,8.000295507840,21
46.393989981382,5.919994618136,21
46.403124540621,7.922369718140,21
46.403068355004,7.935372931024,21
46.403010679052,7.948376116150,21
46.402951512766,7.961379272790,21
46.402890856145,7.974382400219,21
46.402828709190,7.987385497708,21
46.402983910130,5.919742935666,21
46.412063796475,7.935455244983,21
46.412006110913,7.948460584924,21
46.411946934768,7.961465896380,21
46.411977838787,5.919491168452,21
46.421115442196,7.922530063416,21
46.421059237854,7.935537586658,21
46.421001542682,7.948545082140,21
46.420942356678,7.961552549137,21
46.420971767120,5.919239316492,21
46.430054678910,7.935619956048,21
46.429996974127,7.948629607798,21
46.429937778264,7.961639231062,21
46.429965694895,5.918987379787,21
46.430139136342,5.931994818356,21
46.438992405014,7.948714161897,21
46.438933199292,7.961725942154,21
46.438872502242,7.974737693198,21
46.438959621879,5.918735358338,21
46.439133092207,5.931744954624,21
46.447987835109,7.948798744438,21
46.447928619529,7.961812682413,21
46.447953547839,5.918483252144,21
46.448127047047,5.931495006873,21
46.457040997796,7.935867230519,21
46.456983264181,7.948883355422,21
46.456924038742,7.961899451839,21
46.456947472540,5.918231061204,21
46.457121000630,5.931244975103,21
46.466092686372,7.922931398944,21
46.466036435220,7.935949710774,21
46.465978691995,7.948967994846,21
46.465919456696,7.961986250433,21
46.465941395751,5.917978785520,21
46.466114952722,5.930994859314,21
46.466287017371,5.944011017255,21
46.475142899860,7.909991248264,21
46.475088131667,7.923011747021,21
46.475031871153,7.936032218746,21
46.474974118317,7.949052662713,21
46.474914873160,7.962073078194,21
46.474935317237,5.917726425091,21
46.475108903089,5.930744659505,21
46.475280996372,5.943762978066,21
46.484191637282,7.897046777029,21
46.484138352544,7.910069462712,21
46.484083575238,7.923092122089,21
46.484027305361,7.936114754435,21
46.483969542915,7.949137359021,21
46.483929236765,5.917473979918,21
46.484102851498,5.930494375676,21
46.484274973414,5.943514855583,21
46.493133803271,7.910147703425,21
46.493079016851,7.923172524148,21
46.493022737612,7.936197317839,21
46.492964965555,7.949222083771,21
46.492923154102,5.917221449999,21
46.493096797717,5.930244007829,21
46.493268948265,5.943266649807,21
46.502129251807,7.910225970403,21
46.502074456273,7.923252953198,21
46.502018167672,7.936279908960,21
46.501917069015,5.916968835335,21
46.502090741511,5.929993555962,21
46.502262920692,5.943018360737,21
46.511178009252,7.897275091750,21
46.511124697918,7.910304263647,21
46.511069893270,7.923333409238,21
46.511013595307,7.936362527797,21
46.510910981270,5.916716135927,21
46.511084682647,5.929743020076,21
46.511256890461,5.942769988373,21
46.520225288207,7.884319886739,21
46.520173461571,7.897351247737,21
46.520120141372,7.910382583155,21
46.520065327610,7.923413892268,21
46.520009020285,7.936445174350,21
46.519904890634,5.916463351773,21
46.520078620892,5.929492400170,21
46.520250857339,5.942521532716,21
46.520421599974,5.955550748682,21
46.529220746252,7.884393904017,21
46.529168910999,7.897427429262,21
46.529115581934,7.910460928929,21
46.529060759058,7.923494402290,21
46.529004442371,7.936527848619,21
46.528898796873,5.916210482875,21
46.529072556013,5.929241696245,21
46.529244821092,5.942272993764,21
46.529415592112,5.955304374704,21
46.538164357302,7.897503636327,21
46.538111019372,7.910539300967,21
46.538056187382,7.923574939302,21
46.537999861333,7.936610550605,21
46.537892699755,5.915957529232,21
46.538066487775,5.928990908301,21
46.538238781488,5.942024371519,21
46.538409580892,5.955057918158,21
46.547159800248,7.897579868932,21
46.547106453452,7.910617699271,21
46.547051612349,7.923655503305,21
46.546995276937,7.936693280307,21
46.546886599045,5.915704490844,21
46.547060415947,5.928740036338,21
46.547232738292,5.941775665980,21
46.547403566081,5.954811379043,21
46.547572899314,5.967847174802,21
46.556155239602,7.897656127077,21
46.556101883941,7.910696123840,21
46.556047033724,7.923736094298,21
46.555990688950,7.936776037725,21
46.556054340294,5.928489080355,21
46.556226691272,5.941526877147,21
46.556397547446,5.954564757361,21
46.556566908814,5.967602720269,21
46.565150675132,7.897732410761,21
46.565097310606,7.910774574674,21
46.565042451274,7.923816712282,21
46.564986097139,7.936858822859,21
46.565048260584,5.928238040353,21
46.565220640195,5.941278005021,21
46.565391524753,5.954318053110,21
46.565560914257,5.967358183894,21
46.565728808709,5.980398396646,21
46.574197984944,7.884764362616,21
46.574146106605,7.897808719984,21
46.574092733213,7.910853051773,21
46.574037864767,7.923897357257,21
46.573981501269,7.936941635709,21
46.574042176582,5.927986916331,21
46.574214584826,5.941029049600,21
46.574385497768,5.954071266291,21
46.574554915409,5.967113565676,21
46.574722837749,5.980155947029,21
46.574889264787,5.993198409624,21
46.575054196525,6.006240952733,21
46.583193420742,7.884838528778,21
46.583141533786,7.897885054747,21
46.583088151528,7.910931555138,21
46.583033273969,7.923978029223,21
46.582976901109,7.937024476276,21
46.583379466260,5.953824396904,21
46.583548912037,5.966868865616,21
46.583716862264,5.979913416296,21
46.583883316942,5.992958048217,21
46.584048276070,6.006002760653,21
46.592136956443,7.897961415050,21
46.592083565320,7.911010084767,21
46.592028678647,7.924058728179,21
46.592542903906,5.966624083712,21
46.592710882022,5.979670804445,21
46.592877364339,5.992717606418,21
46.593042350859,6.005764488907,21
46.601234686925,7.871936045343,21
46.601184278532,7.884986935543,21
46.601132374342,7.898037800892,21
46.601078974353,7.911088640661,21
46.601024078566,7.924139454126,21
46.601536890785,5.966379219966,21
46.601704896788,5.979428111477,21
46.601871406745,5.992477084228,21
46.602036420656,6.005526137494,21
46.602199938520,6.018575270549,21
46.610230116819,7.872008115169,21
46.610179700057,7.885061176147,21
46.610127787249,7.898114212273,21
46.610074378395,7.911167222821,21
46.610019473495,7.924220207063,21
46.609963072548,7.937273164273,21
46.610698906330,5.979185337392,21
46.610865443926,5.992236481647,21
46.611030485228,6.005287706416,21
46.611194030235,6.018339010974,21
46.611356078948,6.031390394593,21
46.619225541488,7.872080209083,21
46.619175116358,7.885135441565,21
46.619123194933,7.898190649195,21
46.619069777213,7.911245831246,21
46.619859475650,5.991995798673,21
46.620024544343,6.005049195672,21
46.620188116493,6.018102672459,21
46.620350192100,6.031156228307,21
46.628170527201,7.885209731797,21
46.628118597159,7.898267111655,21
46.628065170573,7.911324465935,21
46.628853501683,5.991755035309,21
46.629018597767,6.004810605262,21
46.629182197059,6.017866255003,21
46.629344299561,6.030921983806,21
46.629504905271,6.043977790943,21
46.637265319297,7.859164867387,21
46.637216374220,7.872224469177,21
46.637165932352,7.885284046843,21
46.637113993693,7.898343599656,21
46.637060558242,7.911403126890,21
46.637847521791,5.991514191552,21
46.638012645266,6.004571935186,21
46.638176271702,6.017629758607,21
46.638338401097,6.030687661090,21
46.638499033454,6.043745641907,21
46.646308191171,7.846173061017,21
46.646260735013,7.859234859886,21
46.646211781816,7.872296635357,21
46.646161331580,7.885358386702,21
46.646109384303,7.898420113196,21
46.646055939987,7.911481814110,21
46.647006686607,6.004333185443,21
46.647170340186,6.017393183270,21
46.647332496476,6.030453260159,21
46.647493155479,6.043513415382,21
46.655303608602,7.846240902474,21
46.655256144572,7.859304875749,21
46.655207183255,7.872368825625,21
46.655156724649,7.885432751376,21
46.655104768755,7.898496652275,21
46.656000721558,6.004094356035,21
46.656164402279,6.017156528993,21
46.656326585464,6.030218781013,21
46.656487271113,6.043281111367,21
46.656646459225,6.056343519329,21
46.664299019642,7.846308766568,21
46.664251547740,7.859374914974,21
46.664202578302,7.872441039982,21
46.665158457748,6.016919795776,21
46.665320667827,6.029984223652,21
46.665481380122,6.043048729863,21
46.665640594632,6.056113313682,21
46.673340406046,7.833308306365,21
46.673294424057,7.846376653300,21
46.673246944283,7.859444977563,21
46.673197966725,7.872513278427,21
46.673147491381,7.885581555166,21
46.674152506359,6.016682983618,21
46.674314743333,6.029749588077,21
46.674475482274,6.042816270870,21
46.674634723181,6.055883031271,21
46.674792466056,6.068949868554,21
46.682380302808,7.820303493688,21
46.682335811228,7.833374039151,21
46.682289821615,7.846444562668,21
46.682242333969,7.859515063514,21
46.682193348290,7.872585540960,21
46.683308811747,6.029514874286,21
46.683469577334,6.042583734388,21
46.683628844640,6.055652672097,21
46.683786613664,6.068721686687,21
46.683942884407,6.081790777432,21
46.691375708274,7.820367071079,21
46.691331209318,7.833439793849,21
46.691285212081,7.846512494674,21
46.691237716563,7.859585172828,21
46.691188722763,7.872657827582,21
46.692302872837,6.029280082281,21
46.692463665070,6.042351120416,21
46.692622958774,6.055422236158,21
46.692780753948,6.068493428782,21
46.692937050592,6.081564697561,21
46.693091848707,6.094636041768,21
46.700371106415,7.820430669655,21
46.700326600084,7.833505570459,21
46.700280595223,7.846580449318,21
46.701457745249,6.042118428954,21
46.701617065350,6.055191723456,21
46.701774886673,6.068265094839,21
46.701931209219,6.081338542377,21
46.702086032986,6.094412065342,21
46.702239357976,6.107485663009,21
46.709409511928,7.807417188636,21
46.709366496999,7.820494289418,21
46.709321983292,7.833571368981,21
46.709275970808,7.846648426599,21
46.709228459545,7.859725461544,21
46.710611164135,6.054961133990,21
46.710769011608,6.068036684858,21
46.710925360054,6.081112311880,21
46.711080209475,6.094188014330,21
46.711233559869,6.107263791482,21
46.718446424877,7.794399349343,21
46.718404901847,7.807478650101,21
46.718361879791,7.820557930367,21
46.718317358709,7.833637189415,21
46.718271338601,7.846716426517,21
46.719763128518,6.067808198838,21
46.719919502866,6.080886006070,21
46.720074377939,6.093963888731,21
46.720227753737,6.107041846092,21
46.720379630261,6.120119877429,21
46.727481844284,7.781377150324,21
46.727441813651,7.794458651058,21
46.727400283742,7.807540132026,21
46.727357254560,7.820621592502,21
46.727312726102,7.833703031760,21
46.728757237170,6.067579636780,21
46.728913637419,6.080659624948,21
46.729068538145,6.093739688544,21
46.729221939348,6.106819826841,21
46.729373841028,6.119900039113,21
46.729524243185,6.132980324633,21
46.736552807390,7.755266871111,21
46.736515769172,7.768350590131,21
46.736477231431,7.781434290839,21
46.736437194167,7.794517972508,21
46.736395657380,7.807601634412,21
46.736352621070,7.820685275824,21
46.736308085237,7.833768896017,21
46.737907763482,6.080433168513,21
46.738062689860,6.093515413770,21
46.738216116468,6.106597733729,21
46.738368043304,6.119680127662,21
46.738518470368,6.132762594843,21
46.745548198562,7.755319667312,21
46.745511154210,7.768405567993,21
46.745472610087,7.781491450363,21
46.745432566192,7.794577313693,21
46.745391022526,7.807663157258,21
46.747056832851,6.093291064410,21
46.747210284863,6.106375566755,21
46.747362236855,6.119460143075,21
46.747512688828,6.132544792643,21
46.747661640781,6.145629514732,21
46.754579131475,7.742284380419,21
46.754543581009,7.755372481072,21
46.754506530524,7.768460564140,21
46.754467980018,7.781548628896,21
46.754427929493,7.794636674614,21
46.756204444300,6.106153325920,21
46.756356421449,6.119240085352,21
46.756506898329,6.132326918032,21
46.756655874942,6.145413823234,21
46.756803351286,6.158500800230,21
46.763574510850,7.742335028625,21
46.763538954499,7.755425312391,21
46.763501897879,7.768515578571,21
46.763463340992,7.781605826439,21
46.765198594547,6.105931011222,21
46.765350596851,6.119019954493,21
46.765501098640,6.132108971011,21
46.765650099911,6.145198060050,21
46.765797600667,6.158287220885,21
46.765943600906,6.171376452787,21
46.772603942755,7.729293209202,21
46.772569881034,7.742385693664,21
46.772534318797,7.755478161268,21
46.772497256044,7.768570611286,21
46.772458692774,7.781663042992,21
46.774344762829,6.118799750497,21
46.774495289526,6.131890951579,21
46.774644315457,6.144982225182,21
46.774791840624,6.158073570580,21
46.774937865026,6.171164987045,21
46.781631875745,7.716247021353,21
46.781599309152,7.729341706510,21
46.781565241794,7.742436375536,21
46.781529673671,7.755531027703,21
46.781492604784,7.768625662285,21
46.783489470754,6.131672859737,21
46.783638521345,6.144766318629,21
46.783786070922,6.157859849315,21
46.783932119487,6.170953451070,21
46.784076667039,6.184047123166,21
46.790658308842,7.703196463628,21
46.790627237873,7.716293349480,21
46.790594665890,7.729390219926,21
46.790560592895,7.742487074241,21
46.790525018887,7.755583911697,21
46.790487943866,7.768680731567,21
46.792632717341,6.144550340391,21
46.792780291330,6.157646057092,21
46.792926364058,6.170741844861,21
46.793070935524,6.183837702972,21
46.793214005729,6.196933630697,21
46.799683241067,7.690141534576,21
46.799653666219,7.703240621122,21
46.799622590109,7.716339692988,21
46.799590012738,7.729438749449,21
46.799555934106,7.742537789778,21
46.799520354212,7.755636813249,21
46.801774501613,6.157432193909,21
46.801920598504,6.170530168418,21
46.802065193885,6.183628213269,21
46.802208287756,6.196726327734,21
46.802349880118,6.209824511088,21
46.808678593212,7.690183519986,21
46.808649013471,7.703284793272,21
46.808617932221,7.716386051878,21
46.808585349461,7.729487295080,21
46.808551265192,7.742588522149,21
46.810768701539,6.157218259767,21
46.810914822592,6.170318421742,21
46.811059441888,6.183418654058,21
46.811202559425,6.196518955989,21
46.811344175204,6.209619326808,21
46.811484289226,6.222719765788,21
46.817728598990,7.664018556696,21
46.817702017873,7.677122044624,21
46.817673934999,7.690225519327,21
46.817644350366,7.703328980078,21
46.817613263975,7.716432426151,21
46.817580675827,7.729535856818,21
46.819909036089,6.170106604832,21
46.820053679299,6.183209025339,21
46.820196820503,6.196311515461,21
46.820338459700,6.209414074471,21
46.820478596891,6.222516701643,21
46.820617232076,6.235619396249,21
46.826723939225,7.664056193585,21
46.826697353713,7.677161869705,21
46.826669266195,7.690267532599,21
46.826639676670,7.703373181541,21
46.826608585139,7.716478815804,21
46.829047905887,6.182999327112,21
46.829191070756,6.196104006151,21
46.829332733371,6.209208754078,21
46.829472893732,6.222313570166,21
46.829611551838,6.235418453689,21
46.835744356289,7.650985965419,21
46.835719268636,7.664093842954,21
46.835692678728,7.677201707990,21
46.835664586566,7.690309559801,21
46.835634992149,7.703417397660,21
46.838185309952,6.195896428058,21
46.838326995985,6.209003365627,21
46.838467179515,6.222110371358,21
46.838605860542,6.235217444523,21
46.838743039066,6.248324584396,21
46.844785354880,7.624801268680,21
46.844763268086,7.637911358675,21
46.844739678789,7.651021437624,21
46.844714586989,7.664131504802,21
46.844687992686,7.677241559480,21
46.844659895880,7.690351600934,21
46.847321247307,6.208797909119,21
46.847461454007,6.221907105217,21
46.847600157955,6.235016368751,21
46.847737359151,6.248125698992,21
46.847873057597,6.261235095214,21
46.853801261332,7.611720081223,21
46.853780673638,7.624832371904,21
46.853758583194,7.637944652267,21
46.853734989998,7.651056921584,21
46.853709894051,7.664169179129,21
46.853683295352,7.677281424176,21
46.853655193902,7.690393655997,21
46.856455716974,6.221703771746,21
46.856594443843,6.234815226372,21
46.856731667713,6.247926747707,21
46.856867388583,6.261038335023,21
46.862815660064,7.598634512290,21
46.862796571968,7.611749003657,21
46.862775980872,7.624863485431,21
46.862753886777,7.637977956887,21
46.862730289683,7.651092417298,21
46.862705189588,7.664206865937,21
46.862678586494,7.677321302077,21
46.865449968184,6.221500370943,21
46.865588717974,6.234614017388,21
46.865725964517,6.247727730542,21
46.865861707811,6.260841509677,21
46.865995947857,6.273955354066,21
46.871844634851,7.572427860241,21
46.871828550097,7.585544560431,21
46.871810962096,7.598661252482,21
46.871791870846,7.611777935668,21
46.871771276349,7.624894609261,21
46.871749178603,7.638011272536,21
46.871725577609,7.651127924766,21
46.871700473368,7.664244565223,21
46.874582980114,6.234412741798,21
46.874720249329,6.247528647496,21
46.874856015048,6.260644619176,21
46.874990277271,6.273760656110,21
46.875123035997,6.286876757572,21
46.880854514369,7.559331324050,21
46.880839930455,7.572450224196,21
46.880823843044,7.585569116930,21
46.880806252137,7.598688001525,21
46.880787157733,7.611806877256,21
46.880766559834,7.624925743394,21
46.880744458437,7.638044599213,21
46.883577230029,6.234211399602,21
46.883714521917,6.247329498570,21
46.883850310061,6.260447663520,21
46.883984594459,6.273565893724,21
46.884117375113,6.286684188456,21
46.884248652023,6.299802546990,21
46.884378425187,6.312920968598,21
46.889862882736,7.546230402033,21
46.889849800157,7.559351502135,21
46.889835213834,7.572472595551,21
46.889819123766,7.585593681555,21
46.889801529953,7.598714759421,21
46.889782432396,7.611835828421,21
46.889761831094,7.624956887829,21
46.892708782047,6.247130283764,21
46.892844592615,6.260250642709,21
46.892978899190,6.273371066909,21
46.893111701772,6.286491555637,21
46.893243000361,6.299612108166,21
46.893372794957,6.312732723770,21
46.893501085560,6.325853401722,21
46.893627872170,6.338974141295,21
46.893753154787,6.352094941763,21
46.898879815726,7.520001787453,21
46.898869738973,7.533125092741,21
46.898858158227,7.546248392797,21
46.898845073487,7.559371686895,21
46.898830484755,7.572494974307,21
46.898814392030,7.585618254307,21
46.898796795312,7.598741526168,21
46.901838862479,6.260053556743,21
46.901973191230,6.273176175664,21
46.902106015740,6.286298859114,21
46.902237336008,6.299421606364,21
46.902367152035,6.312544416689,21
46.902495463821,6.325667289362,21
46.902622271365,6.338790223657,21
46.902747574669,6.351913218846,21
46.902871373730,6.365036274203,21
46.907896291904,7.480638870572,21
46.907890726211,7.493764381917,21
46.907883656277,7.506889890210,21
46.907875082101,7.520015394725,21
46.907865003685,7.533140894734,21
46.907853421026,7.546266389511,21
46.907840334127,7.559391878330,21
46.907825742986,7.572517360463,21
46.911100316783,6.286106098886,21
46.911231658731,6.299231041584,21
46.911361496189,6.312356047356,21
46.911489829158,6.325481115476,21
46.911616657637,6.338606245217,21
46.911741981626,6.351731435853,21
46.911865801126,6.364856686657,21
46.911988116135,6.377981996902,21
46.916898168612,7.454390476168,21
46.916895610979,7.467518186884,21
46.916891548857,7.480645896002,21
46.916885982245,7.493773602794,21
46.916878911144,7.506901306534,21
46.916870335553,7.520029006495,21
46.916860255472,7.533156701951,21
46.916848670902,7.546284392175,21
46.916835581841,7.559412076440,21
46.920355827185,6.312167615770,21
46.920484181337,6.325294880062,21
46.920611030750,6.338422205976,21
46.920736375426,6.351549592784,21
46.920860215363,6.364677039760,21
46.920982550562,6.377804546178,21
46.921103381024,6.390932111310,21
46.925894466816,7.441263203815,21
46.925893413499,7.454393111575,21
46.925890855445,7.467523018464,21
46.925886792652,7.480652923753,21
46.925881225121,7.493782826718,21
46.925874152853,7.506912726630,21
46.925865575846,7.520042622764,21
46.925855494102,7.533172514392,21
46.929605390473,6.338238105932,21
46.929730755834,6.351367689639,21
46.929854616209,6.364497333513,21
46.929976971598,6.377627036828,21
46.930097822001,6.390756798859,21
46.930217167417,6.403886618877,21
46.934887290508,7.414999434169,21
46.934889246990,7.428131538391,21
46.934889698486,7.441263643195,21
46.934888644996,7.454395747853,21
46.934886086519,7.467527851639,21
46.934882023056,7.480659953826,21
46.934876454606,7.493792053689,21
46.934869381171,7.506924150499,21
46.934860802749,7.520056243530,21
46.938725122618,6.351185726417,21
46.938849003431,6.364317567915,21
46.938971379010,6.377449468854,21
46.939092249353,6.390581428508,21
46.939211614463,6.403713446149,21
46.939329474337,6.416845521052,21
46.939445828977,6.429977652490,21
46.939560678382,6.443109839736,21
46.939674022552,6.456242082063,21
46.943879046117,7.401861177909,21
46.943882508157,7.414995478447,21
46.943884464962,7.428129780292,21
46.943884916532,7.441264082719,21
46.943883862868,7.454398385001,21
46.943881303969,7.467532686411,21
46.943877239835,7.480666986222,21
46.943871670467,7.493801283707,21
46.947965772563,6.377271842255,21
46.948086662848,6.390406000257,21
46.948206047650,6.403540216248,21
46.948323926969,6.416674489500,21
46.948440300805,6.429808819287,21
46.948555169158,6.442943204881,21
46.948668532028,6.456077645557,21
46.948780389415,6.469212140588,21
46.948890741319,6.482346689247,21
46.952854828606,7.362445540987,21
46.952862807666,7.375582031589,21
46.952869281243,7.388718525680,21
46.952874249337,7.401855022532,21
46.952877711947,7.414991521418,21
46.952879669075,7.428128021613,21
46.952880120720,7.441264522389,21
46.952879066882,7.454401023020,21
46.956960152026,6.377094157031,21
46.957081062252,6.390230514108,21
46.957200466747,6.403366929173,21
46.957318365510,6.416503401500,21
46.957434758542,6.429639930361,21
46.957549645843,6.442776515030,21
46.957663027412,6.455913154781,21
46.957774903250,6.469049848886,21
46.957885273357,6.482186596619,21
46.957994137732,6.495323397254,21
46.961803035713,7.309878077059,21
46.961817039015,7.323016745517,21
46.961829536585,7.336155420370,21
46.961840528423,7.349294100892,21
46.961850014531,7.362432786354,21
46.961857994907,7.375571476031,21
46.961864469552,7.388710169196,21
46.961869438465,7.401848865123,21
46.961872901647,7.414987563084,21
46.961874859098,7.428126262353,21
46.961875310817,7.441264962204,21
46.966194871519,6.403193584924,21
46.966312789727,6.416332257051,21
46.966429201955,6.429470985712,21
46.966544108203,6.442609770182,21
46.966657508472,6.455748609732,21
46.966769402762,6.468887503638,21
46.966879791071,6.482026451171,21
46.966988673401,6.495165451606,21
46.967096049751,6.508304504215,21
46.967201920122,6.521443608272,21
46.967306284513,6.534582763051,21
46.970747146855,7.270433959876,21
46.970765670405,7.283574804591,21
46.970782687975,7.296715657880,21
46.970798199566,7.309856519018,21
46.970812205177,7.322997387276,21
46.970824704808,7.336138261929,21
46.970835698460,7.349279142251,21
46.970845186131,7.362420027513,21
46.970853167824,7.375560916991,21
46.970859643536,7.388701809956,21
46.970864613269,7.401842705683,21
46.970868077022,7.414983603444,21
46.970870034796,7.428124502513,21
46.975651974975,6.455584010412,21
46.975763887715,6.468725104843,21
46.975874294227,6.481866252902,21
46.975983194512,6.495007453863,21
46.976090588568,6.508148706998,21
46.976196476397,6.521290011581,21
46.976300857997,6.534431366885,21
46.976403733369,6.547572772184,21
46.976505102514,6.560714226751,21
46.979653119034,7.217833712466,21
46.979677670550,7.230976716141,21
46.979700715839,7.244119731298,21
46.979722254899,7.257262757209,21
46.979742287731,7.270405793148,21
46.979760814336,7.283548838388,21
46.979777834712,7.296691892203,21
46.979793348861,7.309834953866,21
46.979807356781,7.322978022650,21
46.979819858473,7.336121097829,21
46.979830853938,7.349264178676,21
46.979840343174,7.362407264465,21
46.979848326183,7.375550354468,21
46.979854802963,7.388693447959,21
46.979859773515,7.401836544211,21
46.979863237840,7.414979642498,21
46.984868782593,6.481706001813,21
46.984977700832,6.494849404025,21
46.985085112594,6.507992858411,21
46.985191017880,6.521136364245,21
46.985295416690,6.534279920801,21
46.985398309024,6.547423527351,21
46.985499694881,6.560567183169,21
46.985599574262,6.573710887529,21
46.985697947167,6.586854639703,21
46.988622168377,7.204651538728,21
46.988648230418,7.217796731446,21
46.988672785982,7.230941936372,21
46.988695835070,7.244087152780,21
46.988717377681,7.257232379942,21
46.988737413817,7.270377617132,21
46.988755943476,7.283522863624,21
46.988772966658,7.296668118690,21
46.988788483364,7.309813381604,21
46.988802493594,7.322958651640,21
46.988814997348,7.336103928070,21
46.988825994625,7.349249210168,21
46.988835485426,7.362394497207,21
