45.814446534166,6.378610637537,22
45.814567270573,6.391473423023,22
45.814686532786,6.404336267660,22
45.814804320807,6.417199170721,22
45.817411873386,8.115330306278,22
45.817333593737,8.128194504404,22
45.817253839896,8.141058663581,22
45.817172611862,8.153922783082,22
45.817089909634,8.166786862181,22
45.817005733214,8.179650900150,22
45.816920082601,8.192514896263,22
45.816832957794,8.205378849793,22
45.816744358795,8.218242760014,22
45.823440819186,6.378436966802,22
45.823561575931,6.391301859943,22
45.823680858235,6.404166812234,22
45.823798666098,6.417031822950,22
45.826000449341,8.179772301052,22
45.825914784299,8.192638404820,22
45.825827644817,8.205504466005,22
45.825739030892,8.218370483880,22
45.832312867509,6.365396294637,22
45.832435119282,6.378263236280,22
45.832555896366,6.391130237802,22
45.832675198760,6.403997298473,22
45.832793026464,6.416864417569,22
45.834995180543,8.179893743747,22
45.834909501074,8.192761955894,22
45.834822346914,8.205630125459,22
45.834733718065,8.218498251715,22
45.841058192325,6.339482476264,22
45.841183414561,6.352351405079,22
45.841307161860,6.365220395224,22
45.841429434220,6.378089445974,22
45.841550231642,6.390958556600,22
45.841669554126,6.403827726378,22
45.841787401672,6.416696954579,22
45.843989926588,8.180015228233,22
45.843904232690,8.192885549486,22
45.843817063854,8.205755828157,22
45.843728420080,8.218626063519,22
45.843638301369,8.231496254844,22
45.850052459367,6.339302296678,22
45.850177702686,6.352173335324,22
45.850301470820,6.365044435300,22
45.850423763767,6.377915595881,22
45.850544581527,6.390786816339,22
45.850663924102,6.403658095947,22
45.852984687241,8.180136754512,22
45.852898978915,8.193009185596,22
45.852811795403,8.205881574098,22
45.852723136704,8.218753919291,22
45.852633002819,8.231626220447,22
45.852541393748,8.244498476841,22
45.852448309490,8.257370687746,22
45.858920000945,6.326248967984,22
45.859046740783,6.339122055129,22
45.859172005187,6.351995204332,22
45.859295794155,6.364868414865,22
45.859418107689,6.377741686002,22
45.861806541327,8.206007363282,22
45.861717867704,8.218881819031,22
45.861627718646,8.231756230745,22
45.861536094153,8.244630597695,22
45.861442994225,8.257504919157,22
45.861348418863,8.270379194402,22
45.867914275173,6.326066553190,22
45.868041036342,6.338941751618,22
45.868166321829,6.351817012103,22
45.868290131633,6.364692333918,22
45.868412465754,6.377567716338,22
45.870622448614,8.231886285736,22
45.870530808700,8.244762763970,22
45.870437693103,8.257639196713,22
45.870343101822,8.270515583241,22
45.876908563309,6.325884075708,22
45.877035345810,6.338761386144,22
45.877160652381,6.351638758637,22
45.877284483019,6.364516192460,22
45.879617192492,8.232016385422,22
45.879525537156,8.244894975663,22
45.879432405889,8.257773520415,22
45.885774585108,6.312822175154,22
45.885902865121,6.325701535539,22
45.886029668954,6.338580958708,22
45.886154996608,6.351460443934,22
45.888611950045,8.232146529803,22
45.888520279288,8.245027232777,22
45.888427132351,8.257907890262,22
45.888332509234,8.270788501531,22
45.894639100760,6.299756048504,22
45.894768878781,6.312637458837,22
45.894897180374,6.325518932681,22
45.895024005540,6.338400469309,22
45.895149354277,6.351282067995,22
45.897696930791,8.219393857681,22
45.897606721040,8.232276718877,22
45.897515034861,8.245159535310,22
45.897421872254,8.258042306254,22
45.897327233220,8.270925030982,22
45.897231117757,8.283807708768,22
45.897133525866,8.296690338884,22
45.903633385814,6.299569154589,22
45.903763185664,6.312452679107,22
45.903891508837,6.325336267136,22
45.904018355334,6.338219917948,22
45.906509803644,8.245291883264,22
45.906416625367,8.258176768392,22
45.906321970414,8.271061607305,22
45.906225838785,8.283946399275,22
45.906128230479,8.296831143575,22
45.912627683844,6.299382196535,22
45.912757505522,6.312267835963,22
45.912885850276,6.325153538902,22
45.915411391456,8.258311276675,22
45.915316720584,8.271198230498,22
45.915220572789,8.284085137378,22
45.921621994616,6.299195174342,22
45.921751838123,6.312082929406,22
45.921880204456,6.324970747980,22
45.924406170286,8.258445831104,22
45.924311483497,8.271334900562,22
45.924215319535,8.284223923078,22
45.930616317897,6.299008088010,22
45.930746183232,6.311897959435,22
45.930874571146,6.324787894371,22
45.931001481638,6.337677892090,22
45.933494186912,8.245689199642,22
45.933400961626,8.258580431677,22
45.933306258918,8.271471617497,22
45.933210078789,8.284362756374,22
45.933112421239,8.297253847582,22
45.939610653453,6.298820937539,22
45.939740540617,6.311712926051,22
45.939868950111,6.324604978073,22
45.939995881935,6.337497092879,22
45.942489006197,8.245821729274,22
45.942395765241,8.258715078396,22
45.942301046615,8.271608381303,22
45.942204850320,8.284501637267,22
45.942107176355,8.297394845561,22
45.942008024720,8.310288005459,22
45.948605001052,6.298633722929,22
45.948734910044,6.311527829253,22
45.948863341118,6.324421999088,22
45.951295846354,8.271745191980,22
45.951199633892,8.284640565756,22
45.951101943513,8.297535891862,22
45.951002775215,8.310431169573,22
45.950902128999,8.323326398161,22
45.957599360459,6.298446444179,22
45.957729291280,6.311342669041,22
45.957857743934,6.324238957414,22
45.960194429274,8.284779541841,22
45.960096722479,8.297676986486,22
45.959997537518,8.310574382734,22
45.966593731442,6.298259101291,22
45.966723684091,6.311157445416,22
45.969189236231,8.284918565523,22
45.969091513021,8.297818129431,22
45.968992311397,8.310717644943,22
45.968891631358,8.323617111333,22
45.975588113767,6.298071694263,22
45.975718088245,6.310972158378,22
45.978280315491,8.272155905235,22
45.978184054530,8.285057636801,22
45.978086314906,8.297959320699,22
45.977987096618,8.310860956200,22
45.977886399668,8.323762542578,22
45.984582507201,6.297884223097,22
45.984712503508,6.310786807926,22
45.984841020902,6.323689456265,22
45.987178883938,8.285196755676,22
45.987081127899,8.298100560288,22
45.986981892949,8.311004316504,22
45.986881179087,8.323908023596,22
45.993576911511,6.297696687791,22
45.993706929646,6.310601394060,22
45.996173724222,8.285335922148,22
45.996075951768,8.298241848199,22
45.995976700154,8.311147725855,22
45.995875969381,8.324053554388,22
45.995773759448,8.336959333072,22
45.995670070355,8.349865061179,22
46.002571326463,6.297509088346,22
46.002701366426,6.310415916781,22
46.004971518002,8.311291184254,22
46.004870770317,8.324199134953,22
46.004768543225,8.337107035802,22
46.014065631199,8.298524568988,22
46.013966346259,8.311434691701,22
46.013865581663,8.324344765291,22
46.013763337410,8.337254789031,22
46.013659613501,8.350164762196,22
46.022961184691,8.311578248195,22
46.022860403184,8.324490445402,22
46.022758141771,8.337402592759,22
46.022654400454,8.350314689540,22
46.022549179232,8.363226735019,22
46.031855234647,8.324636175286,22
46.031752956074,8.337550446985,22
46.031649197349,8.350464668109,22
46.031543958471,8.363378837930,22
46.040747780086,8.337698351710,22
46.040644003953,8.350614697902,22
46.040538747418,8.363530992791,22
46.049638820033,8.350764778919,22
46.049533545841,8.363683199602,22
46.058633645354,8.350914911161,22
46.058528353506,8.363835458362,22
46.067628479685,8.351065094626,22
46.067523170181,8.363987769072,22
46.076623322791,8.351215329316,22
46.076517995630,8.364140131732,22
46.085722037614,8.338438632816,22
46.085618174440,8.351365615230,22
46.085512829622,8.364292546342,22
46.094613034397,8.351515952368,22
46.094507671923,8.364445012901,22
46.103502522299,8.364597531411,22
46.112497380518,8.364750101870,22
46.121597661789,8.351967271129,22
46.121492246345,8.364902724279,22
46.130487119548,8.365055398637,22
46.139587450650,8.352268406423,22
46.139481999894,8.365208124946,22
46.148476887148,8.365360903204,22
46.353359323188,6.290142681487,22
46.362353972495,6.289952516477,22
46.362484885598,6.302944826494,22
46.371348622878,6.289762287329,22
46.371479557810,6.302756749259,22
46.380343274103,6.289571994041,22
46.380474230863,6.302568608611,22
46.389337925937,6.289381636615,22
46.389468904526,6.302380404549,22
46.398332578147,6.289191215049,22
46.398463578564,6.302192137073,22
46.407327230499,6.289000729344,22
46.407458252745,6.302003806184,22
46.409330574051,8.369814070844,22
46.416321882760,6.288810179500,22
46.416452926834,6.301815411881,22
46.418325560072,8.369968407596,22
46.425316534696,6.288619565517,22
46.425447600599,6.301626954164,22
46.427426561532,8.357114437113,22
46.427320545768,8.370122796297,22
46.434311186075,6.288428887394,22
46.434442273806,6.301438433034,22
46.436526106420,8.344256153293,22
46.436421564328,8.357266720772,22
46.436315530907,8.370277236948,22
46.443305836662,6.288238145133,22
46.443436946222,6.301249848491,22
46.445416566331,8.357419055655,22
46.445310515254,8.370431729549,22
46.452300486225,6.288047338732,22
46.452431617613,6.301061200534,22
46.452561257177,6.314075125846,22
46.454411567311,8.357571441762,22
46.454305498577,8.370586274100,22
46.461295134530,6.287856468193,22
46.461426287747,6.300872489163,22
46.463511161350,8.344706836285,22
46.463406567033,8.357723879094,22
46.463300480642,8.370740870600,22
46.470289781345,6.287665533514,22
46.470420956390,6.300683714379,22
46.470550639114,6.313701958755,22
46.472506176989,8.344857164946,22
46.472401565263,8.357876367649,22
46.472295461217,8.370895519050,22
46.479284426434,6.287474534696,22
46.479415623308,6.300494876181,22
46.479545327612,6.313515281177,22
46.481501190903,8.345007544105,22
46.481396561770,8.358028907429,22
46.481290440066,8.371050219450,22
46.488279069566,6.287283471739,22
46.488410288268,6.300305974570,22
46.488540014153,6.313328540912,22
46.490599356584,8.332134398518,22
46.490496202860,8.345157973764,22
46.490391556318,8.358181498433,22
46.490285416958,8.371204971800,22
46.497273710507,6.287092344643,22
46.497404951038,6.300117009545,22
46.497534698502,6.313141737958,22
46.499696061326,8.319256929438,22
46.499594383509,8.332282716604,22
46.499491212625,8.345308453921,22
46.499386548675,8.358334140661,22
46.499280391659,8.371359776099,22
46.506268349023,6.286901153408,22
46.506399611383,6.299927981107,22
46.506529380427,6.312954872316,22
46.506657656157,6.325981826310,22
46.508791304153,8.306375135415,22
46.508691102739,8.319403134500,22
46.508589408010,8.332431084463,22
46.508486219966,8.345458984577,22
46.508381538608,8.358486834114,22
46.515262984882,6.286709898034,22
46.515394269070,6.299738889255,22
46.515524059694,6.312767943987,22
46.515652356756,6.325797061502,22
46.517885084085,8.293489014999,22
46.517786359570,8.306519226003,22
46.517686141493,8.319549388610,22
46.517584429853,8.332579502095,22
46.517481224650,8.345609565731,22
46.517376525883,8.358639578791,22
46.524257617849,6.286518578521,22
46.524388923866,6.299549733990,22
46.524518736070,6.312580952969,22
46.524647054464,6.325612234733,22
46.524773879046,6.338643578554,22
46.527073153450,8.267566096876,22
46.526977400144,8.280598566739,22
46.526880153026,8.293630989660,22
46.526781412097,8.306663364912,22
46.526681177357,8.319695691768,22
46.526579448805,8.332727969500,22
46.526476226442,8.345760197384,22
46.533252247692,6.286327194868,22
46.533383575537,6.299360515310,22
46.533513409322,6.312393899264,22
46.533641749048,6.325427346001,22
46.533768594713,6.338460854795,22
46.533893946319,6.351494424920,22
46.536068251352,8.267703789187,22
46.535972482128,8.280738424024,22
46.535875218843,8.293773011918,22
46.535776461499,8.306807552143,22
46.535676210096,8.319842043972,22
46.535574464632,8.332876486679,22
46.542378223851,6.299171233218,22
46.542508079216,6.312206782870,22
46.542636440273,6.325242395306,22
46.542763307022,6.338278069799,22
46.542888679464,6.351313805623,22
46.545063345896,8.267841527643,22
46.544967560753,8.280878328179,22
46.544870281302,8.293915081773,22
46.544771507544,8.306951787697,22
46.551502745519,6.312019603788,22
46.551631127908,6.325057382649,22
46.551758015741,6.338095223567,22
46.551883409017,6.351133125815,22
46.552007307737,6.364171088668,22
46.554245555302,8.241901240402,22
46.554152743353,8.254940299068,22
46.554058436849,8.267979312245,22
46.553962635788,8.281018279206,22
46.553865340171,8.294057199224,22
46.553766549997,8.307096071572,22
46.560625811718,6.324872308029,22
46.560752720634,6.337912316097,22
46.560878134746,6.350952385496,22
46.561002054053,6.363992515499,22
46.563240673521,8.242034736849,22
46.563147846152,8.255075962665,22
46.563053523977,8.268117142992,22
46.562957706998,8.281158277103,22
46.562860395214,8.294199364271,22
46.569620491470,6.324687171447,22
46.569747421470,6.337729347391,22
46.569872856417,6.350771584666,22
46.569996796311,6.363813882544,22
46.572416988107,8.216081357046,22
46.572327135422,8.229124839536,22
46.572235787683,8.242168277990,22
46.572142944892,8.255211671682,22
46.572048607048,8.268255019884,22
46.578742118015,6.337546317448,22
46.578867573797,6.350590723324,22
46.578991534277,6.363635189803,22
46.581322260466,8.229256256770,22
46.581230897554,8.242301863826,22
46.581138039341,8.255347426119,22
46.581043685827,8.268392942922,22
46.580947837012,8.281438413510,22
46.587609837869,6.324316712396,22
46.587736810035,6.337363226268,22
46.587862286652,6.350409801470,22
46.587986267720,6.363456437277,22
46.590407263520,8.216339897554,22
46.590317380985,8.229387717973,22
46.590226002901,8.242435494355,22
46.590133129266,8.255483225975,22
46.596731497298,6.337180073851,22
46.596856994750,6.350228819106,22
46.596980996404,6.363277624964,22
46.599402394207,8.216469232673,22
46.599312496747,8.229519223144,22
46.599221103489,8.242569169579,22
46.599128214433,8.255619071251,22
46.605726179569,6.336996860197,22
46.605851697857,6.350047776230,22
46.605975720098,6.363098752866,22
46.608485936240,8.203546406478,22
46.608397519902,8.216598611036,22
46.608307607518,8.229650772284,22
46.608216199087,8.242702889497,22
46.608123294609,8.255754961947,22
46.614720856616,6.336813585307,22
46.614846395739,6.349866672843,22
46.614970438567,6.362919820983,22
46.615092985100,6.375973029000,22
46.617568006108,8.190619237936,22
46.617481071388,8.203673656580,22
46.617392640373,8.216728032641,22
46.617302713064,8.229782365393,22
46.617211289460,8.242836654109,22
46.617118369561,8.255890898062,22
46.623715528206,6.336630249179,22
46.623841088163,6.349685508944,22
46.623965151578,6.362740829313,22
46.624087718450,6.375796209559,22
46.624208788778,6.388851648956,22
46.626563150226,8.190744358326,22
46.626476201078,8.203800949199,22
46.626387755386,8.216857497489,22
46.626297813152,8.229914002470,22
46.632710194104,6.336446851814,22
46.632835774897,6.349504284534,22
46.632959858898,6.362561777858,22
46.633082446108,6.375619331059,22
46.633203536527,6.388676943410,22
46.633323130155,6.401734614186,22
46.635727725432,8.164751868012,22
46.635643755438,8.177810714825,22
46.635558288653,8.190869520508,22
46.635471325076,8.203928284336,22
46.635382864709,8.216987005581,22
46.635292907549,8.230045683516,22
46.641830455706,6.349322999613,22
46.641954560294,6.362382666616,22
46.642077167843,6.375442393498,22
46.642198278352,6.388502179529,22
46.642317891821,6.401562023985,22
46.642436008251,6.414621926138,22
46.642552627641,6.427681885262,22
46.642667749991,6.440741900629,22
46.644722886045,8.164872724626,22
46.644638902120,8.177933745119,22
46.644553421155,8.190994724483,22
46.644466443151,8.204055661990,22
46.644377968106,8.217116556915,22
46.650949255532,6.362203495590,22
46.651071883419,6.375265396876,22
46.651193014018,6.388327357314,22
46.651312647329,6.401389376175,22
46.651430783353,6.414451452734,22
46.651547422088,6.427513586263,22
46.651662563535,6.440575776036,22
46.651776207694,6.453638021327,22
46.653800541070,8.151930386280,22
46.653718040501,8.164993621581,22
46.653634042645,8.178056816480,22
46.653548547500,8.191119970249,22
46.653461555067,8.204183082162,22
46.653373065346,8.217246151493,22
46.660187743294,6.388152476763,22
46.660307396447,6.401216670756,22
46.660425552063,6.414280922446,22
46.660542210144,6.427345231107,22
46.660657370688,6.440409596011,22
46.660771033696,6.453474016433,22
46.660883199167,6.466538491646,22
46.662713188566,8.165114558877,22
46.662629176778,8.178179928907,22
46.662543667453,8.191245257808,22
46.669420314150,6.414110335275,22
46.669536991575,6.427176819792,22
46.669652171216,6.440243360553,22
46.669765853072,6.453309956832,22
46.669878037144,6.466376607901,22
46.669988723431,6.479443313035,22
46.671790857942,8.152167950224,22
46.671708330007,8.165235536514,22
46.671624304287,8.178303082401,22
46.671538780782,8.191370587158,22
46.671451759493,8.204438050059,22
46.678531766149,6.427008352319,22
46.678646964887,6.440077069663,22
46.678760665591,6.453145842524,22
46.678872868263,6.466214670176,22
46.678983572902,6.479283551891,22
46.680786006207,8.152286791620,22
46.680703464589,8.165356554492,22
46.680619424938,8.178426276961,22
46.680533887254,8.191495958300,22
46.687641751466,6.439910723340,22
46.687755471019,6.452981673509,22
46.687867692291,6.466052678469,22
46.687978415282,6.479123737492,22
46.689862204402,8.139333692775,22
46.689781147382,8.152405672631,22
46.689698592081,8.165477612810,22
46.689614538498,8.178549512587,22
46.689528986634,8.191621371235,22
46.689441936488,8.204693188026,22
46.696750269123,6.452817449788,22
46.696862508995,6.465890632781,22
46.696973250337,6.478963869838,22
46.697082493150,6.492037160232,22
46.698936923613,8.126376238529,22
46.698857351687,8.139450435368,22
46.698776281232,8.152524593257,22
46.698693712248,8.165598711470,22
46.698609644733,8.178672789280,22
46.705745059669,6.452653171359,22
46.705857318141,6.465728533111,22
46.705968077835,6.478803948927,22
46.706077338751,6.491879418080,22
46.707932076526,8.126490841253,22
46.707852491414,8.139567216850,22
46.707771407525,8.152643553498,22
46.707688824857,8.165719850470,22
46.707604743411,8.178796107039,22
46.714852119496,6.465566379460,22
46.714962897542,6.478643974761,22
46.715072176561,6.491721623399,22
46.715179956555,6.504799324647,22
46.716927221649,8.126605482140,22
46.716847623351,8.139684037222,22
46.716766526026,8.152762553355,22
46.723846912826,6.465404171828,22
46.723957709224,6.478483947338,22
46.724067006347,6.491563776187,22
46.724174804196,6.504643657645,22
46.726000470957,8.113639387677,22
46.725922358747,8.126720161192,22
46.725842747262,8.139800896484,22
46.725761636503,8.152881592827,22
46.732841697899,6.465241910214,22
46.732952512648,6.478323866661,22
46.733061827875,6.491405876444,22
46.733169643579,6.504487938839,22
46.733275959759,6.517570053117,22
46.733380776417,6.530652218553,22
46.734995612736,8.113751923958,22
46.734917487587,8.126834878408,22
46.734837862916,8.139917794636,22
46.734756738722,8.153000671914,22
46.741947307582,6.478163732727,22
46.742056640912,6.491247924172,22
46.742164474471,6.504332168227,22
46.742270808258,6.517416464167,22
46.742375642274,6.530500811264,22
46.742478976519,6.543585208792,22
46.742580810993,6.556669656023,22
46.744067384338,8.100779324069,22
46.743990746023,8.113864497677,22
46.743912607937,8.126949633788,22
46.743832970079,8.140034731677,22
46.743751832450,8.153119790617,22
46.750942093790,6.478003545537,22
46.751051445224,6.491089919369,22
46.751159296638,6.504176345811,22
46.751265648033,6.517262824138,22
46.751370499407,6.530349353622,22
46.751473850762,6.543435933536,22
46.751575702098,6.556522563154,22
46.751676053413,6.569609241750,22
46.751774904709,6.582695968596,22
46.751872255986,6.595782742967,22
46.753137672577,8.087802360076,22
46.753062521591,8.100889752840,22
46.752985870586,8.113977108835,22
46.752907719562,8.127064427333,22
46.752828068517,8.140151707609,22
46.760154109848,6.504020471591,22
46.760260478849,6.517109133030,22
46.760365347582,6.530197845626,22
46.760468716048,6.543286608652,22
46.760570584245,6.556375421383,22
46.760670952174,6.569464283091,22
46.760769819835,6.582553193050,22
46.760867187228,6.595642150532,22
46.760963054354,6.608731154813,22
46.762278639363,8.061731383295,22
46.762206476472,8.074821030530,22
46.762132813313,8.087910642448,22
46.762057649886,8.101000218324,22
46.761980986192,8.114089757431,22
46.761902822229,8.127179259042,22
46.761823157998,8.140268722430,22
46.769360186566,6.530046287276,22
46.769463572142,6.543137234141,22
46.769565457201,6.556228230709,22
46.769665841743,6.569319276255,22
46.769764725770,6.582410370052,22
46.769862109280,6.595501511372,22
46.769957992274,6.608592699490,22
46.770052374751,6.621683933679,22
46.771273795046,8.061835333978,22
46.771201620211,8.074927165051,22
46.771127944859,8.088018960808,22
46.771052768990,8.101110720521,22
46.770976092606,8.114202443466,22
46.770897915705,8.127294128915,22
46.778660721888,6.569174221243,22
46.778759622280,6.582267499603,22
46.778857021907,6.595360825487,22
46.778952920769,6.608454198168,22
46.779047318867,6.621547616920,22
46.779140216199,6.634641081016,22
46.780408812572,8.035751184885,22
46.780339627321,8.048845268973,22
46.780268941305,8.061939319198,22
46.780196754525,8.075033334834,22
46.780123066980,8.088127315154,22
46.780047878670,8.101221259432,22
46.779971189595,8.114315166940,22
46.787754509132,6.582124581702,22
46.787851924876,6.595220092875,22
46.787947839607,6.608315650845,22
46.788042253324,6.621411254886,22
46.788135166029,6.634506904271,22
46.788226577721,6.647602598274,22
46.789471668004,8.022754531550,22
46.789403972318,8.035850834063,22
46.789334775619,8.048947103440,22
46.789264077906,8.062043338955,22
46.789191879181,8.075139539880,22
46.789118179443,8.088235705489,22
46.796846817954,6.595079313538,22
46.796942748553,6.608177057523,22
46.797037177891,6.621274847578,22
46.797130105968,6.634372682978,22
46.797221532783,6.647470562995,22
46.797311458337,6.660568486902,22
46.798533034684,8.009753506862,22
46.798466829059,8.022852027799,22
46.798399122173,8.035950516327,22
46.798329914025,8.049048971719,22
46.798259204617,8.062147393248,22
46.798186993946,8.075245780187,22
46.805937647376,6.608038418200,22
46.806032092334,6.621138394995,22
46.806125035782,6.634238417135,22
46.806216477721,6.647338483892,22
46.806306418150,6.660438594540,22
46.806394857069,6.673538748351,22
46.806481794479,6.686638944600,22
46.806567230379,6.699739182560,22
46.807656125189,7.983647339056,22
46.807592911632,7.996748109372,22
46.807528196565,8.009848848731,22
46.807461979989,8.022949556408,22
46.807394261903,8.036050231676,22
46.807325042308,8.049150873808,22
46.807254321202,8.062251482077,22
46.815026996418,6.621001897138,22
46.815119955238,6.634104106743,22
46.815211412301,6.647206360966,22
46.815301367605,6.660308659079,22
46.815389821151,6.673411000356,22
46.815476772939,6.686513384071,22
46.815562222969,6.699615809497,22
46.815646171242,6.712718275906,22
46.815728617756,6.725820782573,22
46.816713020125,7.970635349617,22
46.816651297871,7.983738337628,22
46.816588073859,7.996841295409,22
46.816523348089,8.009944222234,22
46.816457120562,8.023047117377,22
46.816389391276,8.036149980110,22
46.816320160232,8.049252809708,22
46.824206336289,6.647074194216,22
46.824296306469,6.660178680521,22
46.824384774642,6.673283209989,22
46.824471740808,6.686387781895,22
46.824557204969,6.699492395512,22
46.824641167123,6.712597050112,22
46.824723627271,6.725701744970,22
46.824804585412,6.738806479359,22
46.824884041547,6.751911252551,22
46.825708192422,7.970724190181,22
46.825646459962,7.983829366382,22
46.825583225495,7.996934512355,22
46.825518489022,8.010039627372,22
46.825452250543,8.023144710706,22
46.825384510057,8.036249761630,22
46.833379717308,6.673155377249,22
46.833466697853,6.686262138072,22
46.833552176144,6.699368940605,22
46.833636152180,6.712475784123,22
46.833718625961,6.725582667897,22
46.833799597487,6.738689591203,22
46.833879066759,6.751796553312,22
46.833957033777,6.764903553499,22
46.834763594307,7.957705665580,22
46.834703353895,7.970813060202,22
46.834641611228,7.983920425320,22
46.834578366307,7.997027760210,22
46.834513619131,8.010135064143,22
46.842547136261,6.699245444778,22
46.842631126179,6.712354477937,22
46.842713613594,6.725463551355,22
46.842794598505,6.738572664302,22
46.842874080914,6.751681816054,22
46.842952060820,6.764791005883,22
46.843874747912,7.931573121288,22
46.843817502548,7.944682762377,22
46.843758754680,7.957792375417,22
46.843698504310,7.970901959680,22
46.843636751437,7.984011514441,22
46.843573496060,7.997121038973,22
46.851789588232,6.738455698657,22
46.851869083777,6.751567040777,22
46.851947076572,6.764678420974,22
46.852023566614,6.777789838521,22
46.852979917563,7.905431734965,22
46.852925668240,7.918543620341,22
46.852869916165,7.931655479121,22
46.852812661340,7.944767310578,22
46.852753903762,7.957879113985,22
46.852693643434,7.970990888617,22
46.852631880354,7.984102633746,22
46.852568614523,7.997214348645,22
46.860784566434,6.738338694267,22
46.860864075116,6.751452227480,22
46.860942080799,6.764565798770,22
46.861018583482,6.777679407412,22
46.861093583166,6.790793052677,22
46.862027847758,7.892395635554,22
46.861975092470,7.905509737892,22
46.861920834182,7.918623814361,22
46.861865072894,7.931737864234,22
46.861807808607,7.944851886784,22
46.861749041320,7.957965881286,22
46.861688771034,7.971079847011,22
46.861626997747,7.984193783233,22
46.869859054698,6.751337376164,22
46.869937073269,6.764453139274,22
46.870013588592,6.777568939734,22
46.870088600667,6.790684776818,22
46.870162109494,6.803800649799,22
46.870234115074,6.816916557951,22
46.871074280381,7.879355153191,22
46.871023019624,7.892471472491,22
46.870970255619,7.905587766648,22
46.870915988366,7.918704034936,22
46.870860217866,7.931820276628,22
46.870802944117,7.944936490998,22
46.870744167120,7.958052677318,22
46.878854022288,6.751222486830,22
46.878932053747,6.764340442484,22
46.879008581711,6.777458435488,22
46.879083606178,6.790576465117,22
46.879157127149,6.803694530643,22
46.879229144623,6.816812631339,22
46.879299658601,6.829930766480,22
46.880167476685,7.853191726478,22
46.880119214452,7.866310286427,22
46.880069448724,7.879428822688,22
46.880018179499,7.892547334533,22
46.879965406777,7.905665821235,22
46.879911130560,7.918784282067,22
46.879855350846,7.931902716304,22
46.879798067636,7.945021123218,22
46.888003562605,6.777347894675,22
46.888078599464,6.790468117573,22
46.888152132578,6.803588376369,22
46.888224161948,6.816708670336,22
46.888294687573,6.829828998747,22
46.888363709453,6.842949360875,22
46.888431227588,6.856069755994,22
46.888497241979,6.869190183376,22
46.889209415453,7.840140257630,22
46.889162648994,7.853261033813,22
46.889114378790,7.866381787033,22
46.889064604842,7.879502516564,22
46.889013327149,7.892623221678,22
46.888960545711,7.905743901651,22
46.888906260529,7.918864555753,22
46.896998531042,6.777237317293,22
46.897073580292,6.790359734187,22
46.897147125550,6.803482186979,22
46.897219166815,6.816604674942,22
46.897289704087,6.829727197348,22
46.897358737365,6.842849753472,22
46.897426266651,6.855972342586,22
46.897492291944,6.869094963964,22
46.897556813243,6.882217616880,22
46.898249853218,7.827084401483,22
46.898204583029,7.840207393898,22
46.898157808846,7.853330364076,22
46.898109530671,7.866453311292,22
46.898059748503,7.879576234818,22
46.898008462341,7.892699133929,22
46.897955672187,7.905822007896,22
46.906142105831,6.803375962472,22
46.906214158991,6.816500645156,22
46.906284707909,6.829625362283,22
46.906353752587,6.842750113128,22
46.906421293022,6.855874896964,22
46.906487329217,6.868999713063,22
46.906551861170,6.882124560700,22
46.906614888882,6.895249439148,22
46.906676412353,6.908374347680,22
46.906736431582,6.921499285568,22
46.906851957316,6.947749246512,22
46.907448840277,7.761523121447,22
46.907411083820,7.774648408862,22
46.907371823121,7.787773677675,22
46.907331058181,7.800898927159,22
46.907288788999,7.814024156587,22
46.907245015577,7.827149365232,22
46.907199737912,7.840274552367,22
46.907152956007,7.853399717267,22
46.907104669860,7.866524859204,22
46.907054879472,7.879649977451,22
46.907003584843,7.892775071283,22
46.915209138242,6.816396580978,22
46.915279698808,6.829523493553,22
46.915348754883,6.842650439844,22
46.915416306469,6.855777419127,22
46.915482353566,6.868904430673,22
46.915546896173,6.882031473757,22
46.915609934290,6.895158547651,22
46.915671467917,6.908285651630,22
46.915731497055,6.921412784965,22
46.915790021703,6.934539946932,22
46.915847041861,6.947667136802,22
46.915902557530,6.960794353850,22
46.916515035273,7.735322110811,22
46.916480281562,7.748449628699,22
46.916444023361,7.761577129438,22
46.916406260670,7.774704612300,22
46.916366993490,7.787832076560,22
46.916326221820,7.800959521490,22
46.916283945660,7.814086946364,22
46.916240165011,7.827214350456,22
46.916194879872,7.840341733039,22
46.916148090243,7.853469093385,22
46.916099796125,7.866596430769,22
46.924411306759,6.855679909075,22
46.924477364757,6.868809116794,22
46.924541918017,6.881938356050,22
46.924604966539,6.895067626117,22
46.924666510324,6.908196926267,22
46.924726549370,6.921326255775,22
46.924785083678,6.934455613914,22
46.924842113248,6.947584999957,22
46.924897638080,6.960714413177,22
46.924951658175,6.973843852848,22
46.925605466836,7.695982506497,22
46.925575221602,7.709112267645,22
46.925543471630,7.722242013824,22
46.925510216920,7.735371744306,22
46.925475457472,7.748501458366,22
46.925439193287,7.761631155277,22
46.925401424363,7.774760834312,22
46.925362150701,7.787890494744,22
46.925321372301,7.801020135846,22
46.925279089163,7.814149756893,22
46.925235301288,7.827279357157,22
46.925190008674,7.840408935912,22
46.933599985398,6.894976674544,22
46.933661539339,6.908108171593,22
46.933721588294,6.921239697999,22
46.933780132262,6.934371253035,22
46.933837171244,6.947502835976,22
46.933892705240,6.960634446094,22
46.933946734249,6.973766082662,22
46.933999258272,6.986897744955,22
46.934856949984,7.525309079522,22
46.934846264581,7.538441166043,22
46.934834074191,7.551573247041,22
46.934820378816,7.564705321789,22
46.934805178454,7.577837389562,22
46.934788473105,7.590969449632,22
46.934770262771,7.604101501273,22
46.934706601849,7.643497598352,22
46.934682371569,7.656629609008,22
46.934656636303,7.669761607602,22
46.934629396050,7.682893593407,22
46.934600650811,7.696025565695,22
46.934570400586,7.709157523741,22
46.934538645374,7.722289466818,22
46.934505385176,7.735421394199,22
46.934470619992,7.748553305156,22
46.934434349821,7.761685198965,22
46.934396574664,7.774817074898,22
46.934357294521,7.787948932228,22
46.934316509391,7.801080770228,22
46.934274219275,7.814212588173,22
46.934230424173,7.827344385335,22
46.934185124084,7.840476160987,22
