45.817172611862,6.723351661362,22
45.817253839896,6.736215780863,22
45.817333593737,6.749079940040,22
45.817411873386,6.761944138166,22
45.811570531042,8.768767351391,22
45.811417362390,8.781628651716,22
45.826167356100,6.723234475769,22
45.826248597817,6.736100702924,22
45.826328365093,6.748966969756,22
45.826406657928,6.761833275537,22
45.820564331589,8.768985282872,22
45.820411137134,8.781848690851,22
45.835162115413,6.723117249834,22
45.835243370814,6.735985585370,22
45.835323151525,6.748853960582,22
45.835401457546,6.761722374743,22
45.829558147211,8.769203289375,22
45.829404926955,8.782068805735,22
45.844156889569,6.722999983559,22
45.844238158653,6.735870428201,22
45.838551977676,8.769421370901,22
45.838398731617,8.782288996367,22
45.853151678334,6.722882676943,22
45.847545822749,8.769639527450,22
45.847392550889,8.782509262746,22
45.862146481475,6.722765329987,22
45.856539682198,8.769857759020,22
45.856386384536,8.782729604874,22
45.871141298757,6.722647942689,22
45.871222608890,6.735524719001,22
45.865533555789,8.770076065614,22
45.865380232325,8.782950022749,22
45.880136129949,6.722530515050,22
45.880217453765,6.735409403370,22
45.874679316623,8.757418302948,22
45.874527443289,8.770294447229,22
45.874374094023,8.783170516373,22
45.889130974816,6.722413047071,22
45.889212312315,6.735294048124,22
45.883521344464,8.770512903867,22
45.883367969397,8.783391085745,22
45.898125833125,6.722295538750,22
45.898207184308,6.735178653262,22
45.892515259082,8.770731435528,22
45.892361858213,8.783611730864,22
45.907120704643,6.722177990089,22
45.907202069509,6.735063218786,22
45.907281957699,6.747948487158,22
45.901509186909,8.770950042211,22
45.901355760238,8.783832451732,22
45.916115589137,6.722060401087,22
45.916196967686,6.734947744694,22
45.910503127711,8.771168723917,22
45.910349675238,8.784053248347,22
45.925110486373,6.721942771744,22
45.919497081255,8.771387480645,22
45.919343602981,8.784274120711,22
45.934105396117,6.721825102060,22
45.934186802033,6.734716677663,22
45.928491047309,8.771606312395,22
45.928337543232,8.784495068823,22
45.937331495759,8.784716092682,22
45.952095252200,6.721589641669,22
45.946325460328,8.784937192290,22
45.961090198072,6.721471850963,22
45.955319436706,8.785158367645,22
45.970085155519,6.721354019915,22
45.964467031944,8.772482389621,22
45.964313424660,8.785379618749,22
45.979080124308,6.721236148527,22
45.973461057042,8.772701596483,22
45.973307423956,8.785600945601,22
45.988075104206,6.721118236797,22
45.982455093248,8.772920878369,22
45.982301434361,8.785822348200,22
45.997070094980,6.721000284727,22
45.991449140331,8.773140235276,22
45.991295455641,8.786043826548,22
46.006065096396,6.720882292316,22
46.000443198055,8.773359667206,22
46.000289487564,8.786265380643,22
46.015060108221,6.720764259564,22
46.009283529895,8.786487010487,22
46.024055130221,6.720646186471,22
46.024136672968,6.733558965593,22
46.018277582402,8.786708716079,22
46.033050162164,6.720528073038,22
46.033131718594,6.733442976501,22
46.027271644852,8.786930497418,22
46.042045203815,6.720409919263,22
46.042126773928,6.733326947795,22
46.036265717010,8.787152354506,22
46.051040254942,6.720291725148,22
46.051121838739,6.733210879473,22
46.051201941886,6.746130073474,22
46.045259798643,8.787374287341,22
46.060035315311,6.720173490691,22
46.060116912791,6.733094771535,22
46.060197029373,6.746016092055,22
46.054253889519,8.787596295925,22
46.069030384689,6.720055215894,22
46.069111995852,6.732978623982,22
46.069192125869,6.745902071747,22
46.078025462843,6.719936900756,22
46.078107087689,6.732862436814,22
46.087020549539,6.719818545277,22
46.087102188068,6.732746210031,22
46.096015644544,6.719700149457,22
46.105010747624,6.719581713296,22
46.114005858547,6.719463236794,22
46.114087538126,6.732397291989,22
46.123000977078,6.719344719951,22
46.123082670340,6.732280906744,22
46.131996102985,6.719226162768,22
46.132077809930,6.732164481884,22
46.132158033991,6.745102840676,22
46.132236775167,6.758041238417,22
46.126206921247,8.789375091522,22
46.140991236034,6.719107565244,22
46.141072956663,6.732048017409,22
46.141153194158,6.744988509250,22
46.135201084802,8.789597781837,22
46.149986375993,6.718988927378,22
46.150068110304,6.731931513318,22
46.150148361234,6.744874138933,22
46.144349378588,8.776880781137,22
46.144195255267,8.789820547901,22
46.158981522626,6.718870249172,22
46.159063270621,6.731814969612,22
46.159143534986,6.744759729728,22
46.153343581530,8.777101488449,22
46.153189432408,8.790043389713,22
46.167976675702,6.718751530625,22
46.168058437380,6.731698386290,22
46.168138715180,6.744645281632,22
46.162337790914,8.777322270783,22
46.162183615990,8.790266307272,22
46.176971834987,6.718632771737,22
46.177053610348,6.731581763354,22
46.177133901583,6.744530794646,22
46.171484723107,8.764596880561,22
46.171332006508,8.777543128139,22
46.171177805782,8.790489300580,22
46.185967000247,6.718513972508,22
46.186048789291,6.731465100802,22
46.186129093961,6.744416268771,22
46.186207914256,6.757367475690,22
46.180478970230,8.764815676263,22
46.180326228077,8.777764060518,22
46.180172001549,8.790712369635,22
46.194962171250,6.718395132938,22
46.195043973977,6.731348398634,22
46.195124292082,6.744301704006,22
46.195203125563,6.757255048327,22
46.189473223094,8.765034546262,22
46.189320455388,8.777985067919,22
46.189166203058,8.790935514439,22
46.204039164172,6.731231656851,22
46.204119495711,6.744187100351,22
46.204198342379,6.757142582800,22
46.204275704175,6.770098103472,22
46.198467481468,8.765253490558,22
46.198314688208,8.778206150343,22
46.198160410076,8.791158734991,22
46.213034359642,6.731114875453,22
46.213114704616,6.744072457806,22
46.213193564470,6.757030079109,22
46.207461745117,8.765472509151,22
46.207308926303,8.778427307789,22
46.207154622370,8.791382031290,22
46.222029560154,6.730998054440,22
46.222109918563,6.743957776372,22
46.222188791604,6.756917537253,22
46.216607372807,8.752734589412,22
46.216456013808,8.765691602040,22
46.216303169441,8.778648540258,22
46.216148839706,8.791605403338,22
46.230942908016,6.717919371251,22
46.231024765476,6.730881193811,22
46.231105137319,6.743843056048,22
46.231184023547,6.756804957234,22
46.231261424158,6.769766896642,22
46.225601671613,8.752951616294,22
46.225450287308,8.765910769227,22
46.225297417388,8.778869847749,22
46.225143061850,8.791828851133,22
46.240019975373,6.730764293567,22
46.240100360651,6.743728296834,22
46.240179260065,6.756692339050,22
46.234595974993,8.753168716747,22
46.234444565384,8.766130010710,22
46.234291669910,8.779091230262,22
46.234137288571,8.792052374677,22
46.248933304785,6.717681248361,22
46.249015189612,6.730647353708,22
46.249095588325,6.743613498730,22
46.249174500925,6.756579682702,22
46.243740231518,8.740422381370,22
46.243590282717,8.753385890772,22
46.243438847802,8.766349326490,22
46.243285926774,8.779312687798,22
46.243131519633,8.792275973969,22
46.257928509450,6.717562126405,22
46.258010407960,6.730530374233,22
46.258090820108,6.743498661737,22
46.258169745895,6.756466988190,22
46.252734568407,8.740637486484,22
46.252584594548,8.753603138368,22
46.252433134329,8.766568716568,22
46.252280187747,8.779534220357,22
46.266923717991,6.717442964109,22
46.267005630183,6.730413355143,22
46.267086055766,6.743383785853,22
46.267164994739,6.756354255513,22
46.261728909171,8.740852664445,22
46.261578910256,8.753820459535,22
46.261427424731,8.766788180942,22
46.261274452596,8.779755827937,22
46.275918930173,6.717323761471,22
46.276000856049,6.730296296438,22
46.276081295067,6.743268871080,22
46.276160247227,6.756241484672,22
46.276237712528,6.769214136487,22
46.270871790692,8.728097903271,22
46.270723253578,8.741067915251,22
46.270573229606,8.754037854274,22
46.270421718776,8.767007719613,22
46.270268721087,8.779977510541,22
46.284996085324,6.730179198117,22
46.285076537776,6.743153917417,22
46.285155503123,6.756128675667,22
46.285232981362,6.769103472140,22
46.279866163316,8.728311082265,22
46.279717601393,8.741283238903,22
46.279567552364,8.754255322584,22
46.279416016229,8.767227332580,22
46.293991317774,6.730062060181,22
46.294071783661,6.743038924865,22
46.294150762194,6.756015828498,22
46.294228253372,6.768992770354,22
46.289153250514,8.702575513372,22
46.289007638492,8.715549959128,22
46.288860539116,8.728524333380,22
46.288711952384,8.741498635401,22
46.288561878299,8.754472864465,22
46.303067032488,6.742923893422,22
46.303146024208,6.755902943165,22
46.303223528324,6.768882031130,22
46.303299544837,6.781861156591,22
46.298147678128,8.702784544388,22
46.298002041794,8.715761136253,22
46.297854917857,8.728737656614,22
46.297706306318,8.741714104745,22
46.297556207175,8.754690479918,22
46.312062284025,6.742808823090,22
46.312141288930,6.755790019667,22
46.312218805985,6.768771254467,22
46.312294835188,6.781752526762,22
46.312369376540,6.794733835827,22
46.307142108450,8.702993646074,22
46.306996447805,8.715972384773,22
46.306849299308,8.728951051969,22
46.306700662960,8.741929646934,22
46.321136556129,6.755677058005,22
46.321214086121,6.768660440365,22
46.321290128014,6.781643860221,22
46.321364681807,6.794627316846,22
46.316280738106,8.690221861392,22
46.316136541249,8.703202818429,22
46.315990856291,8.716183704688,22
46.315843683234,8.729164519444,22
46.315695022077,8.742145261969,22
46.330131825569,6.755564058179,22
46.330209368500,6.768549588825,22
46.330285423083,6.781535156966,22
46.330359989317,6.794520761877,22
46.325275197210,8.690428956130,22
46.325130976289,8.703412061453,22
46.324985267020,8.716395095998,22
46.324838069403,8.729378059039,22
46.339127097018,6.755451020189,22
46.339204652887,6.768438699846,22
46.339280720160,6.781426416998,22
46.339355298836,6.794414170920,22
46.339428388916,6.807401960885,22
46.334269658323,8.690636120812,22
46.334125413338,8.703621375146,22
46.333979679757,8.716606558702,22
46.333832457580,8.729591670755,22
46.348199939050,6.768327773428,22
46.348276019013,6.781317640317,22
46.348350610131,6.794307543976,22
46.348423712404,6.807297483677,22
46.348495325832,6.820287458695,22
46.343406901415,8.677855881316,22
46.343264121211,8.690843355437,22
46.343119852163,8.703830759508,22
46.342974094270,8.716818092801,22
46.342826847533,8.729805354591,22
46.357271319408,6.781208826923,22
46.357345922967,6.794200881044,22
46.357419037433,6.807192971208,22
46.357490662807,6.820185096688,22
46.352401389661,8.678061035422,22
46.352258585642,8.691050660006,22
46.352114292530,8.704040214539,22
46.351968510326,8.717029698295,22
46.366266621112,6.781099976816,22
46.366341237113,6.794094182125,22
46.366414363772,6.807088423477,22
46.366486001090,6.820082700144,22
46.366556149067,6.833077011401,22
46.366624807702,6.846071356521,22
46.361253051381,8.691258034519,22
46.361108734206,8.704249740239,22
46.360962927690,8.717241375183,22
46.375336552334,6.793987447218,22
46.375409691186,6.806983840483,22
46.375481340449,6.819980269064,22
46.375551500123,6.832976732235,22
46.375620170206,6.845973229268,22
46.375687350700,6.858969759437,22
46.370247518196,8.691465478975,22
46.370103176958,8.704459336609,22
46.384476680650,6.819877803448,22
46.384546852020,6.832876419257,22
46.384615533552,6.845875068929,22
46.384682725246,6.858873751737,22
46.379241985854,8.691672993374,22
46.379097620551,8.704669003648,22
46.378951765411,8.717664943144,22
46.393472021461,6.819775303295,22
46.393542204527,6.832776072469,22
46.393610897507,6.845776875505,22
46.393678100400,6.858777711678,22
46.393743813208,6.871778580260,22
46.388236454120,8.691880577717,22
46.388092064754,8.704878741355,22
46.387946185302,8.717876834216,22
46.402537557409,6.832675691870,22
46.402606261837,6.845678648996,22
46.402673475931,6.858681639259,22
46.402739199689,6.871684661931,22
46.402803433114,6.884687716286,22
46.397373845856,8.679087844225,22
46.397230922761,8.692088232004,22
46.397086509332,8.705088549732,22
46.396940605568,8.718088796683,22
46.411532910433,6.832575277460,22
46.411601626310,6.845580389402,22
46.411668851603,6.858585534480,22
46.411734586313,6.871590711968,22
46.406509794782,8.666290801722,22
46.406368338455,8.679293413640,22
46.406225391545,8.692295956234,22
46.406080954053,8.705298428778,22
46.405935025977,8.718300830544,22
46.420596990691,6.845482096722,22
46.420664227184,6.858489397342,22
46.420729972846,6.871496730371,22
46.420794227677,6.884504095082,22
46.415782798150,8.640484544828,22
46.415644299919,8.653489448756,22
46.415504310857,8.666494284813,22
46.415362830963,8.679499052273,22
46.415219860238,8.692503750408,22
46.415075398682,8.705508378493,22
46.414929446294,8.718512935801,22
46.429592354748,6.845383770957,22
46.429659602441,6.858393227844,22
46.429725359055,6.871402717139,22
46.429789624588,6.884412238118,22
46.429852399042,6.897421790052,22
46.429913682416,6.910431372216,22
46.424914390510,8.627676656540,22
46.424777360289,8.640683783879,22
46.424638838988,8.653690844073,22
46.424498826607,8.666697836397,22
46.424357323147,8.679704760123,22
46.424214328607,8.692711614526,22
46.424069842987,8.705718398877,22
46.438654977140,6.858297025986,22
46.438720744705,6.871308672274,22
46.438785020942,6.884320350244,22
46.438847805851,6.897332059171,22
46.438909099432,6.910343798327,22
46.434178607016,8.601855038453,22
46.434044536628,8.614864454892,22
46.433908974913,8.627873805640,22
46.433771921870,8.640883089970,22
46.433633377499,8.653892307157,22
46.433493341800,8.666901456473,22
46.447716129565,6.871214595774,22
46.447780416505,6.884228431462,22
46.447843211868,6.897242298107,22
46.447904515655,6.910256194981,22
46.447964327866,6.923270121357,22
46.443305836662,8.589036299311,22
46.443173235526,8.602047938432,22
46.443039142814,8.615059512589,22
46.442903558525,8.628071021055,22
46.442766482660,8.641082463103,22
46.442627915219,8.654093838008,22
46.456775811043,6.884136481771,22
46.456838616861,6.897152506860,22
46.456899930855,6.910168562177,22
46.456959753024,6.923184646997,22
46.452300486225,8.589227105712,22
46.452167863012,8.602240903276,22
46.452033747975,8.615254635876,22
46.451898141113,8.628268302785,22
46.451761042426,8.641281903277,22
46.465771204323,6.884044501172,22
46.465834020596,6.897062685429,22
46.465895344797,6.910080899915,22
46.465955176924,6.923099143905,22
46.461295134530,8.589417976252,22
46.461162489241,8.602433932985,22
46.461028351878,8.615449824754,22
46.460892722442,8.628465650832,22
46.474829422841,6.896972833816,22
46.474890757247,6.909993208197,22
46.474950599333,6.923013612080,22
46.475008949097,6.936034044740,22
46.470420956390,8.576590730065,22
46.470289781345,8.589608910930,22
46.470157113978,8.602627027558,22
46.470022954290,8.615645079221,22
46.483824823360,6.896882952019,22
46.483886167974,6.909905487020,22
46.483946020017,6.922928051524,22
46.484004379491,6.935950644803,22
46.484061246395,6.948973266132,22
46.479415623308,8.576779568263,22
46.479284426434,8.589799909748,22
46.479151736991,8.602820186996,22
46.479017554978,8.615840399280,22
46.492881576742,6.909817736386,22
46.492941438744,6.922842462235,22
46.492999807928,6.935867216861,22
46.493056684293,6.948891999535,22
46.493112067841,6.961916809533,22
46.488540014153,8.563945903533,22
46.488410288268,8.576968469874,22
46.488279069566,8.589990972705,22
46.488146358046,8.603013411298,22
46.501876983319,6.909729956294,22
46.501936855279,6.922756844215,22
46.501995234173,6.935783760912,22
46.502052120000,6.948810705657,22
46.502107512761,6.961837677726,22
46.502161412456,6.974864676391,22
46.497534698502,8.564132706487,22
46.497404951038,8.577157434899,22
46.497273710507,8.590182099801,22
46.497140976910,8.603206700466,22
46.510990657994,6.935700276956,22
46.511047553283,6.948729384499,22
46.511102955257,6.961758519364,22
46.511156863916,6.974787680825,22
46.511209279261,6.987816868156,22
46.511260201291,7.000846080629,22
46.506657656157,8.551292618135,22
46.506529380427,8.564319572128,22
46.506399611383,8.577346463338,22
46.506268349023,8.590373291036,22
46.506135593349,8.603400054498,22
46.520042983907,6.948648036059,22
46.520098395094,6.961679334447,22
46.520152312719,6.974710659430,22
46.520204736780,6.987742010283,22
46.520255667278,7.000773386279,22
46.520305104214,7.013804786691,22
46.515652356756,8.551477382942,22
46.515524059694,8.564506500458,22
46.515394269070,8.577535555189,22
46.515262984882,8.590564546410,22
46.529038411641,6.948566660338,22
46.529093832041,6.961600122974,22
46.529147758630,6.974633612205,22
46.529200191408,6.987667127306,22
46.529251130374,7.000700667550,22
46.529300575530,7.013734232210,22
46.524647054464,8.551662209712,22
46.524518736070,8.564693491475,22
46.524388923866,8.577724710455,22
46.524257617849,8.590755865924,22
46.538195642912,6.987592219225,22
46.538246590346,7.000627924442,22
46.538296043721,7.013663654075,22
46.538344003036,7.026699407398,22
46.533768594713,8.538813589650,22
46.533641749048,8.551847098444,22
46.533513409322,8.564880545181,22
46.533383575537,8.577913929134,22
46.547191091057,6.987517286040,22
46.547242046960,7.000555156956,22
46.547291508555,7.013593052288,22
46.547339475842,7.026630971309,22
46.542763307022,8.538996374645,22
46.542636440273,8.552032049138,22
46.542508079216,8.565067661575,22
46.542378223851,8.578103211227,22
46.556237499983,7.000482365091,22
46.556286969797,7.013522426847,22
46.556334945056,7.026562512293,22
46.556381425758,7.039602620702,22
46.551883409017,8.526141318629,22
46.551758015741,8.539179220878,22
46.551631127908,8.552217061796,22
46.551502745519,8.565254840656,22
46.551372868574,8.578292556733,22
46.565232949181,7.000409548847,22
46.565282427216,7.013451777754,22
46.565330410445,7.026494030350,22
46.565376898871,7.039536305909,22
46.560878134746,8.526322058948,22
46.560752720634,8.539362128347,22
46.560625811718,8.552402136415,22
46.560497407997,8.565442082426,22
46.574228394322,7.000336708225,22
46.574277880576,7.013381105007,22
46.574325871777,7.026425525479,22
46.574372367926,7.039469968913,22
46.574417369021,7.052514434584,22
46.569872856417,8.526502859779,22
46.569747421470,8.539545097053,22
46.569620491470,8.552587272997,22
46.569492066418,8.565629386883,22
46.583273329645,7.013310408607,22
46.583321328818,7.026356997680,22
46.583367832690,7.039403609716,22
46.583412841260,7.052450243987,22
46.578991534277,8.513639254641,22
46.578867573797,8.526683721121,22
46.578742118015,8.539728126996,22
46.578615166932,8.552772471541,22
46.592268774190,7.013239688554,22
46.592316781335,7.026288446954,22
46.592363292929,7.039337228316,22
46.592408308974,7.052386031915,22
46.592451829469,7.065434857022,22
46.588108753237,8.500771311484,22
46.587986267720,8.513818007168,22
46.587862286652,8.526864642974,22
46.587736810035,8.539911218176,22
46.587609837869,8.552957732048,22
46.601312229093,7.026219873300,22
46.601358748411,7.039270824715,22
46.601403771931,7.052321798366,22
46.601447299653,7.065372793526,22
46.601489331576,7.078423809468,22
46.597103502261,8.500947953744,22
46.596980996404,8.513996819480,22
46.596856994750,8.527045625339,22
46.596731497298,8.540094370593,22
46.596604504048,8.553143054517,22
46.610307671861,7.026151276719,22
46.610354198902,7.039204398912,22
46.610399229896,7.052257543340,22
46.610442764845,7.065310709278,22
46.610484803746,7.078363895999,22
46.610525346602,7.091417102775,22
46.606219276441,8.488073559399,22
46.606098246293,8.501124655064,22
46.605975720098,8.514175691578,22
46.605851697857,8.527226668215,22
46.605726179569,8.540277584247,22
46.619349644168,7.039137950906,22
46.619394682637,7.052193266838,22
46.619438224812,7.065248604280,22
46.619480270692,7.078303962504,22
46.619520820278,7.091359340784,22
46.619559873568,7.104414738393,22
46.615451646932,8.462141439395,22
46.615214035339,8.488248148276,22
46.615092985100,8.501301415444,22
46.614970438567,8.514354623462,22
46.614846395739,8.527407771602,22
46.628390129920,7.052128968860,22
46.628433679322,7.065186478530,22
46.628475732180,7.078244008983,22
46.628516288495,7.091301559492,22
46.628555348268,7.104359129331,22
46.628592911497,7.117416717772,22
46.628628978183,7.130474324089,22
46.628663548327,7.143531947555,22
46.624791692277,8.423144736676,22
46.624678104663,8.436200460926,22
46.624563020507,8.449256129660,22
46.624446439807,8.462311742149,22
46.624328362564,8.475367297667,22
46.624208788778,8.488422795488,22
46.624087718450,8.501478234885,22
46.623965151578,8.514533615131,22
46.623841088163,8.527588935500,22
46.637429128140,7.065124332030,22
46.637471187977,7.078184035437,22
46.637511751022,7.091243758901,22
46.637550817276,7.104303501694,22
46.637588386738,7.117363263090,22
46.637624459409,7.130423042361,22
46.637659035289,7.143482838782,22
46.637692114378,7.156542651626,22
46.637723696675,7.169602480165,22
46.633898646422,8.410250625454,22
46.633786536752,8.423308577450,22
46.633672930289,8.436366474655,22
46.633557827036,8.449424316342,22
46.633441226991,8.462482101786,22
46.633323130155,8.475539830259,22
46.633203536527,8.488597501034,22
46.633082446108,8.501655113386,22
46.646507207624,7.091185939010,22
46.646546280359,7.104247855483,22
46.646583856055,7.117309790559,22
46.646619934711,7.130371743511,22
46.646654516327,7.143433713612,22
46.646687600904,7.156495700135,22
46.646719188441,7.169557702355,22
46.646749278938,7.182619719544,22
46.646777872396,7.195681750976,22
46.643004134804,8.397352167515,22
46.642893503573,8.410412347254,22
46.642781375302,8.423472472930,22
46.642667749991,8.436532543815,22
46.642552627641,8.449592559183,22
46.642436008251,8.462652518306,22
46.642317891821,8.475712420459,22
46.642198278352,8.488772264915,22
46.655579319214,7.117256300179,22
46.655615403855,7.130320427537,22
46.655649991208,7.143384572044,22
46.655683081273,7.156448732973,22
46.655714674049,7.169512909598,22
46.655744769538,7.182577101193,22
46.655773367739,7.195641307030,22
46.655800468652,7.208705526384,22
46.655826072277,7.221769758526,22
46.655850178613,7.234834002732,22
46.652108156444,8.384449361408,22
46.651999004149,8.397511768890,22
46.651888354565,8.410574123036,22
46.651776207694,8.423636423117,22
46.651662563535,8.436698668408,22
46.651547422088,8.449760858181,22
46.664645459697,7.143335414078,22
46.664678555250,7.156401750139,22
46.664710153267,7.169468101895,22
46.664740253747,7.182534468621,22
46.664768856691,7.195600849590,22
46.664795962099,7.208667244074,22
46.664821569970,7.221733651348,22
46.664845680305,7.234800070685,22
46.664868293103,7.247866501357,22
46.664889408366,7.260932942639,22
46.661210710363,8.371542205684,22
46.661103037501,8.384606840908,22
46.660993867102,8.397671423522,22
46.660883199167,8.410735952799,22
46.660771033696,8.423800428011,22
46.660657370688,8.436864848433,22
46.673735731331,7.182491821828,22
46.673764339018,7.195560378654,22
46.673791448921,7.208628948995,22
46.673817061039,7.221697532126,22
46.673841175372,7.234766127319,22
46.673863791920,7.247834733848,22
46.673884910684,7.260903350987,22
46.673904531663,7.273971978009,22
46.673922654858,7.287040614186,22
46.673939280268,7.300109258793,22
46.670205602650,8.371697561858,22
46.670097911933,8.384764372939,22
46.669988723431,8.397831131410,22
46.669878037144,8.410897836543,22
46.669765853072,8.423964487612,22
46.682786928886,7.208590641146,22
46.682812545250,7.221661400859,22
46.682836663581,7.234732172635,22
46.682859283879,7.247802955746,22
46.682880406145,7.260873749467,22
46.682900030377,7.273944553071,22
46.682918156576,7.287015365831,22
46.682934784743,7.300086187020,22
46.682949914876,7.313157015912,22
46.682963546976,7.326227851779,22
46.679306698620,8.358783930288,22
46.679200488080,8.371852969836,22
46.679092779508,8.384921957500,22
46.678983572902,8.397990892553,22
46.678872868263,8.411059774269,22
46.691832144699,7.234698206632,22
46.691854768747,7.247771167051,22
46.691875894514,7.260844138080,22
46.691895522000,7.273917118992,22
46.691913651204,7.286990109059,22
46.691930282127,7.300063107556,22
46.691945414768,7.313136113756,22
46.691959049128,7.326209126931,22
46.691971185207,7.339282146356,22
46.691981823004,7.352355171304,22
46.688509556014,8.332794626307,22
46.688406324431,8.345865944751,22
46.688301594565,8.358937212764,22
46.688195366419,8.372008429619,22
46.688087639991,8.385079594591,22
46.687978415282,8.398150706952,22
46.700891006298,7.273889675770,22
46.700909138507,7.286964843871,22
46.700925772186,7.300040020402,22
46.700940907336,7.313115204635,22
46.700954543956,7.326190395844,22
46.700966682046,7.339265593302,22
46.700977321607,7.352340796283,22
46.700986462638,7.365416004060,22
46.700994105139,7.378491215907,22
46.701000249111,7.391566431096,22
46.698092502145,8.254501606582,22
46.697606229269,8.319870057614,22
46.697504479104,8.332943603795,22
46.697401230410,8.346017100272,22
46.697296483186,8.359090546318,22
46.697190237433,8.372163941207,22
46.697082493150,8.385237284212,22
46.709921254688,7.300016925556,22
46.709936392346,7.313094288548,22
46.709950031225,7.326171658516,22
46.709962171327,7.339249034734,22
46.709972812651,7.352326416474,22
46.709981955197,7.365403803010,22
46.709989598965,7.378481193615,22
46.709995743954,7.391558587563,22
46.710000390166,7.404635984127,22
46.710003537600,7.417713382581,22
46.707180289481,8.241561553240,22
46.707087515123,8.254637561144,22
46.706993241987,8.267713523704,22
46.706897470073,8.280789440193,22
46.706800199381,8.293865309885,22
46.706701429910,8.306941132053,22
46.706601161662,8.320016905970,22
46.706499394636,8.333092630911,22
46.706396128832,8.346168306147,22
46.706291364250,8.359243930952,22
46.706185100889,8.372319504600,22
46.706077338751,8.385395026364,22
46.718957652817,7.339232470651,22
46.718968295904,7.352312031876,22
46.718977439965,7.365391597896,22
46.718985084999,7.378471167986,22
46.718991231007,7.391550741419,22
46.718995877989,7.404630317468,22
46.718999025944,7.417709895405,22
46.719000674873,7.430789474506,22
46.719000824776,7.443869054043,22
46.718999475652,7.456948633289,22
46.716444685072,8.202460546628,22
46.716356392421,8.215538865689,22
46.716266600744,8.228617141585,22
46.716175310040,8.241695373591,22
46.716082520310,8.254773560980,22
46.715988231554,8.267851703024,22
46.715892443771,8.280929798998,22
46.715795156962,8.294007848175,22
46.715696371127,8.307085849828,22
46.715596086265,8.320163803230,22
46.715494302377,8.333241707654,22
46.715391019462,8.346319562375,22
46.715286237522,8.359397366665,22
46.727972916709,7.365379388720,22
46.727980563009,7.378461139020,22
46.727986710036,7.391542892663,22
46.727991357787,7.404624648921,22
46.727994506264,7.417706407069,22
46.727996155466,7.430788166380,22
46.727996305393,7.443869926127,22
46.727994956046,7.456951685583,22
46.727992107424,7.470033444021,22
46.727987759528,7.483115200716,22
46.725611858964,8.176426745772,22
46.725526550235,8.189507329191,22
46.725439742232,8.202587870899,22
46.725351434954,8.215668370169,22
46.725261628401,8.228748826276,22
46.725170322574,8.241829238492,22
46.725077517472,8.254909606091,22
46.724887409445,8.281070204530,22
46.724790106519,8.294150433916,22
46.724691304318,8.307230615779,22
46.724591002843,8.320310749391,22
46.724489202093,8.333390834026,22
46.736982180806,7.391535041294,22
46.736986829327,7.404618978489,22
46.736989978326,7.417702917572,22
46.736991627801,7.430786857819,22
46.736991777753,7.443870798501,22
46.736990428183,7.456954738893,22
46.736987579089,7.470038678267,22
46.736983230472,7.483122615897,22
46.736977382333,7.496206551057,22
46.736970034670,7.509290483020,22
46.736961187484,7.522374411058,22
46.734853907812,8.137301214483,22
46.734773083523,8.150384099609,22
46.734690759710,8.163466945205,22
46.734606936374,8.176549750543,22
46.734521613515,8.189632514898,22
46.734434791134,8.202715237542,22
46.734346469229,8.215797917748,22
46.734256647801,8.228880554790,22
46.734165326851,8.241963147942,22
46.734072506377,8.255045696476,22
46.733785047818,8.294293067109,22
46.745987091645,7.430785548822,22
46.745987241622,7.443871671165,22
46.745985891828,7.456957793218,22
46.745983042262,7.470043914254,22
46.745978692926,7.483130033546,22
46.745972843817,7.496216150367,22
46.745965494938,7.509302263990,22
46.745956646287,7.522388373690,22
46.745946297865,7.535474478739,22
46.745934449671,7.548560578410,22
46.744230709437,8.071991813728,22
46.744157370618,8.085077067269,22
46.744082532029,8.098162284912,22
46.744006193668,8.111247465932,22
46.743928355536,8.124332609601,22
46.743849017632,8.137417715192,22
46.743768179957,8.150502781980,22
46.743685842511,8.163587809237,22
46.743602005294,8.176672796236,22
46.743516668305,8.189757742252,22
46.743429831545,8.202842646557,22
46.743341495013,8.215927508425,22
46.743251658710,8.229012327128,22
46.743160322636,8.242097101941,22
