46.049694945026,9.126030784790,23
46.049500799298,9.138946924031,23
46.049305172673,9.151862967643,23
46.049108065149,9.164778914899,23
46.048909476727,9.177694765073,23
46.048709407407,9.190610517437,23
46.048507857189,9.203526171265,23
46.048304826074,9.216441725830,23
46.027264227290,10.249300126420,23
46.026941243436,10.262205227450,23
46.026616778684,10.275110169630,23
46.026290833034,10.288014952234,23
46.025963406486,10.300919574535,23
46.025634499041,10.313824035807,23
46.025304110697,10.326728335323,23
46.024972241455,10.339632472357,23
46.024638891315,10.352536446181,23
46.059072193546,9.100471785976,23
46.058880977555,9.113390241540,23
46.058688280417,9.126308602929,23
46.058494102133,9.139226869415,23
46.058298442702,9.152145040271,23
46.058101302125,9.165063114772,23
46.057902680402,9.177981092190,23
46.057702577532,9.190898971799,23
46.057500993516,9.203816752871,23
46.035930763235,10.262670243110,23
46.035606244073,10.275577312534,23
46.035280243765,10.288484222383,23
46.034952762311,10.301390971929,23
46.034623799710,10.314297560445,23
46.034293355963,10.327203987206,23
46.033961431070,10.340110251484,23
46.033628025030,10.353016352553,23
46.033293137844,10.365922289685,23
46.068630457867,9.061983134539,23
46.068443654000,9.074903996241,23
46.068255368737,9.087824765948,23
46.068065602081,9.100745442932,23
46.067874354029,9.113666026467,23
46.067681624583,9.126586515825,23
46.067487413742,9.139506910281,23
46.067291721507,9.152427209108,23
46.043613109155,10.314771246592,23
46.043282610005,10.327679801323,23
46.042950629460,10.340588193571,23
46.042617167520,10.353496422610,23
46.042282224186,10.366404487712,23
46.041945799457,10.379312388152,23
46.077993195069,9.036404244836,23
46.077809323172,9.049327417047,23
46.077623969633,9.062250498714,23
46.077437134451,9.075173489113,23
46.077248817625,9.088096387515,23
46.077059019157,9.101019193195,23
46.076867739046,9.113941905425,23
46.076674977292,9.126864523479,23
46.076480733894,9.139787046631,23
46.076285008854,9.152709474154,23
46.051939836392,10.341066298618,23
46.051606318553,10.353976656352,23
46.051271319071,10.366886850150,23
46.050934837945,10.379796879286,23
46.050596875177,10.392706743033,23
46.087169197851,9.023742049852,23
46.086986777028,9.036667441299,23
46.086802874314,9.049592742931,23
46.086617489708,9.062517954020,23
46.086430623211,9.075443073839,23
46.086242274822,9.088368101663,23
46.086052444542,9.101293036764,23
46.085861132371,9.114217878416,23
46.085668338309,9.127142625891,23
46.060929051634,10.341544566624,23
46.060595477894,10.354457053780,23
46.060260422264,10.367369376999,23
46.059923884742,10.380281535556,23
46.059585865329,10.393193528724,23
46.059246364025,10.406105355776,23
46.058905380829,10.419017015984,23
46.058562915742,10.431928508624,23
46.096343787709,9.011075595163,23
46.096162818456,9.024003205847,23
46.095980367063,9.036930727441,23
46.095796433530,9.049858159219,23
46.095611017858,9.062785500455,23
46.095424120046,9.075712750421,23
46.095235740095,9.088639908392,23
46.069584645311,10.354937614893,23
46.069249533533,10.367852068259,23
46.068912939615,10.380766356963,23
46.068574863557,10.393680480277,23
46.068235305359,10.406594437476,23
46.067894265022,10.419508227831,23
46.067551742545,10.432421850618,23
46.105516963665,8.998404879320,23
46.105337446478,9.011334709239,23
46.105156446903,9.024264450795,23
46.104973964940,9.037194103261,23
46.104790000590,9.050123665912,23
46.104604553851,9.063053138020,23
46.077902002329,10.381251343506,23
46.077563869626,10.394167597693,23
46.077224254536,10.407083685763,23
46.076883157057,10.419999606991,23
46.076540577190,10.432915360650,23
46.076196514935,10.445830946013,23
46.114510660115,8.998661950025,23
46.114331112855,9.011593911542,23
46.114150082959,9.024525784696,23
46.113967570426,9.037457568760,23
46.113598097452,9.063320866715,23
46.086552883305,10.394654880970,23
46.086213211321,10.407573100639,23
46.085872056701,10.420491153465,23
46.085529419444,10.433409038721,23
46.085185299551,10.446326755682,23
46.084839697022,10.459244303620,23
46.123682458390,8.985984926757,23
46.123504363942,8.998919108233,23
46.123324786608,9.011853202073,23
46.123143726391,9.024787207550,23
46.122961183288,9.037721123938,23
46.094860963720,10.420982867251,23
46.094518269074,10.433902884831,23
46.094174091543,10.446822734115,23
46.093828431127,10.459742414376,23
46.093481287826,10.472661924888,23
46.093132661641,10.485581264924,23
46.133027998331,8.960367150366,23
46.132852840324,8.973303637983,23
46.132676199183,8.986240039417,23
46.132498074910,8.999176353942,23
46.132318467504,9.012112580831,23
46.132137376964,9.025048719358,23
46.103507125846,10.434396898979,23
46.103162890676,10.447318881312,23
46.102817172374,10.460240694623,23
46.102469970939,10.473162338184,23
46.102121286370,10.486083811269,23
46.142021804938,8.960618082253,23
46.141846617602,8.973556703645,23
46.141669946885,8.986495238854,23
46.141491792787,8.999433687154,23
46.141312155308,9.012372047817,23
46.112495989526,10.434891081166,23
46.112151696719,10.447815197274,23
46.111805920530,10.460739144359,23
46.111458660960,10.473662921695,23
46.111109918009,10.486586528554,23
46.110759691676,10.499509964211,23
46.110054788866,10.525356319010,23
46.151189351254,8.947928258119,23
46.151015618220,8.960869099466,23
46.150840401556,8.973809855358,23
46.150663701263,8.986750525067,23
46.150485517340,8.999691107867,23
46.150305849787,9.012631603031,23
46.120794675362,10.461237763585,23
46.120447357657,10.474163675421,23
46.120098556322,10.487089416780,23
46.119748271358,10.500014986937,23
46.119396502764,10.512940385165,23
46.119043250540,10.525865610737,23
46.118688514687,10.538790662926,23
46.118332295204,10.551715541006,23
46.160526272652,8.922291018823,23
46.160355478294,8.935234164129,23
46.160183200058,8.948177225431,23
46.160009437945,8.961120202005,23
46.159834191953,8.974063093122,23
46.159657462083,8.987005898057,23
46.129436060796,10.474664599362,23
46.129087201078,10.487592475947,23
46.128736857482,10.500520181330,23
46.128385030009,10.513447714784,23
46.128031718657,10.526375075581,23
46.127676923427,10.539302262996,23
46.127320644319,10.552229276301,23
46.126962881333,10.565156114770,23
46.169857378583,8.896644987219,23
46.169689523895,8.909590434301,23
46.169520185080,8.922535798833,23
46.169349362139,8.935481080090,23
46.169177055072,8.948426277344,23
46.169003263878,8.961371389869,23
46.168827988558,8.974316416937,23
46.138075852043,10.488095706055,23
46.137725449816,10.501025547389,23
46.137373563462,10.513955216794,23
46.137020192982,10.526884713543,23
46.136665338376,10.539814036908,23
46.136308999643,10.552743186165,23
46.135951176784,10.565672160586,23
46.135591869799,10.578600959444,23
46.135231078687,10.591529582012,23
46.178851353408,8.896885577024,23
46.178683470633,8.909833160783,23
46.178514103483,8.922780661992,23
46.178343251959,8.935728079926,23
46.178170916061,8.948675413856,23
46.177997095787,8.961622663058,23
46.177821791139,8.974569826803,23
46.146008673283,10.527394524622,23
46.145653759300,10.540325984664,23
46.145297360943,10.553257270598,23
46.144939478211,10.566188381695,23
46.144580111104,10.579119317230,23
46.144219259622,10.592050076475,23
46.188011760213,8.884176445543,23
46.187845333975,8.897126248527,23
46.187677423114,8.910075969688,23
46.187508027629,8.923025608300,23
46.187337147522,8.935975163635,23
46.187164782792,8.948924634968,23
46.154642185967,10.540838106263,23
46.154285727984,10.553771529599,23
46.153927785379,10.566704778099,23
46.153568358151,10.579637851036,23
46.153207446300,10.592570747684,23
46.152845049825,10.605503467315,23
46.152481168728,10.618436009204,23
46.197005774127,8.884415060616,23
46.196839320051,8.897367001727,23
46.196671381103,8.910318861016,23
46.196501957284,8.923270637756,23
46.162916098057,10.567221349797,23
46.162556610707,10.580156560862,23
46.162195638486,10.593091595637,23
46.161833181393,10.606026453397,23
46.161469239429,10.618961133414,23
46.206164790112,8.871699595599,23
46.205999793317,8.884653756660,23
46.205833311402,8.897607836625,23
46.205665344368,8.910561834767,23
46.205495892214,8.923515750360,23
46.171904416010,10.567738096789,23
46.171544868538,10.580675446707,23
46.171183835947,10.593612620336,23
46.170821318237,10.606549616949,23
46.170457315406,10.619486435820,23
46.170091827456,10.632423076221,23
46.215158841934,8.871936233036,23
46.214993817549,8.884892533676,23
46.214827307796,8.897848753220,23
46.214659312675,8.910804890942,23
46.180172038451,10.594133821781,23
46.179809460122,10.607072957973,23
46.179445396426,10.620011916422,23
46.179079847361,10.632950696402,23
46.178712812928,10.645889297186,23
46.224478545665,8.846255828450,23
46.224316464923,8.859214429406,23
46.224152898564,8.872172950720,23
46.223987846590,8.885131391665,23
46.223821308999,8.898089751513,23
46.223653285791,8.911048029539,23
46.189160245764,10.594655199971,23
46.188797606817,10.607596476467,23
46.188433482254,10.620537575221,23
46.188067872074,10.633478495506,23
46.187700776278,10.646419236594,23
46.187332194866,10.659359797760,23
46.233633283276,8.833527523417,23
46.233472661305,8.846488344320,23
46.233310553470,8.859449086306,23
46.233146959770,8.872409748650,23
46.232981880206,8.885370330625,23
46.232815314777,8.898330831504,23
46.197785758087,10.608120172432,23
46.197421572657,10.621063412216,23
46.197055901363,10.634006473531,23
46.196688744204,10.646949355650,23
46.196320101180,10.659892057846,23
46.242627430104,8.833757976327,23
46.242466781288,8.846720938985,23
46.242304646360,8.859683822727,23
46.242141025319,8.872646626827,23
46.241975918165,8.885609350558,23
46.206409667403,10.621589427408,23
46.206043934994,10.634534630479,23
46.205676716472,10.647479654353,23
46.205308011837,10.660424498305,23
46.204937821088,10.673369161607,23
46.251621581041,8.833988507306,23
46.251460905380,8.846953612446,23
46.251298743359,8.859918638669,23
46.251135094976,8.872883585250,23
46.215031972734,10.635062966348,23
46.214664692849,10.648010132704,23
46.214295926602,10.660957119136,23
46.213925673994,10.673903924920,23
46.213553935024,10.686850549328,23
46.260932681034,8.808284385821,23
46.260774951748,8.821251789820,23
46.260615735853,8.834219116355,23
46.260455033348,8.847186364702,23
46.260292844233,8.860153534132,23
46.224020014350,10.635591481139,23
46.223652673101,10.648540790702,23
46.223283845243,10.661489920341,23
46.222913530775,10.674438869332,23
46.222541729697,10.687387636946,23
46.222168442010,10.700336222458,23
46.270237943127,8.782571459733,23
46.270083161209,8.795541160409,23
46.269926892433,8.808510785076,23
46.269769136799,8.821480333006,23
46.269609894308,8.834449803475,23
46.269449164958,8.847419195753,23
46.269286948750,8.860388509116,23
46.232640656996,10.649071628347,23
46.232271767526,10.662022901919,23
46.231901391198,10.674973994842,23
46.231529528012,10.687924906389,23
46.231156177968,10.700875635833,23
46.230781341067,10.713826182448,23
46.279232209886,8.782793646290,23
46.279077402117,8.795765491624,23
46.278921107241,8.808737260949,23
46.278763325259,8.821708953537,23
46.278604056171,8.834680568663,23
46.278443299976,8.847652105600,23
46.278281056675,8.860623563621,23
46.241259693218,10.662556063871,23
46.240889255030,10.675509301451,23
46.240517329736,10.688462357656,23
46.240143917336,10.701415231758,23
46.239769017829,10.714367923030,23
46.288226479821,8.783015908015,23
46.288071646200,8.795989898733,23
46.287915325225,8.808963813441,23
46.287757516895,8.821937651413,23
46.287598221210,8.834911411922,23
46.249877122038,10.676044789159,23
46.249505134636,10.688999990747,23
46.249131659879,10.701955010232,23
46.248756697767,10.714909846888,23
46.248380248301,10.727864499988,23
46.248002311480,10.740818968806,23
46.297374124568,8.770262032799,23
46.297220752698,8.783238244908,23
46.297065893226,8.796214381734,23
46.296909546151,8.809190442551,23
46.296751711473,8.822166426632,23
46.258492942477,10.689537805662,23
46.258119405364,10.702494971257,23
46.257744380648,10.715451954022,23
46.257367868328,10.728408753231,23
46.256989868406,10.741365368157,23
46.306368425757,8.770482298024,23
46.306215028285,8.783460656968,23
46.306060142961,8.796438940628,23
46.305903769786,8.809417148280,23
46.305745908759,8.822395279196,23
46.267480753028,10.690075802402,23
46.267107153558,10.703035114831,23
46.266732066237,10.715994244431,23
46.266355491065,10.728953190474,23
46.265977428041,10.741911952235,23
46.265597877166,10.754870528987,23
46.315514664398,8.757722056632,23
46.315362729422,8.770702637691,23
46.315209306346,8.783683144195,23
46.315054395171,8.796663575416,23
46.314897995896,8.809643930628,23
46.275719754302,10.716536718115,23
46.275343116276,10.729497811718,23
46.274964990151,10.742458721039,23
46.274585375926,10.755419445351,23
46.274204273601,10.768379983927,23
46.324659467643,8.744957519281,23
46.324508995660,8.757940322455,23
46.324357035329,8.770923051801,23
46.324203586650,8.783905706590,23
46.324048649623,8.796888286097,23
46.323892224249,8.809870789594,23
46.284707444609,10.717079375074,23
46.284330743730,10.730042616963,23
46.283952554503,10.743005674570,23
46.283572876929,10.755968547168,23
46.283191711006,10.768931234029,23
46.282809056735,10.781893734428,23
46.333653826020,8.745173709810,23
46.333503328931,8.758158661996,23
46.333351343245,8.771143540352,23
46.333197868963,8.784128344153,23
46.333042906085,8.797113072671,23
46.293318373193,10.730587606209,23
46.292940120865,10.743552812827,23
46.292560379940,10.756517834436,23
46.292179150419,10.769482670309,23
46.291796432302,10.782447319718,23
46.342797219524,8.732402798304,23
46.342648186173,8.745389973329,23
46.342497663977,8.758377075252,23
46.342345652936,8.771364103346,23
46.342192153051,8.784351056883,23
46.302306004431,10.731132779456,23
46.301927689002,10.744100135811,23
46.301547884727,10.757067307156,23
46.301166591608,10.770034292766,23
46.300783809644,10.783001091912,23
46.300399538836,10.795967703870,23
46.351791606077,8.732616984352,23
46.351642547868,8.745606309840,23
46.351492000566,8.758595562225,23
46.351339964170,8.771584740781,23
46.351186438682,8.784573844781,23
46.310915258681,10.744647643521,23
46.310535391056,10.757616965329,23
46.310154034339,10.770586101400,23
46.309771188529,10.783555051009,23
46.309386853625,10.796523813429,23
46.360785993939,8.732831242666,23
46.360636910872,8.745822719342,23
46.360486338463,8.758814122915,23
46.360334276713,8.771805452658,23
46.319522898694,10.758166808953,23
46.319141478379,10.771138096213,23
46.318758568722,10.784109197010,23
46.318374169724,10.797080110617,23
46.317988281385,10.810050836309,23
46.369780382877,8.733045573245,23
46.369631274951,8.746039201834,23
46.369480677436,8.759032757321,23
46.328510407408,10.758716838030,23
46.328128923495,10.771690277203,23
46.327745949991,10.784663529913,23
46.327361486898,10.797636595434,23
46.326975534216,10.810609473039,23
46.378774772657,8.733259976090,23
46.378625639873,8.746255757318,23
46.337116369452,10.772242644370,23
46.336733332102,10.785218049719,23
46.336348804915,10.798193267879,23
46.335962787889,10.811168298123,23
46.387769163046,8.733474451199,23
46.387620005404,8.746472385792,23
46.346103816019,10.772795197715,23
46.345720714823,10.785772756429,23
46.345336123540,10.798750127953,23
46.344950042171,10.811727311562,23
46.396763553810,8.733688998574,23
46.396614371310,8.746689087257,23
46.396463698475,8.759689102837,23
46.354708097918,10.786327650041,23
46.354323442541,10.799307175656,23
46.353937296829,10.812286513355,23
46.405757944717,8.733903618215,23
46.405608737358,8.746905861713,23
46.363695481156,10.786882730557,23
46.363310761684,10.799864410988,23
46.362924551629,10.812845903502,23
46.414752335532,8.734118310121,23
46.372298080736,10.800421833948,23
46.371911806337,10.813405482003,23
46.381285399463,10.800979444536,23
46.380899060722,10.813965248859,23
47.090871223841,10.858782029786,23
47.143276250105,8.751748347657,23
47.099857696270,10.859356864980,23
47.152269839416,8.751968965320,23
47.108844149475,10.859931888527,23
47.161263409269,8.752189655248,23
47.161112113825,8.765375493496,23
47.118222198102,10.847342013165,23
47.117830583221,10.860507100429,23
47.170256959431,8.752410417442,23
47.170105639129,8.765598472178,23
47.169952807135,8.778786453811,23
47.127208676501,10.847915196933,23
47.126816997277,10.861082500685,23
47.179250489669,8.752631251901,23
47.179099144508,8.765821523850,23
47.178946287408,8.779011722697,23
47.136585366603,10.835318859449,23
47.136195134975,10.848488568330,23
47.135803391408,10.861658089295,23
47.188243999749,8.752852158626,23
47.188092629730,8.766044648514,23
47.187939747523,8.779237065299,23
47.187785353128,8.792429408255,23
47.145571869014,10.835890200535,23
47.145181573292,10.849062127355,23
47.144789765381,10.862233866259,23
47.197237489438,8.753073137615,23
47.197086094561,8.766267846168,23
47.196933187247,8.779462481618,23
47.196778767498,8.792657043239,23
47.196622835312,8.805851530303,23
47.154558351035,10.836461728525,23
47.154167991217,10.849635874009,23
47.153776118963,10.862809831578,23
47.206079538767,8.766491116813,23
47.205926606347,8.779687971653,23
47.205772161243,8.792884752664,23
47.205616203454,8.806081459119,23
47.205458732980,8.819278090291,23
47.163933723658,10.823856891353,23
47.163544812430,10.837033443417,23
47.163154388518,10.850209808292,23
47.162762451921,10.863385985251,23
47.214920004589,8.779913535405,23
47.214765534130,8.793112536531,23
47.214609550737,8.806311463102,23
47.214452054412,8.819510314389,23
47.214293045154,8.832709089668,23
47.172920228043,10.824426573033,23
47.172531252968,10.837605345213,23
47.172140764961,10.850783930204,23
47.171748764021,10.863962327278,23
47.223913381740,8.780139172873,23
47.223758885926,8.793340394841,23
47.223602876930,8.806541542252,23
47.223445354753,8.819742614381,23
47.223286319395,8.832943610501,23
47.182294237075,10.811815261408,23
47.181906711336,10.824996440891,23
47.181517672415,10.838177433912,23
47.181127120313,10.851358239744,23
47.180735055029,10.864538857659,23
47.232752216397,8.793568327592,23
47.232596181799,8.806771696570,23
47.232438633770,8.819974990266,23
47.232279572312,8.833178207953,23
47.232118997425,8.846381348903,23
47.191666838550,10.799199507090,23
47.191280762642,10.812383093876,23
47.190893173305,10.825566494926,23
47.190504070537,10.838749709514,23
47.190113454340,10.851932736912,23
47.241589465109,8.807001926056,23
47.241431891229,8.820207442044,23
47.241272803672,8.833412882023,23
47.241112202436,8.846618245266,23
47.200653405909,10.799765302718,23
47.200267266652,10.812951111796,23
47.199879613716,10.826136735139,23
47.199490447102,10.839322172019,23
47.250425126897,8.820439969715,23
47.250266013240,8.833647632712,23
47.250105385656,8.846855218973,23
47.249943244145,8.860062727771,23
47.209639951477,10.800331283072,23
47.209253748870,10.813519315169,23
47.208866032336,10.826707161529,23
47.208476801875,10.839894821427,23
47.259418340541,8.820672573280,23
47.259259200783,8.833882460020,23
47.259098546851,8.847092270024,23
47.258936378744,8.860302002565,23
47.219011226804,10.787707007304,23
47.218626475021,10.800897448153,23
47.218240209063,10.814087703993,23
47.217852428931,10.827277774097,23
47.217463134624,10.840467657739,23
47.268252366069,8.834117363946,23
47.268091685789,8.847329398419,23
47.267929491086,8.860541355430,23
47.267765781959,8.873753234251,23
47.228381091652,10.775078283041,23
47.227997791191,10.788271132642,23
47.227612976307,10.801463797960,23
47.227226646999,10.814656278270,23
47.226838803269,10.827848572843,23
47.277245508864,8.834352344491,23
47.277084802236,8.847566604159,23
47.276922580936,8.860780786364,23
47.276758844965,8.873994890379,23
47.237749545045,10.762445108834,23
47.237367696401,10.775640367186,23
47.236984333087,10.788835441981,23
47.236599455101,10.802030332494,23
47.236213062444,10.815225037998,23
47.235825155116,10.828419557766,23
47.286238628934,8.834587401655,23
47.286077895958,8.847803887243,23
47.285915648061,8.861020295368,23
47.285751885246,8.874236625303,23
47.285586607510,8.887452876323,23
47.247116586003,10.749807483233,23
47.246736189674,10.763005150334,23
47.246354278426,10.776202634606,23
47.245970852259,10.789399935322,23
47.245585911171,10.802597051755,23
47.295070966722,8.848041247671,23
47.294908692229,8.861259882441,23
47.294744902569,8.874478439023,23
47.294579597740,8.887696916688,23
47.294412777743,8.900915314711,23
47.256482213548,10.737165404788,23
47.256103270031,10.750365480637,23
47.255722811346,10.763565374384,23
47.255340837493,10.776765085301,23
47.254957348473,10.789964612663,23
47.254572344284,10.803163955741,23
47.304064014295,8.848278685443,23
47.303901713206,8.861499547585,23
47.303737896701,8.874720331538,23
47.303572564779,8.887941036574,23
47.303405717440,8.901161661968,23
47.265846426702,10.724518872048,23
47.265468936493,10.737721356645,23
47.265089930868,10.750923659865,23
47.264709409827,10.764125780983,23
47.264327373369,10.777327719272,23
47.312894710759,8.861739290798,23
47.312730867408,8.874962302848,23
47.312565508393,8.888185235981,23
47.312398633713,8.901408089472,23
47.312230243369,8.914630862593,23
47.274833188083,10.725072776907,23
47.274455636014,10.738277489601,23
47.274076568281,10.751482020918,23
47.273695984883,10.764686370133,23
47.273313885821,10.777890536518,23
47.321723814458,8.875204352953,23
47.321558428350,8.888429514909,23
47.321391526328,8.901654597222,23
47.321223108394,8.914879599166,23
47.321053174547,8.928104520013,23
47.284196023821,10.712419739974,23
47.283819925806,10.725626862139,23
47.283442311878,10.738833803655,23
47.283063182036,10.752040563795,23
47.282682536282,10.765247141832,23
47.330716737616,8.875446481854,23
47.330551324415,8.888673873357,23
47.330384395052,8.901901185218,23
47.330215949528,8.915128416710,23
47.330045987843,8.928355567106,23
47.329874509996,8.941582635678,23
47.293557442730,10.699762244396,23
47.293182799265,10.712971776032,23
47.292806639638,10.726181127744,23
47.292428963850,10.739390298808,23
47.292049771900,10.752599288496,23
47.339544196356,8.888918311327,23
47.339377239652,8.902147853461,23
47.339208766538,8.915377315226,23
47.339038777014,8.928606695895,23
47.338867271081,8.941835994742,23
47.338694248738,8.955065211039,23
47.303289115841,10.673888169148,23
47.302917443831,10.687100288722,23
47.302544255412,10.700312229827,23
47.302169550584,10.713523991736,23
47.301793329345,10.726735573723,23
47.301415591697,10.739946975060,23
47.301036337640,10.753158195021,23
47.348370059893,8.902394601951,23
47.348201559190,8.915626294715,23
47.348031541828,8.928857906383,23
47.347860007808,8.942089436228,23
47.347686957130,8.955320883524,23
47.347512389794,8.968552247544,23
47.312646242364,10.661219343187,23
47.312276026146,10.674433871503,23
47.311904293270,10.687648222077,23
47.311531043737,10.700862394181,23
47.311156277545,10.714076387089,23
47.310779994695,10.727290200074,23
47.310402195187,10.740503832410,23
47.357194327250,8.915875355175,23
47.357024282051,8.929109198568,23
47.356852719944,8.942342960138,23
47.356679640932,8.955576639158,23
47.356505045013,8.968810234903,23
47.356328932187,8.982043746645,23
47.322001948626,10.648546054232,23
47.321633188697,10.661762991289,23
47.321262911861,10.674979751330,23
47.320891118119,10.688196333628,23
47.320517807470,10.701412737456,23
47.320142979915,10.714628962089,23
47.319766635454,10.727845006799,23
47.366016997449,8.929360572450,23
47.365845407256,8.942596566470,23
47.365672299908,8.955832477941,23
47.365497675406,8.969068306136,23
47.365321533749,8.982304050328,23
47.330988930505,10.649087646629,23
47.330620110205,10.662306816136,23
47.330249772751,10.675525808627,23
47.329877918142,10.688744623375,23
47.329504546379,10.701963259654,23
47.374838069510,8.942850255226,23
47.374664933827,8.956088399872,23
47.374490280742,8.969326461243,23
47.374314110254,8.982564438610,23
47.374136422363,8.995802331249,23
47.373957217068,9.009040138431,23
47.340343250591,10.636407836074,23
47.339975887325,10.649629415046,23
47.339607006656,10.662850817728,23
47.339236608583,10.676072043395,23
47.338864693108,10.689293091319,23
47.383657542455,8.956344404952,23
47.383482860787,8.969584700224,23
47.383306661467,8.982824911493,23
47.383128944496,8.996065038033,23
47.382949709874,9.009305079116,23
47.382768957600,9.022545034017,23
47.349696147979,10.623723558174,23
47.349330242242,10.636947546610,23
47.348962818854,10.650171359483,23
47.348593877815,10.663394996066,23
47.348223419125,10.676618455634,23
47.392475415307,8.969843023080,23
47.392299187156,8.983085468975,23
47.392121441105,8.996327830142,23
47.391942177154,9.009570105852,23
47.391761395304,9.022812295380,23
47.391579095554,9.036054397998,23
47.359047621688,10.611034811478,23
47.358683173978,10.624261209377,23
47.358317208369,10.637487432439,23
47.357949724859,10.650713479939,23
47.357580723450,10.663939351149,23
47.357210204142,10.677165045344,23
47.401291687087,8.983346111057,23
47.401113911956,8.996590707576,23
47.400934618678,9.009835218639,23
47.400753807251,9.023079643519,23
47.400571477676,9.036323981490,23
47.400387629953,9.049568231824,23
47.368397670742,10.598341594537,23
47.368034681555,10.611570401897,23
47.367670174220,10.624799035148,23
47.367304148737,10.638027493563,23
47.366936605106,10.651255776415,23
47.366567543328,10.664483882978,23
47.410106356816,8.996853670336,23
47.409927034210,9.010100417476,23
47.409746193206,9.023347078434,23
47.409563833807,9.036593652483,23
47.409379956011,9.049840138895,23
47.409194559818,9.063086536945,23
47.409007645230,9.076332845906,23
47.377746294160,10.585643905901,23
47.377384763993,10.598875122722,23
47.377021715430,10.612106166160,23
47.376657148471,10.625337035488,23
47.376291063115,10.638567729981,23
47.418919423517,9.010365702365,23
47.418738552937,9.023614600126,23
47.418556163713,9.036863410978,23
47.418372255844,9.050112134194,23
47.418186829330,9.063360769048,23
47.417999884171,9.076609314812,23
47.417811420368,9.089857770760,23
47.387093490967,10.572941744119,23
47.386733420316,10.586175370400,23
47.386371831021,10.599408824024,23
47.386008723081,10.612642104265,23
47.385644096497,10.625875210397,23
47.385277951268,10.639108141693,23
47.427730886210,9.023882208595,23
47.427548467161,9.037133256976,23
47.427364529219,9.050384217721,23
47.427179072384,9.063635090103,23
47.426992096655,9.076885873396,23
47.426803602034,9.090136566873,23
47.426613588520,9.103387169808,23
47.426422056112,9.116637681473,23
47.396439260182,10.560235107742,23
47.396080649544,10.573471143481,23
47.395720520014,10.586707007290,23
47.395358871591,10.599942698443,23
47.394995704274,10.613178216213,23
47.394631018065,10.626413559874,23
47.436356775903,9.050656389475,23
47.436171288746,9.063909500112,23
47.435984282448,9.077162521659,23
47.435795757009,9.090415453391,23
47.435605712428,9.103668294580,23
47.435414148706,9.116921044499,23
47.435221065842,9.130173702423,23
47.406139231813,10.534285379649,23
47.405783600827,10.547523995320,23
47.405426450700,10.560762440516,23
47.405067781431,10.574000714509,23
47.404707593021,10.587238816572,23
47.404345885469,10.600476745980,23
47.403982658777,10.613714502005,23
47.445163478184,9.064183999073,23
47.444976441316,9.077439259601,23
47.444787885059,9.090694430313,23
47.444597809411,9.103949510482,23
47.444406214375,9.117204499381,23
47.444213099948,9.130459396285,23
47.444018466132,9.143714200466,23
47.415833331998,10.508326187578,23
47.415480681656,10.521567381001,23
47.415126511925,10.534808405403,23
47.414770822804,10.548049260054,23
47.414413614293,10.561289944230,23
47.414054886393,10.574530457203,23
47.413694639103,10.587770798247,23
47.413332872424,10.601010966634,23
47.453779985951,9.090973497639,23
47.453589879237,9.104230817513,23
47.453398252886,9.117488046119,23
47.453205106896,9.130745182728,23
47.453010441268,9.144002226615,23
47.452814256002,9.157259177052,23
47.425171888818,10.495601301985,23
47.424820700477,10.508844903410,23
47.424467992497,10.522088336540,23
47.424113764879,10.535331600646,23
47.423758017623,10.548574695004,23
47.423400750729,10.561817618885,23
47.423041964198,10.575060371564,23
47.422681658028,10.588302952313,23
47.462581921672,9.104512215675,23
47.462390264006,9.117771684712,23
47.462197086453,9.131031061752,23
47.462002389013,9.144290346070,23
47.461806171688,9.157549536939,23
47.461608434476,9.170808633631,23
47.434509013141,10.482871935999,23
47.434159287296,10.496117945425,23
47.433808041564,10.509363787281,23
47.433455275946,10.522609460842,23
47.433100990442,10.535854965380,23
47.432745185051,10.549100300168,23
47.432387859774,10.562345464481,23
47.471382247501,9.118055415160,23
47.471189038385,9.131317033357,23
47.470994309134,9.144578558832,23
47.470798059749,9.157839990857,23
47.470600290229,9.171101328706,23
47.470401000574,9.184362571653,23
47.470200190784,9.197623718971,23
47.443844703987,10.470138088170,23
47.443496441135,10.483386505595,23
47.443146658149,10.496634756178,23
47.442795355027,10.509882839191,23
47.442442531771,10.523130753908,23
47.442088188380,10.536378499603,23
47.441732324855,10.549626075548,23
47.480180962460,9.131603097543,23
47.479986201397,9.144866864900,23
47.479789919952,9.158130538808,23
47.479592118124,9.171394118539,23
47.479392795912,9.184657603368,23
47.479191953318,9.197920992568,23
47.478989590341,9.211184285412,23
47.478785706980,9.224447481173,23
47.478580303237,9.237710579124,23
47.453178960380,10.457399757047,23
47.452832161017,10.470650582471,23
47.452483841272,10.483901241779,23
47.452134001144,10.497151734244,23
47.451782640632,10.510402059139,23
47.451429759738,10.523652215739,23
47.488978065569,9.145155264274,23
47.488781752064,9.158421180790,23
47.488583917928,9.171687003129,23
47.488384563160,9.184952730566,23
47.488183687761,9.198218362374,23
47.487981291730,9.211483897826,23
47.487777375068,9.224749336195,23
47.487571937775,9.238014676754,23
47.487364979851,9.251279918778,23
47.487156501295,9.264545061539,23
47.463197890196,10.418149981079,23
47.462855596083,10.431403543098,23
47.462511781339,10.444656941182,23
47.462166445963,10.457910174603,23
47.461819589956,10.471163242634,23
47.461471213317,10.484416144550,23
47.461121316048,10.497668879623,23
47.460769898146,10.510921447126,23
