46.729775249615,7.506664623924,23
46.729766703466,7.519746807998,23
46.729756657993,7.532828987568,23
46.729745113195,7.545911161905,23
46.729732069074,7.558993330284,23
46.729717525628,7.572075491977,23
46.729701482857,7.585157646259,23
46.729683940763,7.598239792401,23
46.723001302277,8.683957777990,23
46.722857816938,8.697036646284,23
46.722268882340,8.749351413143,23
46.722117900379,8.762429924645,23
46.721965419095,8.775508362607,23
46.738783313368,7.480507224623,23
46.738777764949,7.493591596609,23
46.738770716957,7.506675965544,23
46.738762169393,7.519760330699,23
46.738752122256,7.532844691349,23
46.738740575547,7.545929046767,23
46.738727529264,7.559013396227,23
46.738712983410,7.572097739001,23
46.731263106402,8.749569957437,23
46.731112099434,8.762650650019,23
46.730959592894,8.775731269063,23
46.730805586781,8.788811813841,23
46.730650081095,8.801892283627,23
46.730493075837,8.814972677695,23
46.747778774259,7.480514206403,23
46.747773224921,7.493600760196,23
46.747766175762,7.506687310937,23
46.747757626783,7.519773857898,23
46.747747577982,7.532860400355,23
46.747736029360,7.545946937579,23
46.740106289951,8.762871448820,23
46.739953758155,8.775954249670,23
46.739799726539,8.789036976255,23
46.739644195101,8.802119627847,23
46.739487163842,8.815202203721,23
46.739328632763,8.828284703149,23
46.756778276566,7.467432451856,23
46.756774226379,7.480521190506,23
46.756768676122,7.493609926830,23
46.756761625796,7.506698660102,23
46.756753075401,7.519787389596,23
46.748947914646,8.776177304429,23
46.748793857525,8.789262213546,23
46.748638300335,8.802347047670,23
46.748481243076,8.815431806076,23
46.748322685748,8.828516488036,23
46.748162628350,8.841601092824,23
46.748001070883,8.854685619714,23
46.765776871019,7.428164482615,23
46.765777321114,7.441255407138,23
46.765776270892,7.454346331516,23
46.765773720352,7.467437255022,23
46.765769669494,7.480528176929,23
46.765764118319,7.493619096511,23
46.757942062132,8.776400433340,23
46.757787979507,8.789487525714,23
46.757632396565,8.802574543096,23
46.757475313306,8.815661484759,23
46.757316729728,8.828748349977,23
46.757156645833,8.841835138023,23
46.756995061620,8.854921848170,23
46.756831977090,8.868008479692,23
46.774766904051,7.401976520887,23
46.774770355353,7.415069627504,23
46.774772306088,7.428162735429,23
46.774772756258,7.441255843935,23
46.774771705862,7.454348952296,23
46.774769154900,7.467442059785,23
46.774765103372,7.480535165675,23
46.766469374297,8.815891239770,23
46.766310764471,8.828980288971,23
46.766150654079,8.842069261000,23
46.765989043121,8.855158155130,23
46.765825931596,8.868246970635,23
46.765661319506,8.881335706788,23
46.783757376068,7.388875114413,23
46.783762328755,7.401970403703,23
46.783765780628,7.415065695029,23
46.783767731687,7.428160987662,23
46.783768181931,7.441256280877,23
46.783767131361,7.454351573946,23
46.775144652853,8.842303461757,23
46.774983015150,8.855394540596,23
46.774819876632,8.868485540809,23
46.774655237299,8.881576461671,23
46.774489097153,8.894667302454,23
46.792746335679,7.375769337799,23
46.792752790249,7.388866809763,23
46.792757743755,7.401964284488,23
46.792761196200,7.415061761247,23
46.792763147581,7.428159239315,23
46.792763597900,7.441256717964,23
46.792762547156,7.454354196467,23
46.784138641923,8.842537740294,23
46.783976977474,8.855631004567,23
46.783813811962,8.868724190214,23
46.783649145388,8.881817296510,23
46.783482977751,8.894910322727,23
46.783315309051,8.908003268138,23
46.783146139288,8.921096132018,23
46.801733781906,7.362659189598,23
46.801741738854,7.375758844233,23
46.801748194491,7.388858502356,23
46.801753148818,7.401958163241,23
46.801756601833,7.415057826160,23
46.801758553537,7.428157490387,23
46.792970929861,8.855867547043,23
46.792807737355,8.868962918850,23
46.792643043539,8.882058211305,23
46.792476848411,8.895153423682,23
46.792309151972,8.908248555253,23
46.792139954223,8.921343605292,23
46.810719713770,7.349544668358,23
46.810729173594,7.362646505664,23
46.810737131858,7.375748347184,23
46.810743588563,7.388850192192,23
46.810748543709,7.401952039962,23
46.810751997295,7.415053889766,23
46.801964872077,8.856104168024,23
46.801636931518,8.882299206057,23
46.801470708900,8.895396605318,23
46.801302984723,8.908493923775,23
46.801133758986,8.921591160699,23
46.819691665289,7.323321758322,23
46.819704130293,7.336425772629,23
46.819715093488,7.349529792605,23
46.819724554877,7.362633817521,23
46.819732514457,7.375737846652,23
46.819738972230,7.388841879271,23
46.819743928196,7.401945914652,23
46.810464558985,8.895639867637,23
46.810296807069,8.908739373704,23
46.810127553344,8.921838798239,23
46.809956797813,8.934938140516,23
46.809784540473,8.948037399807,23
46.809610781326,8.961136575386,23
46.809435520372,8.974235666527,23
46.828673061375,7.310196304714,23
46.828687030496,7.323302500962,23
46.828699497561,7.336408703606,23
46.828710462569,7.349514911917,23
46.828719925522,7.362621125170,23
46.828727886419,7.375727342638,23
46.828734345260,7.388833563593,23
46.819290618777,8.908984905041,23
46.819121337065,8.922086517912,23
46.818950553298,8.935188048525,23
46.818778267475,8.948289496152,23
46.818604479596,8.961390860068,23
46.818429189661,8.974492139545,23
46.818252397669,8.987593333856,23
46.837652939667,7.297066473718,23
46.837668413401,7.310174851907,23
46.837682384832,7.323283237218,23
46.837694853958,7.336391628923,23
46.837705820779,7.349500026297,23
46.837715285297,7.362608428611,23
46.827771983606,8.948541676082,23
46.827598166994,8.961645229059,23
46.827422848079,8.974748697598,23
46.827246026858,8.987852080972,23
46.827067703334,9.000955378453,23
46.826887877505,9.014058589316,23
46.826706549372,9.027161712833,23
46.846631299186,7.283932263884,23
46.846648278031,7.297042824013,23
46.846663754323,7.310153391990,23
46.846677728063,7.323263967088,23
46.846690199250,7.336374548581,23
46.846701167885,7.349485135742,23
46.836765688632,8.948793939596,23
46.836591843288,8.961899682361,23
46.836239644943,8.988110913848,23
46.836061291942,9.001216401116,23
46.835881436387,9.014321801767,23
46.835700078280,9.027427115071,23
46.855608138954,7.270793673764,23
46.855626623406,7.283906415831,23
46.855643605057,7.297019166473,23
46.855659083907,7.310131924963,23
46.855673059957,7.323244690574,23
46.855685533205,7.336357462580,23
46.845233251690,8.988369832484,23
46.845054869211,9.001477510266,23
46.844874983931,9.014585101429,23
46.844693595851,9.027692605247,23
46.844510704969,9.040800020993,23
46.864561964387,7.244535787930,23
46.864583457992,7.257650701906,23
46.864603448548,7.270765625910,23
46.864621936055,7.283880559216,23
46.864638920512,7.296995501096,23
46.864654401921,7.310110450825,23
46.864668380279,7.323225407675,23
46.853687101850,9.027958183360,23
46.853504180746,9.041067790344,23
46.873557255323,7.244503346861,23
46.873578752479,7.257620452801,23
46.873598746338,7.270737568770,23
46.873617236900,7.283854694040,23
46.873634224163,7.296971827884,23
46.873649708129,7.310088969577,23
46.862680596045,9.028223849410,23
46.862497644719,9.041335648359,23
46.862313190095,9.054447358509,23
46.862127232174,9.067558979133,23
46.882529529967,7.231351607178,23
46.882552534221,7.244470895054,23
46.882574034929,7.257590193684,23
46.882594032091,7.270709502342,23
46.882612525706,7.283828820301,23
46.882629515776,7.296948146836,23
46.871674078202,9.028489603398,23
46.871491096654,9.041603595036,23
46.871306611559,9.054717497875,23
46.871120622919,9.067831311190,23
46.870933130733,9.080945034252,23
46.870744135001,9.094058666335,23
46.870361632898,9.120285654660,23
46.891500280947,7.218195481408,23
46.891524792795,7.231316951218,23
46.891547800848,7.244438432508,23
46.891569305107,7.257559924554,23
46.891589305572,7.270681426627,23
46.880300020753,9.054987726631,23
46.880114001393,9.068103733360,23
46.879926478240,9.081219649838,23
46.879737451292,9.094335475336,23
46.879546920550,9.107451209130,23
46.879354886014,9.120566850491,23
46.900469507284,7.205034968101,23
46.900495527223,7.218158619843,23
46.900520043118,7.231282283793,23
46.900543054971,7.244405959225,23
46.900564562781,7.257529645411,23
46.900584566548,7.270653341625,23
46.889107367363,9.068376245645,23
46.888919813243,9.081494356263,23
46.888730755080,9.094612375903,23
46.888540192874,9.107730303837,23
46.888348126625,9.120848139339,23
46.888154556334,9.133965881682,23
46.909464736526,7.204995899480,23
46.909490760760,7.218121746089,23
46.909515280704,7.231247604905,23
46.909538296356,7.244373475203,23
46.909559807717,7.257499356256,23
46.897724046129,9.094889368034,23
46.897533452459,9.108009490834,23
46.897341354499,9.121129521203,23
46.897147752247,9.134249458413,23
46.918432419727,7.191828788679,23
46.918459952796,7.204956817945,23
46.918485981327,7.218084860145,23
46.918510505318,7.231212914553,23
46.918533524770,7.244340980443,23
46.906717324208,9.095166451730,23
46.906526699074,9.108288770123,23
46.906334569401,9.121410996083,23
46.906140935189,9.134533128885,23
46.927427618248,7.191787497911,23
46.927455155862,7.204917723494,23
46.927481188689,7.218047962012,23
46.927505716728,7.231178212738,23
46.915710589081,9.095443626992,23
46.915519932484,9.108568141702,23
46.915327771099,9.121692563979,23
46.915134104926,9.134816893099,23
46.914938933966,9.147941128332,23
46.936393756137,7.178613784538,23
46.936422803332,7.191746193503,23
46.936450345490,7.204878616129,23
46.936476382613,7.218011051690,23
46.936500914700,7.231143499458,23
46.924513152456,9.108847605571,23
46.924320959359,9.121974224892,23
46.924127261226,9.135100751054,23
46.923932058057,9.148227183331,23
46.923735349852,9.161353520996,23
46.945388922756,7.178570268720,23
46.945417974744,7.191704875454,23
46.945445521447,7.204839495848,23
46.945471562866,7.217974129178,23
46.933506358758,9.109127161731,23
46.933314133948,9.122255978821,23
46.933120403855,9.135384702752,23
46.932925168476,9.148513332797,23
46.932728427814,9.161641868230,23
46.932530181867,9.174770308325,23
46.932330430636,9.187898652354,23
46.932129174121,9.201026899592,23
46.954384075472,7.178526738537,23
46.954413132252,7.191663543764,23
46.954440683500,7.204800362653,23
46.954466729215,7.217937194477,23
46.942307294633,9.122537825766,23
46.942113532579,9.135668748191,23
46.941918264992,9.148799576730,23
46.941721491872,9.161930310658,23
46.941523213220,9.175060949247,23
46.941323429035,9.188191491770,23
46.941122139318,9.201321937502,23
46.940919344067,9.214452285714,23
46.963379214049,7.178483193987,23
46.963408275623,7.191622198435,23
46.963435831415,7.204761216543,23
46.950516230435,9.175351686086,23
46.950316413296,9.188484427830,23
46.950115090376,9.201617072781,23
46.949912261676,9.214749620213,23
46.972374338256,7.178439635072,23
46.972403404622,7.191580839464,23
46.959309383186,9.188777460533,23
46.959108027064,9.201912305430,23
46.958905164913,9.215047052807,23
46.958700796732,9.228181701940,23
46.981369447858,7.178396061791,23
46.968302338471,9.189070589881,23
46.968100949147,9.202207635448,23
46.967898053546,9.215344583497,23
46.967693651666,9.228481433300,23
46.967487743509,9.241618184131,23
46.977093856393,9.202503062836,23
46.976890927341,9.215642212281,23
46.976686491762,9.228781263480,23
46.976480549658,9.241920215708,23
46.986086748567,9.202798587593,23
46.985883786065,9.215939939160,23
46.985679316787,9.229081192482,23
46.985473340736,9.242222346831,23
46.985265857910,9.255363401482,23
46.994876629484,9.216237764135,23
46.994672126508,9.229381220304,23
46.994466116510,9.242524577500,23
46.994258599488,9.255667834999,23
47.003869457366,9.216535687204,23
47.003664920691,9.229681346946,23
47.003458876745,9.242826907716,23
47.003251325528,9.255972368787,23
47.003042267041,9.269117729433,23
47.012862269476,9.216833708369,23
47.012657699103,9.229981572409,23
47.012451621210,9.243129337478,23
47.012244035798,9.256277002848,23
47.012034942866,9.269424567792,23
47.011824342415,9.282572031584,23
47.021444349670,9.243431866786,23
47.021236730062,9.256581737180,23
47.021027602687,9.269731507148,23
47.020816967544,9.282881175965,23
47.030437061892,9.243734495640,23
47.030229408089,9.256886571784,23
47.030020246270,9.270038547502,23
47.029809576435,9.283190422068,23
47.039222069645,9.257191506659,23
47.039012873382,9.270345688853,23
47.038802168854,9.283499769894,23
47.048005483789,9.270652931201,23
47.047794744569,9.283809219443,23
47.056787303347,9.284118770715,23
