45.818527542648,6.983213714367,23
45.818578991984,6.996078494408,23
45.818628967126,7.008943299447,23
45.818677468076,7.021808128756,23
45.812285219809,8.707032076731,23
45.812139127282,8.719893731088,23
45.811991560563,8.732755313069,23
45.811842519651,8.745616821948,23
45.811692004546,8.758478256997,23
45.811540015247,8.771339617490,23
45.811386551756,8.784200902700,23
45.827359294474,6.944538597560,23
45.827415175800,6.957405405904,23
45.827469582685,6.970272241425,23
45.827522515129,6.983139103396,23
45.827573973132,6.996005991092,23
45.827623956693,7.008872903785,23
45.827672465813,7.021739840748,23
45.821133023611,8.720103653482,23
45.820985432034,8.732967343118,23
45.820836366015,8.745830959651,23
45.820685825555,8.758694502354,23
45.820533810653,8.771557970502,23
45.820380321311,8.784421363367,23
45.820225357526,8.797284680222,23
45.836354254540,6.944457635764,23
45.836410145278,6.957326552487,23
45.836464561327,6.970195496389,23
45.836517502686,6.983064466740,23
45.836568969355,6.995933462816,23
45.836618961335,7.008802483889,23
45.829830227455,8.746045171070,23
45.829679661640,8.758910822154,23
45.829527621135,8.771776398681,23
45.829374105941,8.784641899926,23
45.829219116057,8.797507325162,23
45.829062651483,8.810372673662,23
45.845291854360,6.931505648181,23
45.845349229449,6.944376646106,23
45.845405129599,6.957247671936,23
45.845459554811,6.970118724942,23
45.845512505085,6.982989804400,23
45.838673512567,8.759127216395,23
45.838521446459,8.771994902028,23
45.838367905413,8.784862512379,23
45.838212889429,8.797730046721,23
45.838056398508,8.810597504326,23
45.837898432648,8.823464884469,23
45.854286834218,6.931422520831,23
45.854344218966,6.944295628587,23
45.854400128528,6.957168764248,23
45.854454562904,6.970041927086,23
45.847361719495,8.785083200725,23
45.847206677411,8.797952844898,23
45.847050160141,8.810822412334,23
45.846892167685,8.823691902308,23
45.846732700042,8.836561314093,23
45.846571757213,8.849430646961,23
45.863281828451,6.931339364894,23
45.863339222859,6.944214583207,23
45.863395141833,6.957089829424,23
45.863502553477,6.982840402664,23
45.856355547951,8.785303964964,23
45.856200479768,8.798175719693,23
45.856043936150,8.811047397687,23
45.855885917097,8.823918998217,23
45.855726422609,8.836790520559,23
45.855565452687,8.849661963984,23
45.872217957074,6.918378879405,23
45.872276836826,6.931256180370,23
45.872334240894,6.944133509965,23
45.872390169280,6.957010867465,23
45.865194296267,8.798398671108,23
45.865037726301,8.811272460383,23
45.864879680652,8.824146172197,23
45.864720159319,8.837019805820,23
45.864559162304,8.849893360528,23
45.864396689606,8.862766835593,23
45.881212969449,6.918293554286,23
45.881271859110,6.931172967259,23
45.881329272838,6.944052408862,23
45.881385210636,6.956931878370,23
45.874031530361,8.811497600424,23
45.873873458115,8.824373424245,23
45.873713909938,8.837249169877,23
45.873552885829,8.850124836593,23
45.873390385790,8.863000423666,23
45.890207995500,6.918208199855,23
45.890266895069,6.931089725561,23
45.890324318458,6.943971279898,23
45.882867249254,8.824600754364,23
45.882707674232,8.837478612729,23
45.882546623030,8.850356392178,23
45.882384095649,8.863234091984,23
45.899142649088,6.905239206303,23
45.899203034994,6.918122816111,23
45.899261944471,6.931006455277,23
45.899319377520,6.943890123073,23
45.891861053835,8.824828162552,23
45.891701451968,8.837708134376,23
45.891540373674,8.850588027284,23
45.891377818951,8.863467840550,23
45.907947643390,6.866494690495,23
45.908012469481,6.879380322056,23
45.908075818895,6.892265985154,23
45.908137691634,6.905151679063,23
45.908198087696,6.918037403055,23
45.908257007081,6.930923156405,23
45.908314449791,6.943808938386,23
45.900695242914,8.837937734819,23
45.900534137526,8.850819741912,23
45.900371555462,8.863701669362,23
45.916876353032,6.853513074280,23
45.917007503943,6.879288534957,23
45.917070864011,6.892176312965,23
45.917132747155,6.905064121784,23
45.917193153373,6.917951960687,23
45.917252082668,6.930839828947,23
45.917309535037,6.943727725837,23
45.909689046835,8.838167414057,23
45.909527914353,8.851051536060,23
45.909365304948,8.863935578420,23
45.925871378185,6.853417024420,23
45.925937703253,6.866306854263,23
45.926002551147,6.879196716369,23
45.926065921869,6.892086610013,23
45.926127815418,6.904976534467,23
45.918682863498,8.838397172091,23
45.918521703923,8.851283409729,23
45.918359067176,8.864169567725,23
45.934729311146,6.827537148912,23
45.934798602207,6.840429028408,23
45.934866415846,6.853320941621,23
45.934932752064,6.866212887825,23
45.934997610861,6.879104866292,23
45.935060992236,6.891996876297,23
45.935183322722,6.917780988012,23
45.927676692670,8.838627008919,23
45.927515506002,8.851515362919,23
45.927352841913,8.864403637276,23
45.943581299614,6.801648909893,23
45.943653557661,6.814542836861,23
45.943724338038,6.827436798999,23
45.943793640745,6.840330795582,23
45.943861465783,6.853224825881,23
45.943927813151,6.866118889172,23
45.943992682849,6.879012984726,23
45.936509320357,8.851747395630,23
45.936346628926,8.864637787074,23
45.952576314509,6.801544289964,23
45.952648584700,6.814440334744,23
45.952719376972,6.827336414695,23
45.952788691326,6.840232529089,23
45.952856527762,6.853128677201,23
45.952922886280,6.866024858304,23
45.945503146753,8.851979507862,23
45.945340427981,8.864872017118,23
45.961571341213,6.801439634192,23
45.961643623547,6.814337797510,23
45.961714427714,6.827235995999,23
45.961783753715,6.840134228931,23
45.954496984959,8.852211699614,23
45.954334238845,8.865106327408,23
45.970566379493,6.801334942578,23
45.970638673970,6.814235225159,23
45.970709490033,6.827135542911,23
45.963328061285,8.865340717945,23
45.979561429115,6.801230215121,23
45.979633735735,6.814132617692,23
45.979704563693,6.827035055433,23
45.972321895067,8.865575188728,23
45.988556489845,6.801125451822,23
45.988628808609,6.814029975107,23
45.988699648462,6.826934533563,23
45.981315739957,8.865809739758,23
45.997551561451,6.801020652681,23
45.997623892359,6.813927297406,23
45.990309595723,8.866044371035,23
46.006546643700,6.800915817697,23
46.008297338949,8.866513874327,23
46.574922370759,8.881467532617,23
46.583916428412,8.881707460158,23
46.592910481307,8.881947467946,23
46.601904529211,8.882187555981,23
46.618224430578,6.793702952415,23
46.610898571890,8.882427724262,23
46.627219683640,6.793595644302,23
46.627292864593,6.806652592841,23
46.620057378496,8.869614559775,23
46.619892609112,8.882667972789,23
46.636214931011,6.793488300347,23
46.636288124107,6.806547421840,23
46.629051437369,8.869852715594,23
46.628886640643,8.882908301563,23
46.645210172457,6.793380920550,23
46.645283377697,6.806442215723,23
46.645355085897,6.819503546066,23
46.638208817344,8.857033111643,23
46.638045490316,8.870090950934,23
46.637880666249,8.883148710583,23
46.654205407745,6.793273504910,23
46.654278625129,6.806336974488,23
46.654350345224,6.819400479238,23
46.647364748060,8.844209159485,23
46.647202891227,8.857269252098,23
46.647039537106,8.870329265795,23
46.646874685697,8.883389199850,23
46.663200636643,6.793166053427,23
46.663273866169,6.806231698137,23
46.663345598160,6.819297378018,23
46.663415832614,6.832363092342,23
46.656358842397,8.844443203604,23
46.656196958719,8.857505471349,23
46.656033577505,8.870567660177,23
46.655868698755,8.883629769363,23
46.672195858916,6.793058566102,23
46.672269100586,6.806126386669,23
46.672340844471,6.819194242407,23
46.672411090572,6.832262132588,23
46.665513342847,8.831612804003,23
46.665352930109,8.844677325793,23
46.665191019587,8.857741769395,23
46.665027611279,8.870806134080,23
46.664862705188,8.883870419123,23
46.681191074331,6.792951042935,23
46.681264328144,6.806021040084,23
46.681336083925,6.819091072404,23
46.681406341673,6.832161139168,23
46.674666391599,8.818778051844,23
46.674507450298,8.831844827679,23
46.674347010964,8.844911526053,23
46.674185073596,8.857978146236,23
46.674021638196,8.871044687504,23
46.690186282655,6.792843483926,23
46.690259548612,6.805915658382,23
46.690331316288,6.818987868010,23
46.690401585682,6.832060112082,23
46.690470356795,6.845132389871,23
46.683817987675,8.805938945677,23
46.683660518307,8.819007975557,23
46.683501550658,8.832076928700,23
46.683341084727,8.845145804381,23
46.683179120515,8.858214601873,23
46.699254761755,6.805810241564,23
46.699326541326,6.818884629225,23
46.699396822367,6.831959051330,23
46.699465604879,6.845033507152,23
46.699532888861,6.858107995965,23
46.692968130097,8.793095484053,23
46.692812133159,8.806166767976,23
46.692654637691,8.819237975889,23
46.692495643693,8.832309107066,23
46.692335151166,8.845380160780,23
46.708321758806,6.818781356048,23
46.708392051494,6.831857956912,23
46.708460845405,6.844934591494,23
46.708528140537,6.858011259066,23
46.702116817886,8.780247665522,23
46.701962293874,8.793321203486,23
46.701806271085,8.806394666167,23
46.701648749517,8.819468052839,23
46.701489729171,8.832541362775,23
46.717316968496,6.818678048480,23
46.717387272831,6.831756828829,23
46.717456078139,6.844835642895,23
46.717523384422,6.857914489951,23
46.711264050064,8.767395488632,23
46.711110999476,8.780471280637,23
46.710956449861,8.793546998086,23
46.710800401219,8.806622640251,23
46.710642853552,8.819698206408,23
46.726312170160,6.818574706521,23
46.726382486142,6.831655667080,23
46.726451302849,6.844736661356,23
46.726518620282,6.857817688622,23
46.726584438440,6.870898748153,23
46.726648757323,6.883979839221,23
46.720409825653,8.754538951936,23
46.720258248984,8.767616997980,23
46.720105173040,8.780694970194,23
46.719950597822,8.793772867853,23
46.719794523329,8.806850690229,23
46.719636949562,8.819928436596,23
46.735307363568,6.818471330170,23
46.735377691196,6.831554471665,23
46.735446519302,6.844637646876,23
46.735513847885,6.857720855079,23
46.735579676944,6.870804095545,23
46.735644006481,6.883887367549,23
46.729554143673,8.741678053981,23
46.729404041421,8.754758354064,23
46.729252439646,8.767838581043,23
46.729099338347,8.780918734194,23
46.728944737526,8.793998812788,23
46.728788637182,8.807078816100,23
46.744441727263,6.844538599457,23
46.744509066996,6.857623989321,23
46.744574906958,6.870709411448,23
46.744639247148,6.883794865113,23
46.738548375809,8.741895347439,23
46.738398248698,8.754977829183,23
46.738246621817,8.768060237824,23
46.738093495163,8.781142572635,23
46.753504277383,6.857527091348,23
46.753570128246,6.870614695862,23
46.753634479090,6.883702331914,23
46.753697329914,6.896789998776,23
46.747691251169,8.729027976656,23
46.747542599220,8.742112713162,23
46.747392447251,8.755197377292,23
46.747240795263,8.768281968320,23
46.762499478812,6.857430161160,23
46.762565340578,6.870519948787,23
46.762629702075,6.883609767951,23
46.762692563304,6.896699617926,23
46.762753924265,6.909789497984,23
46.756832666523,8.716156240264,23
46.756685490232,8.729243231532,23
46.756536813673,8.742330151150,23
46.756386636846,8.755416998393,23
46.756234959752,8.768503772533,23
46.771494671050,6.857333198758,23
46.771560543718,6.870425170222,23
46.771624915868,6.883517173224,23
46.771687787503,6.896609207037,23
46.771749158621,6.909701270934,23
46.771809029222,6.922793364187,23
46.765826920756,8.716369382842,23
46.765679720104,8.729458557948,23
46.765531018935,8.742547661404,23
46.765380817250,8.755636692485,23
46.765229115049,8.768725650463,23
46.780555737433,6.870330360169,23
46.780620120237,6.883424547734,23
46.780683002277,6.896518766110,23
46.780744383552,6.909613014570,23
46.780804264062,6.922707292388,23
46.780862643807,6.935801598836,23
46.780919522788,6.948895933188,23
46.774966889814,8.703491165642,23
46.774821165565,8.716582596234,23
46.774673940551,8.729673955903,23
46.774525214773,8.742765243923,23
46.774374988230,8.755856459567,23
46.789615314948,6.883331891481,23
46.789678207393,6.896428295146,23
46.789739598825,6.909524728895,23
46.789799489244,6.922621192001,23
46.789857878649,6.935717683738,23
46.789914767042,6.948814203379,23
46.789970154422,6.961910750198,23
46.790024040788,6.975007323467,23
46.784248142764,8.677514822936,23
46.784105396428,8.690608578482,23
46.783961149079,8.703702264559,23
46.783815400716,8.716795880440,23
46.783668151341,8.729889425399,23
46.783519400953,8.742982898708,23
46.798734804207,6.909436413907,23
46.798794704534,6.922535063028,23
46.798853103600,6.935633740779,23
46.798910001405,6.948732446435,23
46.798965397948,6.961831179268,23
46.799019293230,6.974929938551,23
46.793383708310,8.664625609609,23
46.793242439619,8.677721619913,23
46.793099669666,8.690817561474,23
46.792955398452,8.703913433565,23
46.792809625977,8.717009235461,23
46.792662352240,8.730104966434,23
46.792513577242,8.743200625757,23
46.807789909700,6.922448905467,23
46.807848318426,6.935549769959,23
46.807905225643,6.948650662355,23
46.807960631349,6.961751581928,23
46.808014535547,6.974852527951,23
46.808066938234,6.987953499699,23
46.802378018409,8.664830288484,23
46.802236726349,8.677928485527,23
46.802093932780,8.691026613828,23
46.801949637701,8.704124672660,23
46.801803841112,8.717222661296,23
46.801656543014,8.730320579009,23
46.816900439523,6.948568851139,23
46.816955854393,6.961671958177,23
46.817009767506,6.974775091667,23
46.817062178860,6.987878250880,23
46.811512131819,8.651934582745,23
46.811372318149,8.665035035270,23
46.811231002722,8.678135419779,23
46.811088185536,8.691235735546,23
46.810943866592,8.704335981843,23
46.825951066846,6.961592308017,23
46.826004988874,6.974697629698,23
46.826057408895,6.987802977102,23
46.826108326909,7.000908349504,23
46.820506444089,8.652137209252,23
46.820366607299,8.665239849968,23
46.820225268503,8.678342422669,23
46.820082427701,8.691444926627,23
46.834946268475,6.961512631446,23
46.835000199417,6.974620142044,23
46.835052628105,6.987727678365,23
46.835103554538,7.000835239684,23
46.835152978717,7.013942825273,23
46.829911311734,8.613025013216,23
46.829775958588,8.626130042537,23
46.829639103188,8.639235006023,23
46.829500745533,8.652339902945,23
46.829360885624,8.665444732579,23
46.829219523460,8.678549494196,23
46.829076659041,8.691654187071,23
46.843941459045,6.961432928465,23
46.843995398903,6.974542628705,23
46.844047836258,6.987652354669,23
46.844098771109,7.000762105630,23
46.844148203458,7.013871880862,23
46.844196133304,7.026981679637,23
46.839171913522,8.587006572640,23
46.839039543008,8.600113921096,23
46.838905669990,8.613221205169,23
46.838770294470,8.626328424133,23
46.838633416447,8.639435577260,23
46.838495035920,8.652542663825,23
46.838355152891,8.665649683101,23
46.838213767359,8.678756634361,23
46.852990587097,6.974465089682,23
46.853043033119,6.987577006013,23
46.853093976389,7.000688947342,23
46.853143416908,7.013800912942,23
46.853191354676,7.026912902086,23
46.853237789692,7.040024914046,23
46.848426581023,8.560979180979,23
46.848297194133,8.574088846388,23
46.848166304492,8.587198448867,23
46.848033912100,8.600307987691,23
46.847900016956,8.613417462132,23
46.847764619061,8.626526871463,23
46.847627718414,8.639636214959,23
46.847489315016,8.652745491892,23
46.847349408867,8.665854701536,23
46.847207999967,8.678963843163,23
46.862038218456,6.987501632399,23
46.862089170145,7.000615764821,23
46.862138618834,7.013729921514,23
46.862186564523,7.026844101751,23
46.862233007213,7.039958304806,23
46.862277946903,7.053072529951,23
46.862321383593,7.066186776460,23
46.857675311024,8.534942839691,23
46.857548908752,8.548054819873,23
46.857421003480,8.561166738578,23
46.857291595209,8.574278595080,23
46.857160683938,8.587390388653,23
46.857028269667,8.600502118570,23
46.856894352397,8.613613784104,23
46.856758932127,8.626725384529,23
46.856622008857,8.639836919118,23
46.871084352142,7.000542558067,23
46.871133809002,7.013658906579,23
46.871181762613,7.026775278635,23
46.871228212976,7.039891673508,23
46.871273160091,7.053008090472,23
46.871316603958,7.066124528800,23
46.871358544578,7.079240987766,23
46.867040013723,8.495783198170,23
46.866918100310,8.508897550238,23
46.866794683650,8.522011843010,23
46.866669763741,8.535126075760,23
46.866543340584,8.548240247760,23
46.866415414179,8.561354358284,23
46.866285984526,8.574468406605,23
46.866155051626,8.587582391997,23
46.866022615477,8.600696313733,23
46.865888676080,8.613810171087,23
46.880176948711,7.026706432736,23
46.880223406748,7.039825020154,23
46.880268361289,7.052943629662,23
46.880311812333,7.066062260535,23
46.880353759880,7.079180912045,23
46.880394203932,7.092299583465,23
46.880433144487,7.105418274070,23
46.876034515614,8.495959917262,23
46.875912582061,8.509076461874,23
46.875789145012,8.522192947191,23
46.875664204467,8.535309372485,23
46.875537760425,8.548425737029,23
46.875409812887,8.561542040098,23
46.875280361853,8.574658280964,23
46.875149407322,8.587774458900,23
46.889218588296,7.039758344742,23
46.889263550261,7.052879147521,23
46.889307008482,7.065999971664,23
46.889348962958,7.079120816444,23
46.889389413690,7.092241681134,23
46.889428360677,7.105362565009,23
46.889465803919,7.118483467341,23
46.889501743417,7.131604387404,23
46.885385843889,8.456780132675,23
46.885268401431,8.469899044086,23
46.885149455228,8.483017898380,23
46.885029005280,8.496136694833,23
46.884907051588,8.509255432715,23
46.884783594150,8.522374111302,23
46.884658632969,8.535492729866,23
46.884532168042,8.548611287681,23
46.898258726777,7.052814644048,23
46.898302192174,7.065937662187,23
46.898344153579,7.079060700962,23
46.898384610991,7.092183759649,23
46.898423564409,7.105306837519,23
46.898461013835,7.118429933847,23
46.898496959268,7.131553047905,23
46.898531400707,7.144676178968,23
46.898564338154,7.157799326307,23
46.898595771608,7.170922489198,23
46.894723741629,8.417586735090,23
46.894610791755,8.430708007485,23
46.894496337888,8.443829224943,23
46.894380380027,8.456950386739,23
46.894262918174,8.470071492145,23
46.894143952328,8.483192540436,23
46.894023482489,8.496313530883,23
46.893901508656,8.509434462762,23
46.893778030831,8.522555335344,23
46.907339331508,7.079000565601,23
46.907379795600,7.092125819009,23
46.907418755451,7.105251091600,23
46.907456211060,7.118376382649,23
46.907492162428,7.131501691429,23
46.907526609554,7.144627017212,23
46.907559552439,7.157752359273,23
46.907590991083,7.170877716885,23
46.907620925486,7.184003089320,23
46.907649355647,7.197128475853,23
46.903829786053,8.404626939969,23
46.903718321771,8.417750461294,23
46.903605353246,8.430873928409,23
46.903490880481,8.443997340589,23
46.903374903474,8.457120697106,23
46.903257422226,8.470243997233,23
46.903138436737,8.483367240245,23
46.903017947006,8.496490425414,23
46.902895953034,8.509613552013,23
46.916451395360,7.118322813748,23
46.916487352663,7.131450317974,23
46.916521805477,7.144577839204,23
46.916554753800,7.157705376712,23
46.916586197634,7.170832929771,23
46.916616136979,7.183960497653,23
46.916644571833,7.197088079633,23
46.916671502198,7.210215674983,23
46.912934349866,8.391662754597,23
46.912824371672,8.404788524851,23
46.912712888987,8.417914241623,23
46.912599901813,8.431039904186,23
46.912485410150,8.444165511812,23
46.912369413997,8.457291063776,23
46.912251913354,8.470416559350,23
46.912132908221,8.483541997808,23
46.912012398599,8.496667378424,23
46.911890384487,8.509792700470,23
46.925516988241,7.144528644944,23
46.925549942003,7.157658378624,23
46.925581391028,7.170788127855,23
46.925611335314,7.183917891910,23
46.925639774862,7.197047670062,23
46.925666709672,7.210177461584,23
46.925692139744,7.223307265751,23
46.922037432090,8.378694177526,23
46.921928940480,8.391822196708,23
46.921818944132,8.404950163135,23
46.921707443047,8.418078076079,23
46.921594437223,8.431205934814,23
46.921479926661,8.444333738613,23
46.921363911361,8.457461486749,23
46.921246391323,8.470589178495,23
46.934576571030,7.170743311138,23
46.934606520258,7.183875272091,23
46.934634964499,7.197007247141,23
46.934661903755,7.210139235561,23
46.934687338024,7.223271236626,23
46.934711267306,7.236403249608,23
46.934733691603,7.249535273780,23
46.931244531288,8.352590887892,23
46.931139031746,8.365721207305,23
46.931032027217,8.378851475415,23
46.930923517703,8.391981691495,23
46.930813503202,8.405111854820,23
46.930701983714,8.418241964662,23
46.930588959241,8.431372020294,23
46.943630140512,7.196966810869,23
46.943657084213,7.210100996913,23
46.943682522679,7.223235195601,23
46.943706455910,7.236369406207,23
46.943728883907,7.249503628003,23
46.943749806668,7.262637860263,23
46.943769224196,7.275772102260,23
46.943787136488,7.288906353268,23
46.943803543546,7.302040612560,23
46.940546667298,8.313345990826,23
46.940445666052,8.326478657410,23
46.940343159571,8.339611274872,23
46.940239147855,8.352743842484,23
46.940133630905,8.365876359520,23
46.940026608720,8.379008825253,23
46.939918081301,8.392141238957,23
46.939808048647,8.405273599905,23
46.939696510758,8.418405907371,23
46.952625302668,7.196926361248,23
46.952652250813,7.210062745641,23
46.952677693476,7.223199142678,23
46.952701630656,7.236335551632,23
46.952724062352,7.249471971777,23
46.952744988566,7.262608402386,23
46.952764409297,7.275744842733,23
46.952782324545,7.288881292090,23
46.952798734309,7.302017749731,23
46.952813638591,7.315154214929,23
46.952827037390,7.328290686958,23
46.949640833168,8.300357487541,23
46.949541320742,8.313492400870,23
46.949440302833,8.326627265803,23
46.949337779441,8.339762081613,23
46.949233750565,8.352896847574,23
46.949128216207,8.366031562959,23
46.949021176366,8.379166227042,23
46.948912631041,8.392300839095,23
46.948802580234,8.405435398392,23
46.961672850182,7.223163077855,23
46.961696791310,7.236301685884,23
46.961719226707,7.249440305104,23
46.961740156373,7.262578934787,23
46.961759580307,7.275717574208,23
46.961777498510,7.288856222640,23
46.961793910981,7.301994879355,23
46.961808817722,7.315133543628,23
46.961822218730,7.328272214732,23
46.961834114008,7.341410891939,23
46.961844503554,7.354549574524,23
46.961853387369,7.367688261760,23
46.961866637805,7.393965647276,23
46.959377513338,8.195403192547,23
46.959110547172,8.234815484307,23
46.959018546988,8.247952827790,23
46.958925041072,8.261090126511,23
46.958830029425,8.274227379743,23
46.958733512046,8.287364586759,23
46.958635488937,8.300501746832,23
46.958535960095,8.313638859235,23
46.958434925523,8.326775923243,23
46.958332385219,8.339912938128,23
46.958228339184,8.353049903163,23
46.958122787418,8.366186817623,23
46.958015729920,8.379323680780,23
46.970714376738,7.249408627982,23
46.970735309855,7.262549457466,23
46.970754736993,7.275690296687,23
46.970772658151,7.288831144918,23
46.970789073329,7.301972001434,23
46.970803982528,7.315112865507,23
46.970817385747,7.328253736411,23
46.970829282986,7.341394613419,23
46.970839674246,7.354535495804,23
46.970848559526,7.367676382839,23
46.970855938826,7.380817273799,23
46.970861812147,7.393958167956,23
46.970866179488,7.407099064584,23
46.970869040849,7.420239962955,23
46.968625733538,8.156110633169,23
46.968542754058,8.169250429768,23
46.968458268599,8.182390185965,23
46.968372277160,8.195529901033,23
46.968284779741,8.208669574245,23
46.968195776343,8.221809204874,23
46.968105266965,8.234948792194,23
46.968013251607,8.248088335477,23
46.967919730270,8.261227833998,23
46.967824702953,8.274367287030,23
46.967728169657,8.287506693846,23
46.967630130380,8.300646053719,23
46.967530585124,8.313785365923,23
46.967429533889,8.326924629730,23
46.967326976673,8.340063844415,23
46.967222913478,8.353203009251,23
46.979767803234,7.288806058926,23
46.979784221119,7.301949115967,23
46.979799132776,7.315092180566,23
46.979812538205,7.328235251995,23
46.979824437407,7.341378329529,23
46.979834830380,7.354521412439,23
46.979843717125,7.367664500001,23
46.979851097642,7.380807591486,23
46.979856971931,7.393950686169,23
46.979861339993,7.407093783322,23
46.979864201826,7.420236882220,23
46.979865557431,7.433379982134,23
46.979865406808,7.446523082340,23
46.977620524597,8.156230781870,23
46.977537531434,8.169372778995,23
46.977453032043,8.182514735718,23
46.977367026425,8.195656651312,23
46.977279514578,8.208798525049,23
46.977190496503,8.221940356204,23
46.977099972200,8.235082144049,23
46.977007941669,8.248223887858,23
46.976914404911,8.261365586905,23
46.976819361924,8.274507240462,23
46.976722812709,8.287648847804,23
46.976624757266,8.300790408203,23
46.976525195595,8.313931920932,23
46.976424127697,8.327073385265,23
46.988807675873,7.328216761485,23
46.988819577036,7.341362040270,23
46.988829971723,7.354507324432,23
46.988838859933,7.367652613244,23
46.988846241667,7.380797905981,23
46.988852116925,7.393943201915,23
46.988856485706,7.407088500319,23
46.988859348011,7.420233800468,23
46.988860703840,7.433379101634,23
46.988860553192,7.446524403090,23
46.988858896068,7.459669704111,23
46.986932263485,8.103773787187,23
46.986855282545,8.116918139908,23
46.986776795128,8.130062455132,23
46.986696801235,8.143206732134,23
46.986615300865,8.156350970187,23
46.986532294019,8.169495168563,23
46.986447780697,8.182639326537,23
46.986361760898,8.195783443382,23
46.986274234623,8.208927518371,23
46.986185201872,8.222071550776,23
46.986094662644,8.235215539873,23
46.986002616940,8.248359484934,23
46.985909064760,8.261503385232,23
46.985619369361,8.300934810283,23
46.985519791275,8.314078524263,23
46.997841370667,7.380788217283,23
46.997847246894,7.393935715194,23
46.997851616395,7.407083215575,23
46.997854479172,7.420230717700,23
46.997855835224,7.433378220843,23
46.997855684552,7.446525724276,23
46.997854027155,7.459673227274,23
46.997850863033,7.472820729109,23
46.995927076978,8.103885207212,23
46.995850083348,8.117031761909,23
46.995771582993,8.130178279111,23
46.995691575913,8.143324758089,23
46.995610062108,8.156471198119,23
46.995527041579,8.169617598472,23
46.995442514326,8.182763958423,23
46.995356480347,8.195910277244,23
46.995089338064,8.235348979666,23
47.006850951351,7.433377339762,23
47.006850800653,7.446527045898,23
47.006849142983,7.459676751598,23
47.006845978340,7.472826456135,23
47.006841306724,7.485976158782,23
47.006835128134,7.499125858814,23
47.006827442572,7.512275555503,23
47.006818250037,7.525425248123,23
47.006807550528,7.538574935946,23
47.005728407163,7.946208914972,23
47.005669484519,7.959358065644,23
47.005609054901,7.972507187540,23
47.005547118311,7.985656279933,23
47.005483674748,7.998805342096,23
47.005418724212,8.011954373304,23
47.005284302220,8.038252339945,23
47.005071366935,8.077699039569,23
47.004997374561,8.090847869781,23
47.004921875213,8.103996663950,23
47.004844868893,8.117145421350,23
47.004766355600,8.130294141253,23
47.004686335334,8.143442822935,23
47.004604808094,8.156591465666,23
47.004437232697,8.182888631375,23
47.015845901264,7.446528367955,23
47.015844243321,7.459680277082,23
47.015841078156,7.472832185047,23
47.015836405770,7.485984091123,23
47.015830226162,7.499135994582,23
47.015822539333,7.512287894699,23
47.015813345283,7.525439790747,23
47.015802644012,7.538591681998,23
47.015790435519,7.551743567727,23
47.015776719805,7.564895447207,23
47.015761496869,7.578047319711,23
47.014723322815,7.946293967289,23
47.014664390461,7.959445321388,23
47.014603950885,7.972596646712,23
47.014542004089,7.985747942533,23
47.014478550070,7.998899208124,23
47.014413588831,8.012050442760,23
47.014347120370,8.025201645713,23
47.014279144688,8.038352816257,23
47.014209661785,8.051503953664,23
47.014138671660,8.064655057209,23
47.014066174314,8.077806126165,23
47.013992169746,8.090957159804,23
47.013916657957,8.104108157401,23
47.013839638947,8.117259118229,23
47.013761112716,8.130410041560,23
47.013681079263,8.143560926669,23
47.024839327934,7.459683803728,23
47.024836162247,7.472837915846,23
47.024831489091,7.485992026075,23
47.024825308466,7.499146133688,23
47.024817620370,7.512300237959,23
47.024808424805,7.525454338160,23
47.024797721771,7.538608433565,23
47.024785511267,7.551762523447,23
47.024771793293,7.564916607080,23
47.024756567849,7.578070683737,23
47.024739834936,7.591224752691,23
47.024721594553,7.604378813217,23
47.024701846700,7.617532864586,23
47.023886004116,7.906918207463,23
47.023831584461,7.920071847684,23
47.023775657337,7.933225461309,23
47.023718222743,7.946379047612,23
47.023659280679,7.959532605865,23
47.023598831145,7.972686135342,23
47.023536874142,7.985839635316,23
47.023473409669,7.998993105061,23
47.023408437726,8.012146543850,23
47.023341958314,8.025299950957,23
47.023273971432,8.038453325654,23
47.023204477080,8.051606667215,23
47.023133475259,8.064759974913,23
47.023060965968,8.077913248022,23
47.022986949207,8.091066485815,23
47.022911424977,8.104219687566,23
