45.813820739238,6.314297622798,23
45.813948846609,6.327160101632,23
45.814075479788,6.340022643249,23
45.814200638774,6.352885246923,23
45.814324323566,6.365747911928,23
45.816654285603,8.231106626199,23
45.816562738218,8.243970447622,23
45.816469716639,8.256834223555,23
45.816375220868,8.269697953272,23
45.822685315447,6.301248890813,23
45.822814918840,6.314113413790,23
45.822943047792,6.326978000278,23
45.823069702303,6.339842649550,23
45.823194882372,6.352707360878,23
45.823318588000,6.365572133538,23
45.825648942527,8.231236457720,23
45.825557379720,8.244102386797,23
45.825464342472,8.256968270385,23
45.825369830783,8.269834107756,23
45.825273844652,8.282699898185,23
45.825176384080,8.295565640945,23
45.831679488297,6.301062510012,23
45.831809113518,6.313929141369,23
45.831937264050,6.326795836236,23
45.832063939893,6.339662593888,23
45.832189141045,6.352529413597,23
45.834643614527,8.231366333935,23
45.834552036298,8.244234371392,23
45.834458983380,8.257102363360,23
45.834364455773,8.269970309111,23
45.834268453475,8.282838207920,23
45.834170976489,8.295706059060,23
45.834072024812,8.308573861804,23
45.840673675989,6.300876065071,23
45.840803323039,6.313744805533,23
45.840931495151,6.326613609507,23
45.843546707719,8.244366401407,23
45.843453639131,8.257236502480,23
45.843359095605,8.270106557337,23
45.843263077141,8.282976565252,23
45.843165583740,8.295846525498,23
45.843066615400,8.308716437347,23
45.849667878289,6.300689555991,23
45.849797547168,6.313560406285,23
45.849925740860,6.326431320089,23
45.852353750047,8.270242852434,23
45.852257715416,8.283114970180,23
45.852160205600,8.295987040257,23
45.852061220597,8.308859061938,23
45.858662094966,6.300502982771,23
45.858791785673,6.313375943622,23
45.861252368067,8.283253422705,23
45.861154841835,8.296127603338,23
45.861055840169,8.309001735576,23
45.867656325784,6.300316345413,23
45.867786038320,6.313191417546,23
45.870247034859,8.283391922826,23
45.870149492213,8.296268214742,23
45.870050473884,8.309144458261,23
45.869949979871,8.322020652658,23
45.876650570512,6.300129643916,23
45.876780304876,6.313006828057,23
45.879337798690,8.270652018951,23
45.879241715561,8.283530470544,23
45.879144156499,8.296408874467,23
45.879045121507,8.309287229995,23
45.878944610583,8.322165536400,23
45.878842623728,8.335043792955,23
45.878739160942,8.347921998935,23
45.885644828915,6.299942878279,23
45.888236409938,8.283669065857,23
45.888138834462,8.296549582515,23
45.888039782806,8.309430050776,23
45.887939254971,8.322310469914,23
45.887837250956,8.335190839203,23
45.897034457547,8.309572920604,23
45.896933912800,8.322455453201,23
45.896831891626,8.335337935949,23
45.906029145497,8.309715839480,23
45.905928583839,8.322600486262,23
45.905826545504,8.335485083194,23
45.915122948068,8.296971996589,23
45.915023846423,8.309858807403,23
45.914923267853,8.322745569095,23
45.914821212359,8.335632280938,23
45.914717679940,8.348518942205,23
45.924117678399,8.297112897924,23
45.924018560091,8.310001824374,23
45.923917964610,8.322890701702,23
45.923815891955,8.335779529181,23
45.923712342128,8.348668306083,23
45.923607315128,8.361557031683,23
45.933013286268,8.310144890393,23
45.932912673875,8.323035884082,23
45.932810584061,8.335926827922,23
45.932707016825,8.348817721185,23
45.932601972169,8.361708563146,23
45.941907395416,8.323181116235,23
45.941805288442,8.336074177161,23
45.941701703798,8.348967187512,23
45.941596641485,8.361860146559,23
45.950800004865,8.336221576900,23
45.950696402813,8.349116705062,23
45.950591322844,8.362011781923,23
45.959896874391,8.323471729860,23
45.959794733097,8.336369027137,23
45.959691113637,8.349266273837,23
45.959586016011,8.362163469235,23
45.968789472905,8.336516527873,23
45.968685836037,8.349415893837,23
45.968580720754,8.362315208498,23
45.977784224055,8.336664079107,23
45.977680569779,8.349565565060,23
45.977575436839,8.362466999710,23
45.986778986314,8.336811680840,23
45.986675314629,8.349715287508,23
45.986570164033,8.362618842873,23
45.995564902103,8.362770737985,23
46.004664836724,8.350014886076,23
46.004559650815,8.362922685046,23
46.013554409936,8.363074684058,23
46.508275363935,8.371514632349,23
46.517270333554,8.371669540548,23
46.526371510267,8.358792374692,23
46.526265300281,8.371824500697,23
46.535471225109,8.345910879536,23
46.535366491527,8.358945221817,23
46.535260263884,8.371979512795,23
46.542246874178,6.286135747076,23
46.544671239477,8.319988445225,23
46.544569477102,8.333025053630,23
46.544466220419,8.346061612186,23
46.544361469428,8.359098120166,23
46.544255224130,8.372134576844,23
46.551241497072,6.285944235146,23
46.551372868574,6.298981887712,23
46.553666265267,8.320134895525,23
46.553564485981,8.333173670355,23
46.553461212138,8.346212395335,23
46.553356443739,8.359251069740,23
46.560236116141,6.285752659076,23
46.560367509472,6.298792478792,23
46.560497407997,6.311832362019,23
46.562761588626,8.307240403770,23
46.562661287233,8.320281394872,23
46.562559491035,8.333322336852,23
46.562456200032,8.346363228983,23
46.562351414225,8.359404070538,23
46.569230731153,6.285561018867,23
46.569362146312,6.298603006459,23
46.569492066418,6.311645057561,23
46.571952774151,8.281298321871,23
46.571855446200,8.294341576915,23
46.571756623197,8.307384784289,23
46.571656305141,8.320427943267,23
46.571554492031,8.333471053123,23
46.571451183869,8.346514113129,23
46.571346380654,8.359557122560,23
46.578225341874,6.285369314519,23
46.578356778861,6.298413470712,23
46.578486720547,6.311457690416,23
46.578615166932,6.324501972903,23
46.580850492895,8.294483837155,23
46.580751653477,8.307529213130,23
46.580651318757,8.320574540710,23
46.580549488737,8.333619819167,23
46.580446163414,8.346665047774,23
46.587219948071,6.285177546032,23
46.587351406886,6.298223871552,23
46.587481370152,6.311270260582,23
46.590038760082,8.268530912105,23
46.589942895349,8.281578552020,23
46.589845535065,8.294626144991,23
46.589746679232,8.307673690294,23
46.589646327850,8.320721187200,23
46.596214549509,6.284985713406,23
46.596346030153,6.298034208978,23
46.596476015000,6.311082768060,23
46.596604504048,6.324131389927,23
46.599033829580,8.268668927434,23
46.598937948928,8.281718737400,23
46.598840572478,8.294768500424,23
46.598741700230,8.307818215779,23
46.598641332184,8.320867882738,23
46.598539468341,8.333917500574,23
46.605209145957,6.284793816640,23
46.605340648429,6.297844482990,23
46.605470654856,6.310895212851,23
46.605599165236,6.323946005495,23
46.608028894086,8.268806988907,23
46.607932997516,8.281858969652,23
46.607835604899,8.294910903454,23
46.607636331528,8.321014627323,23
46.614203737180,6.284601855736,23
46.614335261481,6.297654693589,23
46.614465289487,6.310707594953,23
46.614593821199,6.323760559101,23
46.617023953367,8.268945096526,23
46.616928040879,8.281999248774,23
46.616830632096,8.295053354080,23
46.616731727019,8.308107411716,23
46.623198322945,6.284409830692,23
46.623329869075,6.297464840774,23
46.623459918661,6.310519914368,23
46.623588471705,6.323575050745,23
46.626206374375,8.242970463415,23
46.626113439055,8.256026879598,23
46.626019007191,8.269083250291,23
46.625923078785,8.282139574768,23
46.625825653836,8.295195852302,23
46.632192903019,6.284217741509,23
46.632324470977,6.297274924546,23
46.632454542144,6.310332171094,23
46.632583116520,6.323389480426,23
46.635201453599,8.243104317416,23
46.635108502857,8.256162906553,23
46.635014055324,8.269221450201,23
46.634918111000,8.282279947632,23
46.634820669884,8.295338398121,23
46.641187477169,6.284025588188,23
46.641319066955,6.297084944905,23
46.641449159702,6.310144365132,23
46.641577755410,6.323203848144,23
46.641704854077,6.336263393213,23
46.644287996022,8.230177408531,23
46.644196526899,8.243238216111,23
46.644103560735,8.256298978928,23
46.644009097532,8.269359696256,23
46.643913137290,8.282420367367,23
46.650182045161,6.283833370727,23
46.650313656776,6.296894901849,23
46.650443771103,6.309956496483,23
46.650572388142,6.323018153900,23
46.650699507893,6.336079873375,23
46.650825130357,6.349141654180,23
46.653283078337,8.230309177515,23
46.653191594041,8.243372159500,23
46.653098612456,8.256435096723,23
46.653004133583,8.269497988456,23
46.659308240205,6.296704795381,23
46.659438376112,6.309768565145,23
46.659567014484,6.322832397694,23
46.659694155318,6.335896292300,23
46.659819798617,6.348960248236,23
46.659943944379,6.362024264777,23
46.660066592604,6.375088341195,23
46.662456660592,8.204310544852,23
46.662368156195,8.217375789314,23
46.662278154261,8.230440990467,23
46.662186654791,8.243506147583,23
46.662093657785,8.256571259937,23
46.661999163242,8.269636326802,23
46.668432974497,6.309580571120,23
46.668561634200,6.322646579525,23
46.668688796119,6.335712649988,23
46.668814460252,6.348778781781,23
46.668938626601,6.361844974178,23
46.669061295165,6.374911226453,23
46.669182465945,6.387977537878,23
46.669302138940,6.401043907728,23
46.671363240419,8.217505470378,23
46.671273223561,8.230572847387,23
46.671181708918,8.243640180361,23
46.671088696490,8.256707468571,23
46.670994186277,8.269774711293,23
46.677683430061,6.335528946439,23
46.677809115030,6.348597254814,23
46.677933301966,6.361665623794,23
46.678055990868,6.374734052651,23
46.678177181738,6.387802540659,23
46.678296874575,6.400871087091,23
46.678415069378,6.413939691220,23
46.680446851536,8.204565597784,23
46.680358317786,8.217635194685,23
46.680268286003,8.230704748277,23
46.680176756186,8.243774257832,23
46.687050679480,6.374556819789,23
46.687171890440,6.387627485105,23
46.687291603119,6.400698208844,23
46.687409817516,6.413768990281,23
46.687526533632,6.426839828689,23
46.689353388061,8.217764962235,23
46.689263341353,8.230836693135,23
46.689171796364,8.243908379998,23
46.696045360768,6.374379527867,23
46.696166591818,6.387452371216,23
46.696286324338,6.400525272989,23
46.696404558329,6.413598232459,23
46.696521293790,6.426671248900,23
46.696636530721,6.439744321585,23
46.698524078689,8.191746825961,23
46.698437014116,8.204820820786,23
46.698348451012,8.217894773029,23
46.698258389379,8.230968681962,23
46.705161285638,6.387277198992,23
46.705281038000,6.400352279524,23
46.705399291584,6.413427417753,23
46.705516046390,6.426502612954,23
46.705631302418,6.439577864398,23
46.707519163187,8.191872322480,23
46.707432084185,8.204948496064,23
46.707343506406,8.218024627065,23
46.707253429848,8.231100714757,23
46.714275743871,6.400179228450,23
46.714394017048,6.413256546164,23
46.714510791200,6.426333920849,23
46.714626066325,6.439411351778,23
46.714739842423,6.452488838223,23
46.716683929675,8.165841029811,23
46.716599834298,8.178919465865,23
46.716514239894,8.191997860790,23
46.716427146464,8.205076213859,23
46.716338554008,8.218154524344,23
46.716248462525,8.231232791521,23
46.723388734488,6.413085617692,23
46.723505527984,6.426165172586,23
46.723620822206,6.439244783725,23
46.723734617153,6.452324450381,23
46.725679026469,8.165962249494,23
46.725594917160,8.179042865758,23
46.725509308576,8.192123440892,23
46.725422200718,8.205203974171,23
46.725333593585,8.218284464867,23
46.732383443670,6.412914632335,23
46.732500256512,6.425996368166,23
46.732615569830,6.439078160240,23
46.732729383626,6.452160007832,23
46.734674115005,8.166083509517,23
46.734589991764,8.179166306716,23
46.734504369001,8.192249062787,23
46.734417246715,8.205331777001,23
46.734328624905,8.218414448633,23
46.741494976547,6.425827507587,23
46.741610308963,6.438911481323,23
46.741724141607,6.451995510576,23
46.741836474480,6.465079594619,23
46.743669195049,8.166204809881,23
46.743585057878,8.179289788742,23
46.743499420934,8.192374726473,23
46.750489687859,6.425658590851,23
46.750605039371,6.438744746973,23
46.750718890864,6.451830958613,23
46.750831242337,6.464917225043,23
46.752746917453,8.153238948935,23
46.752664266370,8.166326150585,23
46.752580115266,8.179413311833,23
46.752494464143,8.192500431952,23
46.759484390213,6.425489617956,23
46.759599760822,6.438577957191,23
46.759713631163,6.451666351943,23
46.759826001236,6.464754801485,23
46.759936871042,6.477843305092,23
46.760046240579,6.490931862036,23
46.761741993499,8.153358146868,23
46.761659328732,8.166447531631,23
46.761575163698,8.179536875991,23
46.761489498395,8.192626179222,23
46.768594473081,6.438411111976,23
46.768708362271,6.451501690566,23
46.768820750944,6.464592323946,23
46.768931639102,6.477683011391,23
46.769041026742,6.490773752173,23
46.769148913867,6.503864545566,23
46.769255300475,6.516955390842,23
46.770818238287,8.140385776141,23
46.770737060354,8.153477384417,23
46.770654381904,8.166568953018,23
46.770570202937,8.179660481216,23
46.770484523455,8.192751968284,23
46.777589175916,6.438244211329,23
46.777703083955,6.451336974482,23
46.777815491228,6.464429792426,23
46.777926397737,6.477522664434,23
46.778035803481,6.490615589780,23
46.778143708461,6.503708567736,23
46.778250112676,6.516801597576,23
46.778355016126,6.529894678573,23
46.778458418811,6.542987810001,23
46.778560320732,6.556080991133,23
46.779892999756,8.127409036952,23
46.779813309152,8.140502868741,23
46.779732117784,8.153596661581,23
46.779649425651,8.166690414745,23
46.779565232753,8.179784127507,23
46.786810221854,6.464267206925,23
46.786921146715,6.477362264222,23
46.787030570562,6.490457374856,23
46.787138493397,6.503552538101,23
46.787244915219,6.516647753230,23
46.787349836028,6.529743019516,23
46.787453255823,6.542838336234,23
46.787555174606,6.555933702655,23
46.787655592376,6.569029118053,23
46.789042978692,8.101331835055,23
46.788966276927,8.114427927852,23
46.788888074150,8.127523983153,23
46.788808370360,8.140620000232,23
46.788727165556,8.153715978361,23
46.788644459740,8.166811916814,23
46.788560252911,8.179907814864,23
46.796133268442,6.503396456662,23
46.796239707871,6.516493857805,23
46.796344646038,6.529591310106,23
46.796448082944,6.542688812838,23
46.796550018589,6.555786365274,23
46.796650452972,6.568883966686,23
46.796749386094,6.581981616350,23
46.798113282015,8.088344131811,23
46.798038068822,8.101442447392,23
46.797961354368,8.114540726203,23
46.797883138653,8.127638967519,23
46.797803421676,8.140737170612,23
46.797722203438,8.153835334755,23
46.797639483938,8.166933459223,23
46.805339445924,6.529439550343,23
46.805442899940,6.542539239814,23
46.805544852447,6.555638978990,23
46.805645303443,6.568738767143,23
46.805744252931,6.581838603547,23
46.805841700908,6.594938487474,23
46.807182098587,8.075352055757,23
46.807108374463,8.088452594120,23
46.807033148828,8.101553096441,23
46.806956421684,8.114653561993,23
46.806878193031,8.127753990049,23
46.806798462867,8.140854379882,23
46.806717231195,8.153954730765,23
46.814437706579,6.542389617163,23
46.814539675947,6.555491543804,23
46.814640143557,6.568593519423,23
46.814739109410,6.581695543292,23
46.814836573504,6.594797614686,23
46.814932535840,6.607899732876,23
46.816249427430,8.062355605443,23
46.816177192870,8.075458366588,23
46.816103456553,8.088561092417,23
46.816028218477,8.101663782204,23
46.815951478643,8.114766435221,23
46.815873237051,8.127869050743,23
46.823534488856,6.555344059716,23
46.823634973080,6.568448223526,23
46.823733955298,6.581552435586,23
46.823831435509,6.594656695171,23
46.823927413713,6.607761001553,23
46.824021889912,6.620865354005,23
46.824114864104,6.633969751802,23
46.825315267565,8.049354779419,23
46.825244523067,8.062459763345,23
46.825172276562,8.075564712681,23
46.825098528051,8.088669626702,23
46.825023277534,8.101774504680,23
46.824946525010,8.114879345888,23
46.832629791779,6.568302879452,23
46.832728790361,6.581409280429,23
46.832826286689,6.594515728930,23
46.832922280762,6.607622224229,23
46.833016772581,6.620728765598,23
46.833109762145,6.633835352312,23
46.833201249454,6.646941983643,23
46.833291234508,6.660048658864,23
46.834447369700,8.023242336394,23
46.834379618014,8.036349576235,23
46.834310364074,8.049456782941,23
46.834239607879,8.062563955783,23
46.834167349430,8.075671094037,23
46.834093588726,8.088778196974,23
46.834018325767,8.101885263869,23
46.841723614367,6.581266077820,23
46.841821126812,6.594374715964,23
46.841917136753,6.607483400905,23
46.842011644192,6.620592131917,23
46.842104649128,6.633700908273,23
46.842196151560,6.646809729246,23
46.842286151490,6.659918594109,23
46.842374648917,6.673027502137,23
46.842461643840,6.686136452602,23
46.843508738181,8.010230532549,23
46.843442477799,8.023339994442,23
46.843374714914,8.036449423926,23
46.843305449525,8.049558820273,23
46.843234681634,8.062668182758,23
46.843162411240,8.075777510654,23
46.850911981453,6.607344531581,23
46.851006504512,6.620455452961,23
46.851099524820,6.633566419684,23
46.851191042376,6.646677431025,23
46.851281057181,6.659788486257,23
46.851369569234,6.672899584652,23
46.851456578536,6.686010725485,23
46.851542085087,6.699121908029,23
46.851626088887,6.712233131556,23
46.851708589935,6.725344395341,23
46.852503845941,8.010326032589,23
46.852437574607,8.023437684850,23
46.852369800522,8.036549304701,23
46.852300523685,8.049660891417,23
46.852229744097,8.062772444270,23
46.860094388987,6.633431886547,23
46.860185921667,6.646545088981,23
46.860275951347,6.659658335306,23
46.860364478027,6.672771624795,23
46.860451501708,6.685884956722,23
46.860537022389,6.698998330359,23
46.860621040070,6.712111744980,23
46.860703554752,6.725225199858,23
46.861563721461,7.997307689226,23
46.861498942176,8.010421564263,23
46.861432659890,8.023535407617,23
46.861364874605,8.036649218562,23
46.861295586321,8.049762996371,23
46.869359375062,6.672643622566,23
46.869446413122,6.685759146311,23
46.869531947933,6.698874711767,23
46.869615979496,6.711990318207,23
46.869698507811,6.725105964904,23
46.869779532878,6.738221651132,23
46.870683886875,7.971168834862,23
46.870622103382,7.984284962903,23
46.870558816642,7.997401060715,23
46.870494026653,8.010517127571,23
46.870427733416,8.023633162745,23
46.870359936931,8.036749165509,23
46.878526861486,6.698751052254,23
46.878610906931,6.711868851239,23
46.878693448879,6.724986690481,23
46.878774487332,6.738104569253,23
46.879739280929,7.958139502082,23
46.879678990726,7.971257852171,23
46.879617197027,7.984376172757,23
46.879553899831,7.997494463113,23
46.879489099139,8.010612722514,23
46.879422794951,8.023730950232,23
46.887605822141,6.711747344074,23
46.887688377723,6.724867376587,23
46.887769429561,6.737987448629,23
46.887848977653,6.751107559476,23
46.887927022002,6.764227708400,23
46.888850471601,7.931985183260,23
46.888793178930,7.945105783444,23
46.888734382513,7.958226355579,23
46.888674082352,7.971346898937,23
46.888612278446,7.984467412793,23
46.888548970796,7.997587896420,23
46.888484159401,8.010708349091,23
46.888417844261,8.023828770079,23
46.896600724893,6.711625796715,23
46.896683294109,6.724748023222,23
46.896764359332,6.737870289261,23
46.896843920561,6.750992594103,23
46.896921977798,6.764114937023,23
46.897901378040,7.918944855995,23
46.897845579899,7.932067677497,23
46.897788277766,7.945190471677,23
46.897729471640,7.958313237807,23
46.897669161521,7.971435975161,23
46.897607347408,7.984558683013,23
46.897544029303,7.997681360636,23
46.897479207205,8.010804007302,23
46.905678197804,6.724628630388,23
46.905759276412,6.737753091147,23
46.905838850778,6.750877590711,23
46.905916920903,6.764002128352,23
46.905993486787,6.777126703344,23
46.906068548430,6.790251314959,23
46.906950785972,7.905900139972,23
46.906896482860,7.919025182791,23
46.906840675506,7.932150199015,23
46.906783363911,7.945275187916,23
46.906724548075,7.958400148767,23
46.906664227998,7.971525080843,23
46.906602403679,7.984649983416,23
46.914673088574,6.724509198083,23
46.914754180567,6.737635854289,23
46.914833768071,6.750762549300,23
46.914911851084,6.763889282388,23
46.914988429608,6.777016052826,23
46.915063503643,6.790142859888,23
46.915137073187,6.803269702848,23
46.916049997517,7.879723744463,23
46.915998694419,7.892851033741,23
46.915945886832,7.905978297877,23
46.915891574755,7.919105536143,23
46.915835758189,7.932232747814,23
46.915778437132,7.945359932162,23
46.915719611586,7.958487088460,23
46.923828672205,6.750647469870,23
46.923906768107,6.763776399130,23
46.923983359272,6.776905365740,23
46.924058445698,6.790034368975,23
46.924132027386,6.803163408107,23
46.924204104336,6.816292482410,23
46.924274676548,6.829421591156,23
46.924343744023,6.842550733621,23
46.925143211322,7.853538492431,23
46.925094909232,7.866668025987,23
46.925045102404,7.879797535853,23
46.924993790839,7.892927021304,23
46.924940974535,7.906056481612,23
46.924886653493,7.919185916051,23
46.924830827713,7.932315323894,23
46.932823562949,6.750532352420,23
46.932901671739,6.763663478578,23
46.932978275544,6.776794642087,23
46.933053374362,6.789925842219,23
46.933126968193,6.803057078249,23
46.933199057039,6.816188349450,23
46.933269640898,6.829319655094,23
46.933338719770,6.842450994456,23
46.933406293657,6.855582366809,23
46.933472362557,6.868713771426,23
46.933536926471,6.881845207580,23
46.934138319009,7.853607914404,23
46.934090008948,7.866739644858,23
46.934040193900,7.879871351622,23
46.933988873867,7.893003033971,23
46.933936048846,7.906134691177,23
46.933881718840,7.919266322514,23
