46.68345872,7.99546530,23
46.68339415,8.00853592,23
46.68332808,8.02160652,23
46.68326052,8.03467708,23
46.68319146,8.04774761,23
46.68312090,8.06081811,23
46.68304884,8.07388857,23
46.68297529,8.08695899,23
46.68290023,8.10002938,23
46.68282368,8.11309973,23
46.67428206,8.98869153,23
46.67374230,9.02788971,23
46.67355939,9.04095559,23
46.67337497,9.05402139,23
46.67318906,9.06708709,23
46.67300165,9.08015271,23
46.67281274,9.09321823,23
46.67262234,9.10628366,23
46.67243043,9.11934900,23
46.67223703,9.13241425,23
46.67204213,9.14547940,23
46.67184573,9.15854446,23
46.67164783,9.17160942,23
46.69257866,7.96941236,23
46.69251708,7.98248522,23
46.69245400,7.99555806,23
46.69238942,8.00863086,23
46.69232335,8.02170363,23
46.69225577,8.03477637,23
46.69218670,8.04784908,23
46.69211613,8.06092175,23
46.69204406,8.07399439,23
46.69197049,8.08706699,23
46.68123045,9.13269645,23
46.68103552,9.14576378,23
46.68083909,9.15883101,23
46.68064116,9.17189815,23
46.68044173,9.18496519,23
46.68024081,9.19803214,23
46.68003838,9.21109898,23
46.70163405,7.95642572,23
46.70157396,7.96950079,23
46.70151237,7.98257584,23
46.70144928,7.99565085,23
46.70138469,8.00872583,23
46.70131860,8.02180078,23
46.70118193,8.04795058,23
46.69002891,9.14604825,23
46.68983244,9.15911766,23
46.68963448,9.17218698,23
46.68943502,9.18525620,23
46.68923406,9.19832532,23
46.68903160,9.21139434,23
46.68862219,9.23753210,23
46.71080067,7.91728008,23
46.71074506,7.93035742,23
46.71068796,7.94343472,23
46.71062935,7.95651200,23
46.71056925,7.96958926,23
46.71050765,7.98266648,23
46.71044455,7.99574367,23
46.71037995,8.00882083,23
46.71031385,8.02189796,23
46.69882579,9.15940440,23
46.69862779,9.17247590,23
46.69842830,9.18554730,23
46.69822730,9.19861860,23
46.69802481,9.21168980,23
46.69782082,9.22476091,23
46.69761533,9.23783192,23
46.69740834,9.25090282,23
46.71990272,7.89120074,23
46.71985011,7.90428031,23
46.71979599,7.91735985,23
46.71974037,7.93043937,23
46.71968326,7.94351886,23
46.71962465,7.95659832,23
46.71956453,7.96967775,23
46.71950292,7.98275715,23
46.70762109,9.17276492,23
46.70742157,9.18583850,23
46.70722054,9.19891198,23
46.70701802,9.21198536,23
46.70681399,9.22505865,23
46.70660847,9.23813183,23
46.70640145,9.25120492,23
46.70619293,9.26427791,23
46.70598290,9.27735079,23
46.72899881,7.86511261,23
46.72894918,7.87819441,23
46.72889805,7.89127618,23
46.72884543,7.90435793,23
46.72879130,7.91743965,23
46.72873568,7.93052135,23
46.72867855,7.94360302,23
46.72861993,7.95668466,23
46.72855981,7.96976627,23
46.72849819,7.98284785,23
46.71621377,9.19920545,23
46.71580715,9.22535648,23
46.71560160,9.23843185,23
46.71539454,9.25150712,23
46.71518598,9.26458228,23
46.71497593,9.27765735,23
46.71476437,9.29073231,23
46.73799415,7.86518372,23
46.73794451,7.87826769,23
46.73789338,7.89135165,23
46.73784074,7.90443558,23
46.73778661,7.91751948,23
46.73773097,7.93060336,23
46.73767384,7.94368721,23
46.72480031,9.22565442,23
46.72459472,9.23873197,23
46.72438763,9.25180941,23
46.72417904,9.26488676,23
46.72396895,9.27796401,23
46.72375736,9.29104115,23
46.72354427,9.30411819,23
46.72311359,9.33027196,23
46.74703762,7.85216866,23
46.74698948,7.86525484,23
46.74693983,7.87834100,23
46.74688869,7.89142714,23
46.74683605,7.90451325,23
46.74678190,7.91759934,23
46.73317208,9.26519134,23
46.73296195,9.27827077,23
46.73275033,9.29135009,23
46.73253720,9.30442932,23
46.73232258,9.31750843,23
46.73210645,9.33058745,23
46.73188883,9.34366636,23
46.75616841,7.81297239,23
46.75612476,7.82606082,23
46.75607960,7.83914924,23
46.75603295,7.85223763,23
46.75598480,7.86532599,23
46.75593515,7.87841434,23
46.75588400,7.89150266,23
46.74216511,9.26549602,23
46.74195495,9.27857763,23
46.74174329,9.29165914,23
46.74153013,9.30474055,23
46.74131547,9.31782185,23
46.74109931,9.33090304,23
46.74088165,9.34398413,23
46.74066249,9.35706512,23
46.76528573,7.77376286,23
46.76524657,7.78685354,23
46.76520591,7.79994419,23
46.76516375,7.81303483,23
46.76512009,7.82612545,23
46.76507493,7.83921604,23
46.76502827,7.85230662,23
46.76498011,7.86539717,23
46.76493045,7.87848769,23
46.76487929,7.89157820,23
46.75094794,9.27888460,23
46.75073625,9.29196829,23
46.75052305,9.30505188,23
46.75030836,9.31813536,23
46.75009216,9.33121874,23
46.74987446,9.34430202,23
46.74965527,9.35738519,23
46.74943457,9.37046825,23
46.77431875,7.76072589,23
46.77428108,7.77381877,23
46.77424192,7.78691163,23
46.77420125,7.80000447,23
46.77415908,7.81309729,23
46.77411542,7.82619009,23
46.77407025,7.83928287,23
46.77402358,7.85237563,23
46.77397542,7.86546837,23
46.77392575,7.87856108,23
46.75908500,9.33153455,23
46.75886727,9.34462001,23
46.75864803,9.35770536,23
46.75842730,9.37079060,23
46.75820507,9.38387574,23
46.75798133,9.39696078,23
46.78338493,7.73458945,23
46.78335027,7.74768455,23
46.78331410,7.76077963,23
46.78327643,7.77387470,23
46.78323725,7.78696974,23
46.78319658,7.80006477,23
46.78315441,7.81315978,23
46.78311074,7.82625476,23
46.78297071,7.86553959,23
46.76807783,9.33185046,23
46.76786006,9.34493810,23
46.76764079,9.35802564,23
46.76742002,9.37111307,23
46.76719775,9.38420039,23
46.76697398,9.39728761,23
46.79241346,7.72154154,23
46.79238029,7.73463884,23
46.79234561,7.74773613,23
46.79230944,7.76083340,23
46.79227176,7.77393065,23
46.79223258,7.78702788,23
46.79219190,7.80012509,23
46.77685284,9.34525630,23
46.77663354,9.35834602,23
46.77641273,9.37143564,23
46.77619043,9.38452515,23
46.77596662,9.39761455,23
46.77574131,9.41070384,23
46.80144049,7.70848926,23
46.80140881,7.72158876,23
46.80137563,7.73468825,23
46.80134095,7.74778772,23
46.80130477,7.76088718,23
46.80126708,7.77398661,23
46.80122790,7.78708603,23
46.78540543,9.37175832,23
46.78518309,9.38485001,23
46.78495924,9.39794160,23
46.78473390,9.41103308,23
46.78450705,9.42412445,23
46.81046601,7.69543260,23
46.81043583,7.70853431,23
46.81040415,7.72163600,23
46.81037096,7.73473767,23
46.81033628,7.74783933,23
46.81030009,7.76094097,23
46.79417574,9.38517498,23
46.79395186,9.39826876,23
46.79372648,9.41136242,23
46.79349959,9.42445598,23
46.79327120,9.43754942,23
46.79304132,9.45064276,23
46.81949003,7.68237158,23
46.81946135,7.69547548,23
46.81943116,7.70857937,23
46.81939947,7.72168325,23
46.81936628,7.73478711,23
46.81933159,7.74789096,23
46.80339080,9.37240399,23
46.80316839,9.38550006,23
46.80294447,9.39859602,23
46.80271905,9.41169188,23
46.80249212,9.42478762,23
46.80226370,9.43788325,23
46.80203377,9.45097878,23
46.82851255,7.66930617,23
46.82848536,7.68241228,23
46.82845668,7.69551837,23
46.82842648,7.70862445,23
46.82839479,7.72173052,23
46.82836160,7.73483657,23
46.81193706,9.39892340,23
46.81171160,9.41202144,23
46.81148464,9.42511937,23
46.81125618,9.43821719,23
46.81102622,9.45131491,23
46.83750788,7.66934470,23
46.83748069,7.68245299,23
46.83745199,7.69556128,23
46.83742180,7.70866955,23
46.83739010,7.72177780,23
46.82047715,9.42545123,23
46.82024865,9.43855125,23
46.82001865,9.45165115,23
46.81978715,9.46475093,23
46.81955414,9.47785061,23
46.84652889,7.65627274,23
46.84650319,7.66938324,23
46.84647600,7.68249372,23
46.84644730,7.69560420,23
46.84641710,7.70871466,23
46.82946965,9.42578321,23
46.82924112,9.43888541,23
46.82901107,9.45198750,23
46.82877953,9.46508948,23
46.82854649,9.47819134,23
46.82831194,9.49129309,23
46.82807589,9.50439473,23
46.82783833,9.51749626,23
46.85554839,7.64319640,23
46.85552419,7.65630910,23
46.85549849,7.66942179,23
46.85547129,7.68253447,23
46.85544259,7.69564713,23
46.85541238,7.70875978,23
46.83846214,9.42611529,23
46.83823357,9.43921968,23
46.83800349,9.45232396,23
46.83777190,9.46542813,23
46.83753882,9.47853219,23
46.83730423,9.49163613,23
46.83706814,9.50473996,23
46.83683055,9.51784367,23
46.86456638,7.63011567,23
46.86454369,7.64323058,23
46.86451949,7.65634547,23
46.86449379,7.66946036,23
46.86446658,7.68257523,23
46.86443787,7.69569008,23
46.84699589,9.45266053,23
46.84653114,9.47887314,23
46.84629652,9.49197928,23
46.84606039,9.50508530,23
46.84582276,9.51819120,23
46.84558362,9.53129700,23
46.87358287,7.61703057,23
46.87356168,7.63014768,23
46.87353898,7.64326477,23
46.87351477,7.65638186,23
46.87348907,7.66949893,23
46.87346186,7.68261600,23
46.85528879,9.49232254,23
46.85505262,9.50543075,23
46.85481495,9.51853885,23
46.85457578,9.53164683,23
46.85433510,9.54475470,23
46.88259785,7.60394108,23
46.88257815,7.61706039,23
46.88255695,7.63017969,23
46.88253425,7.64329898,23
46.88251004,7.65641826,23
46.88248433,7.66953753,23
46.86404485,9.50577632,23
46.86380713,9.51888661,23
46.86356792,9.53199679,23
46.86332720,9.54510685,23
46.86308498,9.55821679,23
46.89159313,7.60396872,23
46.89157343,7.61709022,23
46.89155222,7.63021171,23
46.89152951,7.64333320,23
46.89150530,7.65645467,23
46.87303706,9.50612200,23
46.87279931,9.51923449,23
46.87256005,9.53234686,23
46.87231929,9.54545911,23
46.87207703,9.55857125,23
46.87183327,9.57168326,23
46.90062328,7.57774894,23
46.90060659,7.59087266,23
46.90058839,7.60399636,23
46.90056868,7.61712006,23
46.90054748,7.63024375,23
46.90052477,7.64336743,23
46.88179146,9.51958248,23
46.88155217,9.53269704,23
46.88131137,9.54581149,23
46.88106907,9.55892582,23
46.88082527,9.57204003,23
46.88057996,9.58515413,23
46.90961854,7.57777221,23
46.90960184,7.59089812,23
46.90958364,7.60402402,23
46.90956393,7.61714991,23
46.90954272,7.63027579,23
46.89054428,9.53304734,23
46.89030344,9.54616398,23
46.89006110,9.55928051,23
46.88981725,9.57239692,23
46.88957190,9.58551321,23
46.88932505,9.59862938,23
46.88907669,9.61174543,23
46.91861378,7.57779548,23
46.91859708,7.59092358,23
46.91857887,7.60405168,23
46.91855916,7.61717977,23
46.89929549,9.54651660,23
46.89905311,9.55963532,23
46.89880922,9.57275392,23
46.89856383,9.58587241,23
46.89831694,9.59899077,23
46.89806854,9.61210902,23
46.89781864,9.62522715,23
46.89756723,9.63834515,23
46.89731431,9.65146304,23
46.92760901,7.57781876,23
46.92759230,7.59094906,23
46.92757409,7.60407936,23
46.90780118,9.57311104,23
46.90755575,9.58623172,23
46.90730882,9.59935229,23
46.90706038,9.61247273,23
46.90681043,9.62559305,23
46.90655898,9.63871326,23
46.90630603,9.65183334,23
46.93660422,7.57784205,23
46.93658751,7.59097455,23
46.91580221,9.62595908,23
46.91555072,9.63908148,23
46.91529773,9.65220376,23
46.91504323,9.66532591,23
46.94559942,7.57786534,23
46.94558271,7.59100004,23
46.92479398,9.62632523,23
46.92454245,9.63944983,23
46.92428941,9.65257430,23
46.92403487,9.66569865,23
46.92377882,9.67882288,23
46.95459461,7.57788865,23
46.93353416,9.63981829,23
46.93328108,9.65294497,23
46.93302650,9.66607152,23
46.93277041,9.67919795,23
46.94252586,9.64018688,23
46.94227274,9.65331576,23
46.94201811,9.66644451,23
46.94176198,9.67957313,23
46.95151755,9.64055559,23
46.95126439,9.65368667,23
46.95100972,9.66681762,23
46.95075354,9.67994844,23
46.96050922,9.64092443,23
46.96025601,9.65405770,23
46.96000130,9.66719085,23
46.95974508,9.68032388,23
46.96924763,9.65442886,23
46.96899287,9.66756421,23
46.96873661,9.68069944,23
46.97823923,9.65480013,23
46.97798443,9.66793769,23
46.97772813,9.68107512,23
46.98697597,9.66831129,23
46.98671963,9.68145092,23
46.99596750,9.66868502,23
46.99571111,9.68182685,23
47.00495901,9.66905887,23
47.00470258,9.68220291,23
47.01395050,9.66943284,23
47.01369403,9.68257908,23
47.02294198,9.66980693,23
47.02268547,9.68295539,23
47.03167689,9.68333181,23
47.06764239,9.68483875,23
