45.92550268,8.09088399,24
45.92542719,8.10377360,24
45.92535023,8.11666318,24
45.92527179,8.12955271,24
45.92519188,8.14244221,24
45.93434518,8.11677450,24
45.93426673,8.12966615,24
45.93418680,8.14255777,24
46.13926665,8.39108741,24
46.13915675,8.40402697,24
46.13904537,8.41696647,24
46.14826150,8.39124445,24
46.14815158,8.40418615,24
46.14804018,8.41712778,24
46.15703500,8.41728915,24
46.18401950,8.41777359,24
46.19301435,8.41793517,24
46.20212071,8.40514236,24
46.20200920,8.41809682,24
47.02053339,8.43303589,24
47.02846632,6.32831674,24
47.02952775,8.43320258,24
47.03746049,6.32813059,24
47.03852209,8.43336932,24
47.04645464,6.32794438,24
47.04774145,8.40721871,24
47.04762969,8.42037744,24
47.04751642,8.43353612,24
47.05544877,6.32775810,24
47.05557533,6.34091848,24
47.05673579,8.40738115,24
47.05662402,8.42054209,24
47.05651073,8.43370298,24
47.06444289,6.32757176,24
47.06456947,6.34073435,24
47.06469454,6.35389700,24
47.06584041,8.39438043,24
47.06573012,8.40754364,24
47.06561833,8.42070679,24
47.06550502,8.43386988,24
47.07343699,6.32738537,24
47.07356359,6.34055016,24
47.07368869,6.35371502,24
47.07381227,6.36687994,24
47.07494354,8.38137531,24
47.07483474,8.39454077,24
47.07472444,8.40770618,24
47.07461262,8.42087154,24
47.07449930,8.43403685,24
47.08243108,6.32719891,24
47.08255770,6.34036591,24
47.08268281,6.35353298,24
47.08280642,6.36670010,24
47.08292851,6.37986729,24
47.08393787,8.38153349,24
47.08382906,8.39470116,24
47.08371873,8.40786878,24
47.08360690,8.42103635,24
47.08349356,8.43420387,24
47.09142514,6.32701239,24
47.09155179,6.34018160,24
47.09167692,6.35335088,24
47.09180054,6.36652021,24
47.09192266,6.37968961,24
47.09204326,6.39285906,24
47.09303951,8.36852178,24
47.09293218,8.38169172,24
47.09282335,8.39486161,24
47.09271301,8.40803144,24
47.09260116,8.42120121,24
47.10054586,6.33999723,24
47.10067101,6.35316872,24
47.10079465,6.36634026,24
47.10091679,6.37951187,24
47.10103741,6.39268353,24
47.10213965,8.35550566,24
47.10203382,8.36867786,24
47.10192648,8.38185001,24
47.10181763,8.39502210,24
47.10170727,8.40819414,24
47.10159540,8.42136613,24
47.10966508,6.35298650,24
47.10978875,6.36616026,24
47.10991090,6.37933407,24
47.11003155,6.39250795,24
47.11015068,6.40568188,24
47.11123830,8.34248511,24
47.11113396,8.35565957,24
47.11102812,8.36883398,24
47.11092076,8.38200834,24
47.11081189,8.39518265,24
47.11070151,8.40835690,24
47.11865913,6.35280422,24
47.11878282,6.36598019,24
47.11890500,6.37915622,24
47.11902566,6.39233230,24
47.11914482,6.40550845,24
47.11926246,6.41868465,24
47.12033546,8.32946014,24
47.12023261,8.34263687,24
47.12012826,8.35581354,24
47.12002239,8.36899016,24
47.11991502,8.38216673,24
47.11980613,8.39534325,24
47.12777688,6.36580006,24
47.12789907,6.37897830,24
47.12801976,6.39215660,24
47.12813893,6.40533496,24
47.12825659,6.41851338,24
47.12837275,6.43169185,24
47.12932977,8.32960973,24
47.12922691,8.34278867,24
47.12912254,8.35596755,24
47.12901665,8.36914639,24
47.12890926,8.38232517,24
47.13689313,6.37880033,24
47.13701383,6.39198084,24
47.13713303,6.40516142,24
47.13725071,6.41834205,24
47.13736688,6.43152273,24
47.13852529,8.30339693,24
47.13842543,8.31657817,24
47.13832406,8.32975937,24
47.13822118,8.34294052,24
47.13811679,8.35612162,24
47.13801089,8.36930267,24
47.14600789,6.39180503,24
47.14612710,6.40498781,24
47.14624481,6.41817066,24
47.14636100,6.43135356,24
47.14647568,6.44453651,24
47.14751959,8.30354219,24
47.14741972,8.31672565,24
47.14731833,8.32990906,24
47.14721544,8.34309242,24
47.14711103,8.35627574,24
47.15500193,6.39162915,24
47.15512116,6.40481416,24
47.15523888,6.41799921,24
47.15535509,6.43118433,24
47.15546979,6.44436950,24
47.15558298,6.45755472,24
47.15569466,6.47074000,24
47.15661226,8.29050177,24
47.15651388,8.30368749,24
47.15641399,8.31687317,24
47.15631259,8.33005880,24
47.15620968,8.34324437,24
47.16411520,6.40464044,24
47.16423294,6.41782771,24
47.16434917,6.43101504,24
47.16446389,6.44420243,24
47.16457710,6.45738987,24
47.16468879,6.47057737,24
47.16570342,8.27745692,24
47.16560654,8.29064491,24
47.16550815,8.30383285,24
47.16540824,8.31702074,24
47.16530682,8.33020858,24
47.17334323,6.43084570,24
47.17345797,6.44403531,24
47.17357119,6.45722496,24
47.17368291,6.47041468,24
47.17379311,6.48360444,24
47.17479309,8.26440764,24
47.17469770,8.27759789,24
47.17460080,8.29078809,24
47.17450239,8.30397825,24
47.17440247,8.31716836,24
47.17430104,8.33035842,24
47.18245202,6.44386813,24
47.18256527,6.45706000,24
47.18267700,6.47025193,24
47.18278722,6.48344391,24
47.18289593,6.49663595,24
47.18397364,8.23816137,24
47.18388126,8.25135393,24
47.18378737,8.26454644,24
47.18369196,8.27773891,24
47.18359505,8.29093133,24
47.18349662,8.30412370,24
47.18339668,8.31731602,24
47.19144606,6.44370090,24
47.19155932,6.45689499,24
47.19167107,6.47008913,24
47.19178131,6.48328333,24
47.19189004,6.49647759,24
47.19199725,6.50967189,24
47.19314818,8.21190610,24
47.19305881,8.22510096,24
47.19296792,8.23829578,24
47.19287553,8.25149055,24
47.19278162,8.26468528,24
47.19268620,8.27787997,24
47.19258927,8.29107460,24
47.19249083,8.30426919,24
47.20055335,6.45672992,24
47.20066512,6.46992628,24
47.20077538,6.48312270,24
47.20088412,6.49631917,24
47.20099136,6.50951570,24
47.20109708,6.52271227,24
47.20120128,6.53590890,24
47.20223034,8.19883899,24
47.20214247,8.21203611,24
47.20205309,8.22523319,24
47.20196219,8.23843023,24
47.20186978,8.25162722,24
47.20177586,8.26482417,24
47.20168042,8.27802107,24
47.20158348,8.29121793,24
47.20965916,6.46976338,24
47.20976943,6.48296202,24
47.20987819,6.49616071,24
47.20998544,6.50935945,24
47.21009118,6.52255825,24
47.21019540,6.53575709,24
47.21131101,8.18576744,24
47.21122463,8.19896683,24
47.21113675,8.21216617,24
47.21104735,8.22536547,24
47.21095643,8.23856473,24
47.21086401,8.25176394,24
47.21077007,8.26496310,24
47.21887224,6.49600219,24
47.21897951,6.50920316,24
47.21908526,6.52240417,24
47.21918950,6.53560523,24
47.21929223,6.54880635,24
47.21939344,6.56200751,24
47.22047353,8.15948977,24
47.22039017,8.17269146,24
47.22030529,8.18589310,24
47.22021890,8.19909471,24
47.22013100,8.21229627,24
47.22004159,8.22549779,24
47.21995066,8.23869926,24
47.22946782,8.15961103,24
47.22938444,8.17281494,24
47.22929955,8.18601880,24
47.22921315,8.19922263,24
47.22912523,8.21242641,24
47.22903580,8.22563015,24
47.23854396,8.14652616,24
47.23846208,8.15973233,24
47.23837869,8.17293845,24
47.23829379,8.18614454,24
47.23820737,8.19935059,24
47.23811944,8.21255659,24
47.24761860,8.13343685,24
47.24753822,8.14664527,24
47.24745633,8.15985366,24
47.24737293,8.17306201,24
47.24728801,8.18627032,24
47.24720158,8.19947859,24
47.25669172,8.12034309,24
47.25661285,8.13355378,24
47.25653246,8.14676443,24
47.25645055,8.15997504,24
47.25636714,8.17318561,24
47.25628221,8.18639615,24
47.26576334,8.10724488,24
47.26568596,8.12045783,24
47.26560708,8.13367074,24
47.26552667,8.14688362,24
47.26544476,8.16009646,24
47.26536132,8.17330925,24
47.27490780,8.08092698,24
47.27483344,8.09414223,24
47.27475757,8.10735744,24
47.27468018,8.12057261,24
47.27460128,8.13378775,24
47.27452087,8.14700285,24
47.27443894,8.16021791,24
