45.83169405,7.15811229,24
45.83175539,7.18384833,24
45.83178385,7.19671636,24
45.83181083,7.20958442,24
45.83183634,7.22245248,24
45.83186037,7.23532056,24
45.83188293,7.24818865,24
45.83190402,7.26105675,24
45.83192363,7.27392485,24
45.83194177,7.28679297,24
45.84085549,7.23528724,24
45.84087806,7.24815744,24
45.84089915,7.26102765,24
45.84091876,7.27389786,24
45.84093690,7.28676809,24
45.84989429,7.26099854,24
45.84991390,7.27387086,24
45.84993205,7.28674320,24
45.84996391,7.31248790,24
45.84997763,7.32536026,24
45.85890906,7.27384385,24
45.85892721,7.28671830,24
45.85894388,7.29959276,24
45.85895907,7.31246722,24
45.85897279,7.32534169,24
45.85898504,7.33821617,24
45.86790423,7.27381684,24
45.86792238,7.28669339,24
45.86793906,7.29956996,24
45.86795425,7.31244653,24
45.86796798,7.32532311,24
45.86798022,7.33819970,24
45.87689942,7.27378981,24
45.87691757,7.28666848,24
45.87693425,7.29954715,24
45.87694945,7.31242584,24
45.87696317,7.32530453,24
45.87697542,7.33818323,24
45.88594466,7.31240514,24
45.88595839,7.32528594,24
45.88597064,7.33816676,24
45.89493988,7.31238443,24
45.89495361,7.32526735,24
45.89496586,7.33815027,24
45.90394885,7.32524875,24
45.90396110,7.33813379,24
45.90397188,7.35101883,24
45.90398118,7.36390388,24
45.90398901,7.37678893,24
45.90399536,7.38967399,24
45.90400023,7.40255905,24
45.91294410,7.32523014,24
45.91295636,7.33811729,24
45.91296714,7.35100445,24
45.91297644,7.36389162,24
45.91298427,7.37677878,24
45.91299062,7.38966595,24
45.91299549,7.40255313,24
45.91299889,7.41544030,24
45.92192563,7.31232227,24
45.92193936,7.32521153,24
45.92195162,7.33810080,24
45.92196240,7.35099007,24
45.92197171,7.36387935,24
45.92197954,7.37676863,24
45.92198589,7.38965792,24
45.92199076,7.40254720,24
45.92199416,7.41543650,24
45.92199608,7.42832579,24
45.92199652,7.44121508,24
45.93092090,7.31230153,24
45.93093464,7.32519291,24
45.93098117,7.38964988,24
45.93098605,7.40254128,24
45.93098945,7.41543269,24
45.93099137,7.42832410,24
45.93099181,7.44121550,24
45.93099078,7.45410691,24
45.93998135,7.40253535,24
45.93998474,7.41542888,24
45.93998666,7.42832240,24
45.93998711,7.44121593,24
45.94898005,7.41542507,24
45.94898198,7.42832071,24
45.94898242,7.44121635,24
45.94898138,7.45411199,24
45.95797730,7.42831901,24
45.95797774,7.44121677,24
45.95797671,7.45411454,24
45.95797419,7.46701230,24
45.96697071,7.41541744,24
45.96697263,7.42831732,24
45.96697308,7.44121720,24
45.96697204,7.45411708,24
45.96696953,7.46701696,24
45.96696554,7.47991683,24
45.96696007,7.49281671,24
45.97596798,7.42831562,24
45.97596842,7.44121762,24
45.97596739,7.45411962,24
45.97596487,7.46702162,24
45.97596088,7.47992362,24
45.97595541,7.49282561,24
45.97594846,7.50572760,24
45.98496378,7.44121805,24
45.98496274,7.45412217,24
45.98496023,7.46702628,24
45.98495624,7.47993040,24
45.98495077,7.49283452,24
45.98494382,7.50573863,24
45.98493539,7.51864273,24
45.98492548,7.53154684,24
45.99394613,7.49284342,24
45.99393918,7.50574966,24
45.99393075,7.51865589,24
45.99392084,7.53156211,24
46.00294151,7.49285234,24
46.00293456,7.50576069,24
46.00292612,7.51866904,24
46.00291621,7.53157739,24
46.00290482,7.54448573,24
46.01192994,7.50577173,24
46.01192151,7.51868220,24
46.01191160,7.53159267,24
46.01190020,7.54450313,24
46.01188733,7.55741359,24
46.02091690,7.51869536,24
46.02090699,7.53160795,24
46.02089560,7.54452054,24
46.02088272,7.55743312,24
46.02086837,7.57034570,24
46.02990239,7.53162325,24
46.02989100,7.54453796,24
46.02987812,7.55745266,24
46.02986376,7.57036736,24
46.02984793,7.58328205,24
46.02983061,7.59619673,24
46.03889781,7.53163854,24
46.03888641,7.54455538,24
46.03887353,7.55747221,24
46.03885917,7.57038903,24
46.03884333,7.58330585,24
46.03882601,7.59622265,24
46.04783875,7.58332965,24
46.04782142,7.59624858,24
46.05683417,7.58335346,24
46.05681684,7.59627452,24
46.06581227,7.59630047,24
46.06579347,7.60922364,24
46.06577318,7.62214681,24
46.07482504,7.58340111,24
46.07480771,7.59632642,24
46.07478890,7.60925173,24
46.07476861,7.62217702,24
46.07474683,7.63510230,24
46.07472358,7.64802758,24
46.08380316,7.59635239,24
46.08378434,7.60927982,24
46.08376405,7.62220724,24
46.08374227,7.63513465,24
46.08371901,7.64806205,24
46.08369427,7.66098944,24
46.09277980,7.60930792,24
46.09275950,7.62223747,24
46.09273772,7.63516701,24
46.09271445,7.64809654,24
46.09268971,7.66102606,24
46.10175495,7.62226771,24
46.10173317,7.63519939,24
46.10170990,7.64813105,24
46.10168515,7.66106269,24
46.11075042,7.62229797,24
46.11072863,7.63523177,24
46.11070536,7.64816556,24
46.11068061,7.66109934,24
46.11972410,7.63526416,24
46.11970082,7.64820008,24
46.11967607,7.66113599,24
46.12869630,7.64823462,24
46.12867154,7.66117266,24
46.13766701,7.66120934,24
46.15565798,7.66128274,24
47.09118112,7.66516829,24
47.10020123,7.65203376,24
47.10017602,7.66520631,24
47.10921983,7.63889479,24
47.10919613,7.65206957,24
47.10917091,7.66524434,24
47.11823691,7.62575141,24
47.11821471,7.63892841,24
47.11819100,7.65210540,24
47.11816578,7.66528238,24
47.12723177,7.62578283,24
47.12720957,7.63896204,24
47.12718586,7.65214124,24
47.12716064,7.66532043,24
47.13624731,7.61263282,24
47.13622662,7.62581425,24
47.13620441,7.63899568,24
47.13618070,7.65217710,24
47.13615547,7.66535850,24
47.14526133,7.59947838,24
47.14524214,7.61266204,24
47.14522144,7.62584569,24
47.14519924,7.63902933,24
47.14517552,7.65221296,24
47.15427382,7.58631951,24
47.15425614,7.59950540,24
47.15423695,7.61269127,24
47.15421625,7.62587714,24
47.15419404,7.63906299,24
47.15417032,7.65224884,24
47.16328479,7.57315622,24
47.16326862,7.58634432,24
47.16325094,7.59953242,24
47.16323174,7.61272051,24
47.16321104,7.62590860,24
47.16318882,7.63909667,24
47.17229423,7.55998849,24
47.17227957,7.57317882,24
47.17226340,7.58636914,24
47.17224571,7.59955946,24
47.17222652,7.61274977,24
47.17220581,7.62594006,24
47.18130215,7.54681633,24
47.18128900,7.56000888,24
47.18127433,7.57320143,24
47.18125816,7.58639397,24
47.18124047,7.59958650,24
47.18122127,7.61277903,24
47.19030854,7.53363973,24
47.19029690,7.54683451,24
47.19028374,7.56002928,24
47.19026907,7.57322405,24
47.19025290,7.58641881,24
47.19023520,7.59961356,24
47.19931340,7.52045870,24
47.19930327,7.53365571,24
47.19929162,7.54685270,24
47.19927846,7.56004969,24
47.19926380,7.57324668,24
47.19924761,7.58644365,24
47.20831673,7.50727324,24
47.20830811,7.52047246,24
47.20829797,7.53367168,24
47.20828633,7.54687090,24
47.20827317,7.56007011,24
47.20825850,7.57326931,24
47.21731853,7.49408333,24
47.21731142,7.50728478,24
47.21730279,7.52048622,24
47.21729266,7.53368766,24
47.21728101,7.54688910,24
47.21726785,7.56009053,24
47.22631879,7.48088898,24
47.22631320,7.49409266,24
47.22630609,7.50729633,24
47.22629746,7.52049999,24
47.22628732,7.53370365,24
47.22627567,7.54690731,24
47.23532116,7.44127840,24
47.23531753,7.46769020,24
47.23531344,7.48089609,24
47.23530784,7.49410199,24
47.23530073,7.50730788,24
47.23529211,7.52051376,24
47.23528197,7.53371964,24
47.24430989,7.40165449,24
47.24431337,7.41486261,24
47.24431534,7.42807073,24
47.24431579,7.44127885,24
47.24431473,7.45448697,24
47.24431216,7.46769508,24
47.24430807,7.48090320,24
47.24430247,7.49411132,24
47.24429536,7.50731943,24
47.24428673,7.52052754,24
47.25330449,7.40164827,24
47.25330798,7.41485861,24
47.25330994,7.42806895,24
47.25331040,7.44127929,24
47.25330934,7.45448963,24
47.25330676,7.46769997,24
47.26229408,7.38842948,24
47.26229908,7.40164204,24
47.26230256,7.41485460,24
47.26230453,7.42806717,24
47.26230498,7.44127974,24
47.26230392,7.45449230,24
47.27127411,7.36199146,24
47.27128213,7.37520624,24
47.27128864,7.38842103,24
47.27129364,7.40163581,24
47.27129712,7.41485060,24
47.27129909,7.42806539,24
