46.68428806,7.78633156,25
46.68424746,7.79940259,25
46.68420536,7.81247361,25
46.68416177,7.82554460,25
46.68411667,7.83861557,25
46.68407008,7.85168652,25
46.68402200,7.86475745,25
46.66937210,9.31531747,25
46.66915622,9.32838123,25
46.66893885,9.34144488,25
46.66871998,9.35450843,25
46.66849961,9.36757187,25
46.66827775,9.38063520,25
46.66805438,9.39369842,25
46.66782952,9.40676154,25
46.69332258,7.77331625,25
46.69328348,7.78638948,25
46.69324287,7.79946269,25
46.69320077,7.81253588,25
46.69315717,7.82560906,25
46.69311207,7.83868220,25
46.67814914,9.32869609,25
46.67793173,9.34176192,25
46.67771282,9.35482764,25
46.67749242,9.36789326,25
46.67727051,9.38095877,25
46.67704711,9.39402417,25
46.67682221,9.40708946,25
46.67659582,9.42015464,25
46.70239174,7.74722114,25
46.70235562,7.76029658,25
46.70231801,7.77337201,25
46.70227889,7.78644742,25
46.70223828,7.79952281,25
46.70219617,7.81259818,25
46.68692460,9.34207906,25
46.68670566,9.35514696,25
46.68648521,9.36821476,25
46.68626328,9.38128244,25
46.68603984,9.39435002,25
46.68581490,9.40741749,25
46.68558846,9.42048486,25
46.68536053,9.43355211,25
46.71148653,7.70803958,25
46.71145491,7.72111726,25
46.71142178,7.73419492,25
46.71138716,7.74727256,25
46.71135104,7.76035018,25
46.71131342,7.77342779,25
46.71127430,7.78650538,25
46.71123368,7.79958295,25
46.71119156,7.81266050,25
46.69525603,9.38160623,25
46.69503255,9.39467599,25
46.69480758,9.40774564,25
46.69458111,9.42081518,25
46.69435313,9.43388461,25
46.69412366,9.44695393,25
46.72054073,7.68192473,25
46.72051210,7.69500462,25
46.72048197,7.70808448,25
46.72045034,7.72116434,25
46.72041721,7.73424418,25
46.72038258,7.74732400,25
46.72034645,7.76040380,25
46.72030882,7.77348359,25
46.72026970,7.78656336,25
46.70402526,9.39500206,25
46.70380025,9.40807389,25
46.70357374,9.42114561,25
46.70334573,9.43421722,25
46.70311622,9.44728872,25
46.70288521,9.46036011,25
46.72958894,7.65580112,25
46.72956331,7.66888321,25
46.72953617,7.68196529,25
46.72950753,7.69504735,25
46.72947739,7.70812940,25
46.72944576,7.72121143,25
46.72941262,7.73429345,25
46.72937799,7.74737545,25
46.72934185,7.76045744,25
46.72930422,7.77353941,25
46.71301796,9.39532824,25
46.71279291,9.40840225,25
46.71256636,9.42147615,25
46.71233832,9.43454994,25
46.71210877,9.44762362,25
46.71187773,9.46069719,25
46.71164518,9.47377065,25
46.73860852,7.64275304,25
46.73858438,7.65583733,25
46.73855874,7.66892160,25
46.73853160,7.68200585,25
46.73850295,7.69509010,25
46.73847281,7.70817433,25
46.73844117,7.72125854,25
46.72155898,9.42180680,25
46.72133090,9.43488278,25
46.72110131,9.44795864,25
46.72087023,9.46103438,25
46.72063764,9.47411002,25
46.72040356,9.48718555,25
46.74762660,7.62970060,25
46.74760396,7.64278708,25
46.74757981,7.65587354,25
46.74755416,7.66896000,25
46.74752701,7.68204644,25
46.74749837,7.69513286,25
46.74746822,7.70821927,25
46.73032347,9.43521572,25
46.73009384,9.44829376,25
46.72986272,9.46137169,25
46.72963010,9.47444951,25
46.72939598,9.48752722,25
46.72892323,9.51368228,25
46.75664318,7.61664380,25
46.75662203,7.62973247,25
46.75659938,7.64282113,25
46.75657523,7.65590977,25
46.75654958,7.66899841,25
46.75652242,7.68208703,25
46.73908637,9.44862900,25
46.73885521,9.46170911,25
46.73862255,9.47478911,25
46.73838839,9.48786900,25
46.73815273,9.50094877,25
46.73791556,9.51402843,25
46.76565826,7.60358263,25
46.76563860,7.61667349,25
46.76561745,7.62976434,25
46.76559479,7.64285519,25
46.76557064,7.65594602,25
46.76554498,7.66903683,25
46.74807888,9.44896435,25
46.74784768,9.46204664,25
46.74761499,9.47512883,25
46.74738079,9.48821090,25
46.74714509,9.50129286,25
46.74690789,9.51437470,25
46.74666919,9.52745643,25
46.77465367,7.60361015,25
46.77463401,7.61670319,25
46.77461286,7.62979623,25
46.77459020,7.64288926,25
46.77456604,7.65598227,25
46.75637318,9.48855291,25
46.75613744,9.50163705,25
46.75590020,9.51472108,25
46.75566146,9.52780499,25
46.78366724,7.59054244,25
46.78364908,7.60363768,25
46.78362942,7.61673291,25
46.78360826,7.62982813,25
46.78358559,7.64292334,25
46.76512978,9.50198136,25
46.76489250,9.51506757,25
46.76465372,9.52815367,25
46.76441344,9.54123965,25
46.79267930,7.57747035,25
46.79266264,7.59056779,25
46.79264447,7.60366521,25
46.79262481,7.61676263,25
46.79260364,7.62986003,25
46.77412211,9.50232579,25
46.77388479,9.51541418,25
46.77364597,9.52850246,25
46.77340565,9.54159063,25
46.77316383,9.55467868,25
46.77292051,9.56776661,25
46.77267569,9.58085442,25
46.77242936,9.59394212,25
46.80167469,7.57749353,25
46.80165803,7.59059315,25
46.80163986,7.60369276,25
46.80162019,7.61679236,25
46.80159902,7.62989195,25
46.78311443,9.50267032,25
46.78287708,9.51576091,25
46.78263822,9.52885138,25
46.78239786,9.54194173,25
46.78215600,9.55503196,25
46.78191263,9.56812208,25
46.78166777,9.58121208,25
46.78142140,9.59430196,25
46.78117354,9.60739172,25
46.81067007,7.57751671,25
46.81065340,7.59061851,25
46.81063524,7.60372031,25
46.81061557,7.61682210,25
46.79186935,9.51610775,25
46.79163045,9.52920040,25
46.79139005,9.54229294,25
46.79114815,9.55538536,25
46.79090475,9.56847767,25
46.79065984,9.58156985,25
46.79041344,9.59466192,25
46.79016553,9.60775387,25
46.81966544,7.57753990,25
46.81964877,7.59064389,25
46.81963060,7.60374788,25
46.79989685,9.56883337,25
46.79965190,9.58192775,25
46.79940546,9.59502200,25
46.79915751,9.60811614,25
46.79890806,9.62121015,25
46.82866080,7.57756309,25
46.82864413,7.59066927,25
46.80864396,9.58228576,25
46.80839747,9.59538220,25
46.80814948,9.60847853,25
46.80789999,9.62157473,25
46.83765615,7.57758630,25
46.81763600,9.58264389,25
46.81738947,9.59574252,25
46.81714144,9.60884104,25
46.81689191,9.62193943,25
46.81664087,9.63503770,25
46.81638833,9.64813585,25
46.84665149,7.57760951,25
46.82638146,9.59610296,25
46.82613339,9.60920366,25
46.82588381,9.62230425,25
46.82563274,9.63540471,25
46.82538016,9.64850505,25
46.82512607,9.66160527,25
46.83537343,9.59646352,25
46.83512532,9.60956641,25
46.83487571,9.62266919,25
46.83462459,9.63577184,25
46.83437197,9.64887437,25
46.83411784,9.66197678,25
46.83386222,9.67507906,25
46.84386759,9.62303425,25
46.84361643,9.63613909,25
46.84336377,9.64924381,25
46.84310960,9.66234841,25
46.84285393,9.67545289,25
46.85260826,9.63650646,25
46.85235556,9.64961338,25
46.85210135,9.66272017,25
46.85184564,9.67582683,25
46.86134733,9.64998306,25
46.86109308,9.66309205,25
46.86083733,9.67620091,25
46.87008481,9.66346405,25
46.86982901,9.67657510,25
46.87882068,9.67694942,25
