45.818375641801,7.930081975021,25
45.818318590532,7.942946653445,25
45.818260065070,7.955811303383,25
45.818200065415,7.968675924110,25
45.818138591567,7.981540514898,25
45.818075643526,7.994405075021,25
45.827254992494,7.955896031096,25
45.827194982731,7.968762759478,25
45.827133498528,7.981629457920,25
45.827070539883,7.994496125697,25
45.836189915124,7.968849624738,25
45.836128420564,7.981718431561,25
45.845244892334,7.956065574025,25
45.845184862358,7.968936519892,25
45.845123357443,7.981807435820,25
45.845060377591,7.994678321083,25
45.854239864285,7.956150389240,25
45.854179824201,7.969023444938,25
45.854118308931,7.981896470698,25
45.854055318475,7.994769465792,25
45.863174800420,7.969110399877,25
45.863113274794,7.981985536194,25
45.863050273734,7.994860641845,25
45.872169790781,7.969197384709,25
45.872108254800,7.982074632308,25
45.872045243136,7.994951849241,25
45.881164795051,7.969284399434,25
45.881103248714,7.982163759041,25
45.881040226446,7.995043087982,25
45.890098256304,7.982252916392,25
45.890035223432,7.995134358067,25
45.899093277336,7.982342104362,25
45.899030233861,7.995225659496,25
46.762578332898,8.004136534325,25
46.771573538189,8.004230876121,25
46.780632816706,7.991231055477,25
46.780568734055,8.004325249262,25
46.780725955719,5.909095747297,25
46.780900523531,5.922187874500,25
46.789628013518,7.991323274672,25
46.789563920263,8.004419653747,25
46.789719669850,5.908840420797,25
46.789894266543,5.921934734014,25
46.798685803037,7.978316928732,25
46.798623200439,7.991415524487,25
46.798559096581,8.004514089576,25
46.798713373856,5.908585009552,25
46.798887999430,5.921681509509,25
46.799061123495,5.934778093615,25
46.807742101633,7.965306209991,25
46.807680990189,7.978407022425,25
46.807618377236,7.991507804919,25
46.807554262773,8.004608556749,25
46.807707067504,5.908329513562,25
46.807881721960,5.921428200985,25
46.808054874657,5.934526972556,25
46.816796908327,7.952291117000,25
46.816737288534,7.965394146111,25
46.816676166983,7.978497146010,25
46.816613543675,7.991600115970,25
46.816549418608,8.004703055265,25
46.816700750561,5.908073932828,25
46.816875433898,5.921174808442,25
46.817048615228,5.934275768204,25
46.817220294552,5.947376811387,25
46.825850222141,7.939271648309,25
46.825792094496,7.952376894096,25
46.825732464844,7.965482111398,25
46.825671333187,7.978587299488,25
46.825608699523,7.991692457640,25
46.825544563852,8.004797585126,25
46.825694422794,5.907818267348,25
46.825869135012,5.920921331879,25
46.826042344975,5.934024480558,25
46.826214052683,5.947127712658,25
46.826384258137,5.960231027453,25
46.834902042097,7.926247802466,25
46.834845407096,7.939355264929,25
46.834787269841,7.952462699634,25
46.834727630330,7.965570105853,25
46.834666488565,7.978677482860,25
46.834603844546,7.991784829928,25
46.834688083969,5.907562517123,25
46.834862825068,5.920667771297,25
46.835036063664,5.933773109618,25
46.835207799757,5.946878531361,25
46.835378033347,5.959984035798,25
46.835546764434,5.973089622203,25
46.843952367217,7.913219578024,25
46.843897225357,7.926329257161,25
46.843840580994,7.939438909267,25
46.843782434128,7.952548533613,25
46.843722784759,7.965658129475,25
46.843661632886,7.978767696124,25
46.844029771062,5.933521655384,25
46.844201535539,5.946629267495,25
46.844371797265,5.959736962300,25
46.844540556240,5.972844739073,25
46.852947548299,7.913298869342,25
46.852892397325,7.926410738847,25
46.852835743600,7.939522581320,25
46.852777587123,7.952634396034,25
46.853023466935,5.933270117857,25
46.853195259797,5.946379921061,25
46.853365549659,5.959489806960,25
46.853534336522,5.972599774826,25
46.853701620385,5.985709823934,25
46.861996374945,7.900264100020,25
46.861942717857,7.913378186924,25
46.861887557769,7.926492247523,25
46.861830894682,7.939606281090,25
46.861772728595,7.952720286898,25
46.862188972297,5.946130492059,25
46.862359290296,5.959242569776,25
46.862528105046,5.972354729462,25
46.862695416549,5.985466970389,25
46.862861224803,5.998579291831,25
46.863025529809,6.011691693060,25
46.871043704317,7.887224947747,25
46.870991541611,7.900341252049,25
46.870937875657,7.913457530772,25
46.870882706456,7.926573783190,25
46.870826034006,7.939690008575,25
46.871182672806,5.945880980488,25
46.871353018941,5.958995250750,25
46.871521861579,5.972109602981,25
46.871689200721,5.985224036452,25
46.871855036367,5.998338550438,25
46.872019368516,6.011453144213,25
46.880038867608,7.887299932771,25
46.879986696285,7.900418429617,25
46.879933021466,7.913536900885,25
46.879877843151,7.926655345847,25
46.879821161339,7.939773763777,25
46.880515605888,5.971864395382,25
46.880682972669,5.984981022124,25
46.880848835706,5.998097729380,25
46.881013194998,6.011214516425,25
46.881176050545,6.024331382530,25
46.889084694871,7.874254227641,25
46.889034018675,7.887374942609,25
46.888981838736,7.900495632725,25
46.888928155051,7.913616297263,25
46.888872967622,7.926736935495,25
46.889676732159,5.984737927404,25
46.889842622587,5.997856828656,25
46.890007009022,6.010975809696,25
46.890169891464,6.024094869797,25
46.890331269913,6.037214008233,25
46.898176698998,7.848081178720,25
46.898129022420,7.861204135208,25
46.898079841849,7.874327068297,25
46.898029157285,7.887449977261,25
46.897976968728,7.900572861373,25
46.897923276178,7.913695719906,25
46.898670478959,5.984494752293,25
46.898836396778,5.997615848266,25
46.899000810355,6.010737024027,25
46.899163719692,6.023858278850,25
46.899325124787,6.036979612007,25
46.907171849278,7.848149654022,25
46.907124164828,7.861274805231,25
46.907074976136,7.874399933041,25
46.907024283203,7.887525036727,25
46.906972086029,7.900650115560,25
46.907830158044,5.997374788210,25
46.907994598764,6.010498159418,25
46.908157534995,6.023621609687,25
46.908318966736,6.036745138291,25
46.908478893988,6.049868744503,25
46.908637316750,6.062992427596,25
46.916213174466,7.835090782633,25
46.916166986634,7.848218151961,25
46.916119294311,7.861345498617,25
46.916070097499,7.874472821874,25
46.916019396197,7.887600121006,25
46.916988374015,6.010259215868,25
46.917151337141,6.023384862309,25
46.917312795528,6.036510587086,25
46.917472749177,6.049636389470,25
46.917631198089,6.062762268736,25
46.925252997006,7.822027519592,25
46.925208306288,7.835157107038,25
46.925162110831,7.848286672538,25
46.925114410637,7.861416215366,25
46.925065205704,7.874545734796,25
46.925982135875,6.010020193377,25
46.926145125895,6.023148036717,25
46.926306610929,6.036275958391,25
46.926466590976,6.049403957673,25
46.926625066037,6.062532033837,25
46.926782036111,6.075660186155,25
46.934291315920,7.808959863448,25
46.934248122812,7.822091669010,25
46.934203424718,7.835223453354,25
46.934157221638,7.848355215752,25
46.934109513571,7.861486955478,25
46.934060300518,7.874618671806,25
46.935300412705,6.036041252207,25
46.935460419150,6.049171449113,25
46.935618920360,6.062301722900,25
46.935775916336,6.075432072842,25
46.935931407077,6.088562498211,25
46.943286435229,7.809021836429,25
46.943243234994,7.822155839615,25
46.943198529524,7.835289821582,25
46.943152318820,7.848423781604,25
46.943104602881,7.861557718953,25
46.944294200623,6.035806468534,25
46.944454233466,6.048938863789,25
46.944612760826,6.062071335925,25
46.944769782703,6.075203884215,25
46.944925299097,6.088336507934,25
46.945079310007,6.101469206354,25
46.952363438955,7.782811366052,25
46.952323242559,7.795947607844,25
46.952281540679,7.809083829871,25
46.952238333317,7.822220031406,25
46.952193620472,7.835356211722,25
46.952147402144,7.848492370092,25
46.953448033691,6.048706201701,25
46.953606587200,6.061840872911,25
46.953763634978,6.074975620276,25
46.953919177025,6.088110443070,25
46.954073213340,6.101245340564,25
46.961397241119,7.769730521901,25
46.961358543824,7.782868981806,25
46.961318340797,7.796007422672,25
46.961276632039,7.809145843774,25
46.961233417550,7.822284244383,25
46.961188697329,7.835422623773,25
46.962600399250,6.061610333860,25
46.962757472930,6.074747281025,25
46.962913040629,6.087884303618,25
46.963067102349,6.101021400913,25
46.963219658089,6.114158572182,25
46.970429535743,7.756645278846,25
46.970392338046,7.769785956863,25
46.970353634368,7.782926616569,25
46.970313424711,7.796067257235,25
46.970271709074,7.809207878137,25
46.970228487458,7.822348478546,25
46.971751296323,6.074518866461,25
46.971906889675,6.087658089580,25
46.972060976800,6.100797387400,25
46.972213557696,6.113936759195,25
46.972364632365,6.127076204238,25
46.979494513225,7.730412722452,25
46.979460321850,7.743555635439,25
46.979424624246,7.756698531567,25
46.979387420415,7.769841410110,25
46.979348710355,7.782984270341,25
46.979308494067,7.796127111534,25
46.979266771552,7.809269932960,25
46.980745104925,6.074290376584,25
46.980900723931,6.087431800954,25
46.981054836460,6.100573300026,25
46.981207442512,6.113714873072,25
46.981358542088,6.126856519366,25
46.988553473056,7.704171314083,25
46.988522288996,7.717316459859,25
46.988489598460,7.730461590229,25
46.988455401447,7.743606704467,25
46.988419697958,7.756751801847,25
46.988382487993,7.769896881641,25
46.988343771551,7.783041943123,25
46.988303548633,7.796186985567,25
