46.054377100233,8.777261532625,27
46.054222938751,8.790179979178,27
46.054067296371,8.803098349722,27
46.053910173093,8.816016643530,27
46.053751568918,8.828934859876,27
46.053591483844,8.841852998032,27
46.017660899939,10.610580529635,27
46.017296450941,10.623480908203,27
46.016930521046,10.636381107575,27
46.016563110252,10.649281127025,27
46.016194218560,10.662180965825,27
46.015823845970,10.675080623249,27
46.015451992482,10.687980098570,27
46.015078658097,10.700879391062,27
46.063675152007,8.751640542444,27
46.063523926966,8.764561266080,27
46.063371220779,8.777481915161,27
46.063217033446,8.790402488959,27
46.063061364966,8.803322986747,27
46.062904215340,8.816243407800,27
46.062745584568,8.829163751390,27
46.025550889731,10.649809960021,27
46.025181936179,10.662711926066,27
46.024811501481,10.675613710734,27
46.024439585637,10.688515313300,27
46.024066188646,10.701416733037,27
46.023691310509,10.714317969217,27
46.023314951226,10.727219021115,27
46.072819101287,8.738933818771,27
46.072669332286,8.751856744207,27
46.072518081891,8.764779595814,27
46.072365350101,8.777702372864,27
46.072211136916,8.790625074632,27
46.072055442336,8.803547700391,27
46.071898266362,8.816470249414,27
46.033799165767,10.676146980044,27
46.033427187566,10.689050710580,27
46.033053727971,10.701954258287,27
46.032678786981,10.714857622438,27
46.032302364596,10.727760802306,27
46.031924460816,10.740663797164,27
46.081813315215,8.739147965555,27
46.081663521108,8.752073019687,27
46.081512245358,8.764997999989,27
46.081359487965,8.777922905735,27
46.081205248928,8.790847736199,27
46.081049528249,8.803772490653,27
46.042786838596,10.676680431178,27
46.042414798038,10.689586290410,27
46.042041275838,10.702491966812,27
46.041666271995,10.715397459659,27
46.041289786508,10.728302768222,27
46.040911819379,10.741207891777,27
46.040532370607,10.754112829595,27
46.090955874775,8.726434928674,27
46.090807537453,8.739362185330,27
46.090657718239,8.752289368883,27
46.090506417134,8.765216478606,27
46.090353634137,8.778143513774,27
46.051028832014,10.703029858613,27
46.050653765317,10.715937480881,27
46.050277216730,10.728844918866,27
46.049899186250,10.741752171841,27
46.049519673880,10.754659239081,27
46.049138679618,10.767566119858,27
46.099950129946,8.726647091293,27
46.099801767766,8.739576478096,27
46.099651923445,8.752505791795,27
46.099500596985,8.765435031666,27
46.059641266716,10.716477686103,27
46.059264655026,10.729387254235,27
46.058886561197,10.742296637358,27
46.058506985229,10.755205834744,27
46.058125927121,10.768114845668,27
46.108944392960,8.726859326178,27
46.108796005921,8.739790843852,27
46.108646136494,8.752722288424,27
46.068252101166,10.729929774331,27
46.067873943987,10.742841288326,27
46.067494304420,10.755752616585,27
46.067113182465,10.768663758381,27
46.066730578122,10.781574712987,27
46.066346491392,10.794485479678,27
46.117938663582,8.727071633327,27
46.117790251685,8.740005282600,27
46.117640357151,8.752938858770,27
46.076861334385,10.743386124746,27
46.076481631220,10.756299584603,27
46.076100445419,10.769212857997,27
46.075717776981,10.782125944201,27
46.075333625907,10.795038842490,27
46.126932941579,8.727284012742,27
46.126784504824,8.740219794338,27
46.085468965395,10.756846738799,27
46.085087715748,10.769762144516,27
46.084704983215,10.782677363044,27
46.084320767798,10.795592393656,27
46.135927226719,8.727496464423,27
46.135778765106,8.740434379068,27
46.094074993219,10.770311617939,27
46.093692196592,10.783228969516,27
46.093307916831,10.796146133177,27
46.144921518768,8.727708988369,27
46.103062277599,10.770861278264,27
46.102679416877,10.783780763616,27
46.102295072773,10.796700061051,27
46.111666643838,10.784332745344,27
46.111282235391,10.797254177280,27
46.120269404451,10.797808481863,27
47.413074517969,8.758398312969,27
47.422067422047,8.758621098592,27
47.378427648905,10.877270179666,27
47.431060299666,8.758843956480,27
47.430908258477,8.772096604981,27
47.387806935595,10.864619144677,27
47.387413390418,10.877851042194,27
47.440053150595,8.759066886634,27
47.439901084548,8.772321773390,27
47.439747499359,8.785576587043,27
47.439592395029,8.798831326866,27
47.397184805138,10.851963633618,27
47.396792714760,10.865197957305,27
47.396399105241,10.878432093077,27
47.449045974600,8.759289889053,27
47.448893883694,8.772547014789,27
47.448740273399,8.785804067422,27
47.448585143714,8.799061046226,27
47.448428494639,8.812317950473,27
47.406170621474,10.852540394894,27
47.405778467001,10.865776957562,27
47.405384793138,10.879013332314,27
47.458038771446,8.759512963738,27
47.457886655682,8.772772329179,27
47.457733020281,8.786031621518,27
47.457577865241,8.799290840027,27
47.457421190563,8.812549983980,27
47.457262996247,8.825809052651,27
47.415936288873,10.826639177486,27
47.415547109582,10.839878353511,27
47.415156410652,10.853117343074,27
47.414764192084,10.866356145447,27
47.414370453878,10.879594759905,27
47.466879400280,8.772997716560,27
47.466725739771,8.786259249330,27
47.466570559377,8.799520708271,27
47.466413859096,8.812782092655,27
47.466255638928,8.826043401757,27
47.425309901108,10.813970229514,27
47.424922178105,10.827211831706,27
47.424532935215,10.840453248163,27
47.424142172439,10.853694478157,27
47.423749889776,10.866935520961,27
47.475718431638,8.786486950859,27
47.475563225888,8.799750650956,27
47.475406500004,8.813014276497,27
47.475248253985,8.826277826756,27
47.475088487832,8.839541301005,27
47.434682092284,10.801296799671,27
47.434295826065,10.814540828029,27
47.433908039712,10.827784671379,27
47.433518733224,10.841028328992,27
47.433127906601,10.854271800143,27
47.432735559843,10.867515084104,27
47.484555864542,8.799980668083,27
47.484399113055,8.813246535507,27
47.484240841184,8.826512327648,27
47.484081048931,8.839778043780,27
47.483919736295,8.853043683175,27
47.444052861422,10.788618886507,27
47.443668052485,10.801865341030,27
47.443281723164,10.815111611271,27
47.442893873461,10.828357696503,27
47.442504503375,10.841603595999,27
47.442113612906,10.854849309032,27
47.493548475105,8.800210759653,27
47.493391698014,8.813478869684,27
47.493233400292,8.826746904433,27
47.493073581939,8.840014863173,27
47.492912242955,8.853282745176,27
47.492749383339,8.866550549717,27
47.492585003092,8.879818276069,27
47.453422207544,10.775936488572,27
47.453038856385,10.789185369259,27
47.452653984594,10.802434066391,27
47.452267592172,10.815682579240,27
47.451879679119,10.828930907080,27
47.451490245435,10.842179049183,27
