46.62631952,7.89825182,2
46.62838124,7.82775697,2
46.62812910,7.89565564,2
46.62811860,7.89826711,2
46.62810803,7.90087858,2
46.63018922,7.82515834,2
46.63018033,7.82776992,2
46.63017138,7.83038151,2
46.63016237,7.83299309,2
46.63000005,7.87738989,2
46.62998996,7.88000146,2
46.62996961,7.88522459,2
46.62995934,7.88783616,2
46.62994902,7.89044772,2
46.62993863,7.89305928,2
46.62992818,7.89567085,2
46.62991768,7.89828241,2
46.63198831,7.82517120,2
46.63197942,7.82778287,2
46.63197047,7.83039455,2
46.63196146,7.83300622,2
46.63195239,7.83561789,2
46.63179913,7.87740449,2
46.63178904,7.88001615,2
46.63177890,7.88262780,2
46.63176869,7.88523945,2
46.63175842,7.88785111,2
46.63174810,7.89046276,2
46.63173771,7.89307441,2
46.63172726,7.89568606,2
46.63171676,7.89829770,2
46.63170619,7.90090935,2
46.63378740,7.82518406,2
46.63377851,7.82779582,2
46.63376956,7.83040758,2
46.63376054,7.83301934,2
46.63375147,7.83563110,2
46.63374235,7.83824286,2
46.63360824,7.87480735,2
46.63359821,7.87741910,2
46.63358813,7.88003084,2
46.63357798,7.88264258,2
46.63356777,7.88525432,2
46.63355750,7.88786606,2
46.63354718,7.89047779,2
46.63353679,7.89308953,1
46.63352634,7.89570127,2
46.63351584,7.89831300,2
46.63350527,7.90092474,2
46.63558648,7.82519693,2
46.63557759,7.82780878,2
46.63556864,7.83042062,2
46.63555963,7.83303247,2
46.63555056,7.83564431,2
46.63554143,7.83825616,2
46.63553224,7.84086800,2
46.63540732,7.87482187,2
46.63539730,7.87743370,2
46.63538721,7.88004553,1
46.63537706,7.88265736,1
46.63536685,7.88526918,1
46.63535658,7.88788101,1
46.63534626,7.89049283,1
46.63533587,7.89310466,1
46.63532542,7.89571648,2
46.63531491,7.89832830,2
46.63530435,7.90094012,2
46.63738557,7.82520980,2
46.63737668,7.82782173,2
46.63736773,7.83043366,2
46.63735872,7.83304559,2
46.63734965,7.83565753,2
46.63734052,7.83826946,2
46.63733133,7.84088139,2
46.63732208,7.84349331,2
46.63724592,7.86438871,2
46.63723613,7.86700063,2
46.63722628,7.86961255,2
46.63721637,7.87222447,2
46.63720641,7.87483639,2
46.63719638,7.87744830,2
46.63718629,7.88006022,1
46.63717614,7.88267213,1
46.63716593,7.88528405,1
46.63715566,7.88789596,1
46.63714534,7.89050787,1
46.63713495,7.89311978,1
46.63712450,7.89573169,2
46.63711399,7.89834360,2
46.63917577,7.82783468,2
46.63916682,7.83044670,2
46.63915781,7.83305872,2
46.63914873,7.83567074,2
46.63913960,7.83828276,2
46.63913041,7.84089477,2
46.63912116,7.84350679,2
46.63911185,7.84611880,2
46.63905473,7.86179087,2
46.63903521,7.86701489,2
46.63902537,7.86962690,1
46.63901546,7.87223890,1
46.63900549,7.87485090,1
46.63899546,7.87746291,1
46.63898537,7.88007491,1
46.63897522,7.88268691,1
46.63896501,7.88529891,1
46.63895474,7.88791091,1
46.63894442,7.89052291,1
46.63893403,7.89313491,1
46.63892358,7.89574690,2
46.63891307,7.89835890,2
46.64098375,7.82523553,2
46.64097485,7.82784764,2
46.64096590,7.83045974,2
46.64095689,7.83307185,2
46.64094782,7.83568395,2
46.64093869,7.83829606,1
46.64092950,7.84090816,1
46.64092025,7.84352027,2
46.64091094,7.84613237,2
46.64090157,7.84874447,2
46.64086349,7.85919286,2
46.64085382,7.86180496,2
46.64084409,7.86441705,2
46.64083430,7.86702915,1
46.64082445,7.86964124,1
46.64081454,7.87225333,1
46.64080457,7.87486542,1
46.64079454,7.87747751,1
46.64077430,7.88270169,1
46.64076409,7.88531378,1
46.64075382,7.88792587,1
46.64074350,7.89053795,1
46.64073311,7.89315004,1
46.64072266,7.89576212,2
46.64071215,7.89837420,2
46.64070158,7.90098628,2
46.64277394,7.82786059,2
46.64276499,7.83047279,2
46.64275598,7.83308498,2
46.64274691,7.83569717,2
46.64273778,7.83830936,1
46.64272858,7.84092155,1
46.64271933,7.84353374,1
46.64271002,7.84614593,1
46.64270065,7.84875812,2
46.64269122,7.85137031,2
46.64265290,7.86181904,2
46.64264317,7.86443123,2
46.64263338,7.86704341,1
46.64262353,7.86965559,1
46.64257338,7.88271647,1
46.64256317,7.88532865,1
46.64255290,7.88794082,1
46.64254257,7.89055299,1
46.64253219,7.89316516,1
46.64252174,7.89577734,2
46.64251123,7.89838950,2
46.64457303,7.82787355,2
46.64456408,7.83048583,2
46.64455506,7.83309811,2
46.64454599,7.83571039,2
46.64453686,7.83832267,1
46.64452767,7.84093494,1
46.64451842,7.84354722,1
46.64450911,7.84615950,1
46.64449974,7.84877177,1
46.64449030,7.85138404,2
46.64448081,7.85399632,2
46.64447126,7.85660859,2
46.64446165,7.85922086,2
46.64445198,7.86183313,1
46.64444225,7.86444540,1
46.64443246,7.86705767,1
46.64436225,7.88534352,1
46.64435198,7.88795578,1
46.64434165,7.89056804,1
46.64433126,7.89318029,2
46.64432082,7.89579255,2
46.64431031,7.89840481,2
46.64637211,7.82788650,2
46.64636316,7.83049887,2
46.64635415,7.83311124,2
46.64634508,7.83572361,1
46.64633595,7.83833597,1
46.64632675,7.84094834,1
46.64631750,7.84356070,1
46.64630819,7.84617306,1
46.64629882,7.84878542,1
46.64628939,7.85139778,1
46.64627990,7.85401014,2
46.64627035,7.85662250,2
46.64626074,7.85923486,2
46.64625106,7.86184722,1
46.64624133,7.86445957,1
46.64616133,7.88535839,1
46.64615106,7.88797073,1
46.64614073,7.89058308,1
46.64613034,7.89319543,2
46.64611989,7.89580777,2
46.64816225,7.83051192,2
46.64815324,7.83312437,2
46.64814416,7.83573682,1
46.64813503,7.83834928,1
46.64812584,7.84096173,1
46.64811659,7.84357418,1
46.64810728,7.84618663,1
46.64809790,7.84879908,1
46.64808847,7.85141152,1
46.64807898,7.85402397,1
46.64806943,7.85663642,1
46.64805982,7.85924886,1
46.64805015,7.86186131,1
46.64796041,7.88537326,1
46.64795014,7.88798569,1
46.64793981,7.89059813,1
46.64792942,7.89321056,2
46.64791897,7.89582299,2
46.64790846,7.89843542,2
46.64996133,7.83052496,2
46.64995232,7.83313750,2
46.64994325,7.83575004,1
46.64993412,7.83836258,1
46.64992492,7.84097512,1
46.64991567,7.84358766,1
46.64990636,7.84620019,1
46.64989699,7.84881273,1
46.64988755,7.85142527,1
46.64987806,7.85403780,1
46.64986851,7.85665033,1
46.64985890,7.85926286,1
46.64984923,7.86187539,1
46.64974922,7.88800065,1
46.64973889,7.89061317,1
46.64972850,7.89322569,2
46.64971805,7.89583821,2
46.65176042,7.83053801,2
46.65175141,7.83315064,2
46.65174233,7.83576326,2
46.65173320,7.83837589,1
46.65172401,7.84098852,1
46.65171475,7.84360114,1
46.65154830,7.88801561,1
46.65153797,7.89062822,1
46.65152758,7.89324082,2
46.65151713,7.89585343,2
46.65354142,7.83577649,2
46.65353228,7.83838920,1
46.65352309,7.84100191,1
46.65351384,7.84361462,1
46.65350453,7.84622733,1
46.65334738,7.88803057,1
46.65333704,7.89064327,2
46.65332665,7.89325596,2
46.65542001,7.81227447,2
46.65534050,7.83578971,2
46.65533137,7.83840251,2
46.65532217,7.84101531,1
46.65531292,7.84362811,1
46.65530361,7.84624090,1
46.65514645,7.88804553,1
46.65513612,7.89065831,2
46.65512573,7.89327109,2
46.65727758,7.79399662,2
46.65726940,7.79660952,2
46.65726117,7.79922242,2
46.65725287,7.80183532,2
46.65724452,7.80444822,2
46.65723610,7.80706112,2
46.65722763,7.80967401,2
46.65721909,7.81228691,2
46.65721050,7.81489980,2
46.65720185,7.81751270,2
46.65718436,7.82273848,2
46.65716663,7.82796426,2
46.65715767,7.83057715,2
46.65713959,7.83580293,2
46.65713045,7.83841582,2
46.65712126,7.84102870,1
46.65711200,7.84364159,1
46.65695580,7.88544763,1
46.65694553,7.88806050,1
46.65693520,7.89067336,2
46.65692481,7.89328623,2
46.65907667,7.79400845,2
46.65906849,7.79662144,2
46.65906026,7.79923443,2
46.65905196,7.80184741,2
46.65904361,7.80446040,2
46.65903519,7.80707338,2
46.65902672,7.80968637,2
46.65901818,7.81229935,2
46.65900959,7.81491233,2
46.65900093,7.81752531,2
46.65899222,7.82013829,2
46.65898344,7.82275127,2
46.65897461,7.82536425,2
46.65896571,7.82797723,2
46.65895676,7.83059020,2
46.65894774,7.83320318,2
46.65893867,7.83581615,2
46.65892954,7.83842913,2
46.65892034,7.84104210,1
46.65891109,7.84365507,1
46.65875488,7.88546250,1
46.65874461,7.88807546,1
46.65873428,7.89068842,2
46.65872388,7.89330137,2
46.65871343,7.89591432,2
46.66087576,7.79402029,2
46.66086758,7.79663336,2
46.66085934,7.79924643,2
46.66085105,7.80185951,2
46.66084269,7.80447258,2
46.66083428,7.80708565,2
46.66082580,7.80969872,2
46.66081727,7.81231179,2
46.66080867,7.81492486,2
46.66080002,7.81753793,2
46.66079130,7.82015099,2
46.66078253,7.82276406,2
46.66077369,7.82537713,2
46.66076480,7.82799019,1
46.66075584,7.83060325,2
46.66074683,7.83321632,2
46.66073775,7.83582938,2
46.66072862,7.83844244,2
46.66071942,7.84105550,1
46.66071017,7.84366856,1
46.66055396,7.88547738,1
46.66054369,7.88809043,1
46.66053335,7.89070347,1
46.66052296,7.89331651,2
46.66051251,7.89592955,2
46.66050200,7.89854259,2
46.66268296,7.79141896,2
46.66267484,7.79403212,2
46.66266667,7.79664528,2
46.66265843,7.79925844,2
46.66265014,7.80187160,2
46.66264178,7.80448476,2
46.66263336,7.80709792,2
46.66262489,7.80971108,2
46.66261635,7.81232423,2
46.66260776,7.81493739,2
46.66259910,7.81755054,2
46.66259039,7.82016370,2
46.66258161,7.82277685,1
46.66257278,7.82539000,1
46.66256388,7.82800316,1
46.66255493,7.83061631,1
46.66254591,7.83322946,1
46.66253684,7.83584260,1
46.66252770,7.83845575,1
46.66251851,7.84106890,1
46.66250925,7.84368205,1
46.66233243,7.89071852,1
46.66232204,7.89333165,1
46.66231158,7.89594478,2
46.66230107,7.89855790,2
46.66229050,7.90117103,2
46.66449810,7.78620420,2
46.66449011,7.78881745,2
46.66448205,7.79143070,2
46.66447393,7.79404395,2
46.66446576,7.79665720,2
46.66445752,7.79927045,2
46.66444922,7.80188370,2
46.66444087,7.80449694,2
46.66443245,7.80711019,2
46.66442397,7.80972343,2
46.66441544,7.81233668,2
46.66440684,7.81494992,2
46.66439819,7.81756316,1
46.66438947,7.82017640,1
46.66438070,7.82278964,1
46.66437186,7.82540288,1
46.66436296,7.82801612,1
46.66435401,7.83062936,1
46.66434499,7.83324260,1
46.66433592,7.83585583,1
46.66432678,7.83846907,1
46.66431759,7.84108230,1
46.66430833,7.84369553,1
46.66412111,7.89334679,1
46.66411066,7.89596000,1
46.66410015,7.89857322,2
46.66408957,7.90118643,2
46.66407894,7.90379964,2
46.66629719,7.78621578,2
46.66628919,7.78882912,2
46.66628114,7.79144245,2
46.66627302,7.79405579,2
46.66626484,7.79666912,2
46.66625661,7.79928246,2
46.66624831,7.80189579,2
46.66623995,7.80450913,2
46.66623154,7.80712246,2
46.66622306,7.80973579,2
46.66621452,7.81234912,1
46.66620593,7.81496245,1
46.66619727,7.81757578,1
46.66618856,7.82018911,1
46.66617978,7.82280244,1
46.66617094,7.82541576,1
46.66616205,7.82802909,1
46.66615309,7.83064241,1
46.66614408,7.83325574,1
46.66613500,7.83586906,1
46.66612587,7.83848238,1
46.66611667,7.84109570,1
46.66610742,7.84370902,1
46.66592019,7.89336193,1
46.66590973,7.89597523,1
46.66589922,7.89858853,2
46.66588865,7.90120183,2
46.66587802,7.90381513,2
46.66585657,7.90904172,2
46.66584576,7.91165502,2
46.66809628,7.78622735,2
46.66808828,7.78884078,2
46.66808022,7.79145420,2
46.66807211,7.79406762,2
46.66806393,7.79668105,2
46.66805569,7.79929447,2
46.66804740,7.80190789,2
46.66803904,7.80452131,2
46.66803062,7.80713473,2
46.66802214,7.80974815,2
46.66801361,7.81236157,1
46.66800501,7.81497498,1
46.66799636,7.81758840,1
46.66798764,7.82020181,1
46.66797886,7.82281523,1
46.66797003,7.82542864,1
46.66796113,7.82804205,1
46.66795218,7.83065547,1
46.66794316,7.83326888,1
46.66793408,7.83588229,1
46.66792495,7.83849570,1
46.66791575,7.84110910,1
46.66770881,7.89599046,1
46.66769830,7.89860385,1
46.66768772,7.90121724,2
46.66767709,7.90383062,2
46.66766640,7.90644401,2
46.66765564,7.90905739,2
46.66764483,7.91167077,2
46.66763396,7.91428415,2
46.66762303,7.91689753,2
46.66991900,7.77839839,2
46.66991118,7.78101190,2
46.66990330,7.78362541,2
46.66989537,7.78623893,2
46.66988737,7.78885244,2
46.66987931,7.79146595,2
46.66987119,7.79407946,2
46.66986302,7.79669297,2
46.66985478,7.79930648,2
46.66984648,7.80191999,2
46.66983812,7.80453349,2
46.66982971,7.80714700,1
46.66982123,7.80976051,1
46.66981269,7.81237401,1
46.66980410,7.81498752,1
46.66979544,7.81760102,1
46.66978672,7.82021452,1
46.66977795,7.82282802,1
46.66976911,7.82544152,1
46.66976021,7.82805502,1
46.66975126,7.83066852,1
46.66974224,7.83328202,1
46.66973317,7.83589552,1
46.66972403,7.83850901,1
46.66949737,7.89861917,1
46.66948680,7.90123264,1
46.66947616,7.90384611,2
46.66946547,7.90645958,2
46.66945472,7.90907305,2
46.66944390,7.91168652,2
46.66943303,7.91429999,2
46.66942210,7.91691346,2
46.66941110,7.91952692,2
46.67171809,7.77840970,2
46.67171027,7.78102330,2
46.67170239,7.78363690,2
46.67169445,7.78625050,2
46.67168645,7.78886410,2
46.67167840,7.79147770,2
46.67167028,7.79409130,2
46.67166210,7.79670490,2
46.67165386,7.79931849,2
46.67164557,7.80193209,2
46.67163721,7.80454568,2
46.67162879,7.80715927,1
46.67162031,7.80977287,1
46.67161178,7.81238646,1
46.67160318,7.81500005,1
46.67159452,7.81761364,1
46.67158581,7.82022723,1
46.67157703,7.82284082,1
46.67156819,7.82545440,1
46.67155930,7.82806799,1
46.67155034,7.83068158,1
46.67128587,7.90124805,1
46.67127524,7.90386161,1
46.67126454,7.90647516,1
46.67125379,7.90908872,1
46.67124298,7.91170228,2
46.67123210,7.91431583,2
46.67122117,7.91692939,2
46.67121017,7.91954294,2
46.67119912,7.92215649,2
46.67118801,7.92477004,2
46.67351717,7.77842102,2
46.67350936,7.78103471,2
46.67350148,7.78364839,2
46.67349354,7.78626208,2
46.67348554,7.78887577,2
46.67347748,7.79148945,2
46.67346937,7.79410314,2
46.67346119,7.79671682,2
46.67345295,7.79933050,2
46.67344465,7.80194419,2
46.67343629,7.80455787,2
46.67342788,7.80717155,1
46.67341940,7.80978523,1
46.67341086,7.81239891,1
46.67340226,7.81501258,1
46.67339361,7.81762626,1
46.67338489,7.82023994,1
46.67337611,7.82285361,1
46.67336728,7.82546729,1
46.67335838,7.82808096,1
46.67305286,7.90910439,1
46.67304205,7.91171803,1
46.67303117,7.91433168,1
46.67302024,7.91694532,1
46.67300925,7.91955896,1
46.67299819,7.92217260,2
46.67298708,7.92478623,2
46.67297591,7.92739987,2
46.67532402,7.77581856,2
46.67531626,7.77843233,2
46.67530844,7.78104611,2
46.67530056,7.78365988,2
46.67529263,7.78627366,2
46.67528463,7.78888743,2
46.67527657,7.79150120,2
46.67526845,7.79411498,2
46.67526027,7.79672875,2
46.67525203,7.79934252,2
46.67524374,7.80195629,1
46.67523538,7.80457005,1
46.67522696,7.80718382,1
46.67521848,7.80979759,1
46.67520995,7.81241135,1
46.67520135,7.81502512,1
46.67519269,7.81763888,1
46.67518397,7.82025265,1
46.67517520,7.82286641,1
46.67516636,7.82548017,1
46.67515746,7.82809393,1
46.67483024,7.91434752,1
46.67481931,7.91696125,1
46.67480832,7.91957497,1
46.67479726,7.92218870,1
46.67478615,7.92480242,2
46.67477497,7.92741615,2
46.67476374,7.93002987,2
46.67712311,7.77582979,2
46.67711535,7.77844365,2
46.67710753,7.78105751,2
46.67709965,7.78367138,2
46.67709171,7.78628524,2
46.67708371,7.78889910,2
46.67707566,7.79151296,2
46.67706754,7.79412682,2
46.67705936,7.79674067,2
46.67705112,7.79935453,2
46.67704282,7.80196839,1
46.67703446,7.80458224,1
46.67702605,7.80719610,1
46.67701757,7.80980995,1
46.67700903,7.81242380,1
46.67700043,7.81503766,1
46.67699177,7.81765151,1
46.67698306,7.82026536,1
46.67697428,7.82287921,1
46.67661838,7.91697718,1
46.67660739,7.91959099,1
46.67659633,7.92220481,2
46.67658522,7.92481862,2
46.67657404,7.92743243,2
46.67656281,7.93004624,2
46.67892220,7.77584102,2
46.67891444,7.77845497,2
46.67890662,7.78106892,2
46.67889874,7.78368287,2
46.67889080,7.78629682,2
46.67888280,7.78891076,2
46.67887474,7.79152471,2
46.67886662,7.79413866,2
46.67885844,7.79675260,2
46.67885020,7.79936655,2
46.67884191,7.80198049,1
46.67883355,7.80459443,1
46.67882513,7.80720837,1
46.67881665,7.80982231,1
46.67880811,7.81243625,1
46.67879951,7.81505019,1
46.67879086,7.81766413,1
46.67878214,7.82027807,1
46.67877336,7.82289201,1
46.67841745,7.91699311,1
46.67840646,7.91960701,1
46.67839540,7.92222091,1
46.67838429,7.92483481,1
46.67837311,7.92744871,2
46.67836188,7.93006261,2
46.67835058,7.93267650,2
46.68072128,7.77585225,2
46.68071352,7.77846629,2
46.68070570,7.78108033,2
46.68069782,7.78369436,2
46.68068988,7.78630840,2
46.68068189,7.78892243,2
46.68067383,7.79153646,2
46.68066571,7.79415050,2
46.68065753,7.79676453,2
46.68064929,7.79937856,1
46.68064099,7.80199259,1
46.68063263,7.80460662,1
46.68062421,7.80722065,1
46.68061573,7.80983468,1
46.68060720,7.81244870,1
46.68059860,7.81506273,1
46.68058994,7.81767676,1
46.68058122,7.82029078,1
46.68057244,7.82290480,1
46.68056360,7.82551883,1
46.68021652,7.91700904,1
46.68020553,7.91962303,1
46.68019447,7.92223702,1
46.68018336,7.92485101,1
46.68017218,7.92746499,2
46.68016095,7.93007898,2
46.68014965,7.93269296,2
46.68013830,7.93530694,2
46.68252807,7.77324936,2
46.68252037,7.77586348,2
46.68251261,7.77847761,2
46.68250479,7.78109173,2
46.68249691,7.78370586,2
46.68248897,7.78631998,2
46.68248097,7.78893410,2
46.68247291,7.79154822,2
46.68246479,7.79416234,2
46.68245661,7.79677646,2
46.68244837,7.79939058,2
46.68244007,7.80200469,1
46.68243172,7.80461881,1
46.68242330,7.80723293,1
46.68241482,7.80984704,1
46.68240628,7.81246116,1
46.68239768,7.81507527,1
46.68238902,7.81768938,1
46.68238030,7.82030349,1
46.68237152,7.82291760,1
46.68236269,7.82553171,1
46.68200460,7.91963905,1
46.68199354,7.92225313,1
46.68198243,7.92486720,1
46.68197125,7.92748127,1
46.68196001,7.93009535,1
46.68194872,7.93270942,2
46.68193736,7.93532348,2
46.68192595,7.93793755,2
46.68191447,7.94055162,2
46.68190294,7.94316568,2
46.68431946,7.77587472,2
46.68431170,7.77848893,2
46.68430388,7.78110314,2
46.68429600,7.78371735,2
46.68428806,7.78633156,2
46.68428006,7.78894577,2
46.68427200,7.79155998,2
46.68426388,7.79417418,2
46.68425570,7.79678839,2
46.68424746,7.79940259,2
46.68423916,7.80201680,1
46.68423080,7.80463100,1
46.68422238,7.80724521,1
46.68421390,7.80985941,1
46.68420536,7.81247361,1
46.68419676,7.81508781,1
46.68418810,7.81770201,1
46.68417938,7.82031621,1
46.68417061,7.82293041,1
46.68416177,7.82554460,1
46.68380367,7.91965508,1
46.68379261,7.92226924,1
46.68378149,7.92488340,1
46.68377032,7.92749756,1
46.68375908,7.93011172,1
46.68374779,7.93272587,1
46.68373643,7.93534003,2
46.68372502,7.93795418,2
46.68371354,7.94056834,2
46.68370201,7.94318249,2
46.68369041,7.94579664,2
46.68611854,7.77588595,2
46.68611078,7.77850025,2
46.68610296,7.78111455,2
46.68609508,7.78372885,2
46.68608714,7.78634314,2
46.68607914,7.78895744,2
46.68607108,7.79157173,2
46.68606296,7.79418603,2
46.68605478,7.79680032,2
46.68604654,7.79941461,2
46.68603824,7.80202890,1
46.68602988,7.80464319,1
46.68602146,7.80725748,1
46.68601298,7.80987177,1
46.68600444,7.81248606,1
46.68599584,7.81510035,1
46.68598718,7.81771464,1
46.68597847,7.82032892,1
46.68596969,7.82294321,1
46.68596085,7.82555749,1
46.68595195,7.82817177,1
46.68559168,7.92228535,1
46.68558056,7.92489960,1
46.68556939,7.92751384,1
46.68555815,7.93012809,1
46.68554685,7.93274233,1
46.68553550,7.93535658,1
46.68552408,7.93797082,2
46.68551261,7.94058506,2
46.68550107,7.94319930,2
46.68548948,7.94581354,2
46.68788623,7.78635473,2
46.68787822,7.78896911,2
46.68787016,7.79158349,2
46.68786204,7.79419787,2
46.68785386,7.79681225,2
46.68784562,7.79942663,2
46.68783732,7.80204101,2
46.68782896,7.80465539,1
46.68782054,7.80726976,1
46.68781207,7.80988414,2
46.68780353,7.81249852,1
46.68779493,7.81511289,1
46.68778627,7.81772726,1
46.68777755,7.82034164,1
46.68776877,7.82295601,1
46.68775993,7.82557038,1
46.68775103,7.82818475,1
46.68739075,7.92230146,1
46.68737963,7.92491580,1
46.68736845,7.92753013,1
46.68735722,7.93014446,1
46.68734592,7.93275879,1
46.68733456,7.93537312,1
46.68732315,7.93798745,2
46.68731167,7.94060178,2
46.68730014,7.94321611,2
46.68728854,7.94583043,2
46.68967731,7.78898078,2
46.68966925,7.79159525,2
46.68966113,7.79420972,2
46.68965295,7.79682418,2
46.68964471,7.79943865,2
46.68963641,7.80205312,2
46.68962805,7.80466758,2
46.68961963,7.80728205,2
46.68961115,7.80989651,2
46.68960261,7.81251097,2
46.68959401,7.81512543,1
46.68958535,7.81773989,1
46.68957663,7.82035435,1
46.68956785,7.82296881,1
46.68955901,7.82558327,1
46.68955011,7.82819773,1
46.68954115,7.83081219,1
46.68953213,7.83342664,1
46.68918981,7.92231758,1
46.68917870,7.92493200,1
46.68916752,7.92754642,1
46.68915628,7.93016084,1
46.68914499,7.93277525,1
46.68913363,7.93538967,1
46.68912221,7.93800409,1
46.68911074,7.94061850,2
46.68909920,7.94323292,2
46.68908760,7.94584733,2
46.68907595,7.94846174,2
46.69146833,7.79160701,2
46.69146021,7.79422156,2
46.69145203,7.79683612,2
46.69144379,7.79945067,2
46.69143549,7.80206522,2
46.69142713,7.80467978,2
46.69141871,7.80729433,2
46.69141023,7.80990888,2
46.69140169,7.81252343,2
46.69139309,7.81513798,2
46.69138443,7.81775252,2
46.69137571,7.82036707,1
46.69136693,7.82298162,1
46.69135809,7.82559616,1
46.69134919,7.82821071,1
46.69134023,7.83082525,1
46.69133121,7.83343979,1
46.69098888,7.92233369,1
46.69097776,7.92494820,1
46.69096659,7.92756271,1
46.69095535,7.93017721,1
46.69094405,7.93279172,1
46.69093270,7.93540622,1
46.69092128,7.93802072,1
46.69090980,7.94063523,2
46.69089827,7.94324973,2
46.69088667,7.94586423,2
46.69087501,7.94847873,2
46.69326742,7.79161877,2
46.69325929,7.79423341,2
46.69325111,7.79684805,2
46.69324287,7.79946269,2
46.69323457,7.80207733,2
46.69322621,7.80469197,2
46.69321779,7.80730661,2
46.69320931,7.80992125,2
46.69320077,7.81253588,2
46.69319217,7.81515052,2
46.69318351,7.81776515,2
46.69317479,7.82037979,2
46.69316601,7.82299442,1
46.69315717,7.82560906,1
46.69314827,7.82822369,1
46.69313931,7.83083832,1
46.69313029,7.83345295,1
46.69312121,7.83606758,1
46.69278795,7.92234980,1
46.69277683,7.92496440,1
46.69276565,7.92757900,1
46.69275442,7.93019359,1
46.69274312,7.93280818,1
46.69273176,7.93542277,1
46.69272034,7.93803736,1
46.69270887,7.94065195,2
46.69269733,7.94326654,2
46.69268573,7.94588113,2
46.69267408,7.94849571,2
46.69266236,7.95111030,2
46.69505838,7.79424526,2
46.69505020,7.79685999,2
46.69504195,7.79947471,2
46.69503365,7.80208944,2
46.69502529,7.80470417,2
46.69501687,7.80731889,2
46.69500839,7.80993362,2
46.69499985,7.81254834,2
46.69499125,7.81516306,2
46.69498259,7.81777779,2
46.69497387,7.82039251,2
46.69496509,7.82300723,1
46.69495625,7.82562195,1
46.69494735,7.82823667,1
46.69493839,7.83085138,1
46.69492937,7.83346610,1
46.69492029,7.83608082,1
46.69487399,7.84915439,1
46.69459807,7.91975124,1
46.69458702,7.92236592,1
46.69457590,7.92498060,1
46.69456472,7.92759529,1
46.69455348,7.93020997,1
46.69454218,7.93282465,1
46.69453083,7.93543932,1
46.69451941,7.93805400,1
46.69450793,7.94066868,1
46.69449639,7.94328335,2
46.69448480,7.94589803,2
46.69447314,7.94851270,2
46.69446142,7.95112737,2
46.69684104,7.79948674,2
46.69683274,7.80210155,2
46.69682437,7.80471636,2
46.69681595,7.80733118,2
46.69680747,7.80994599,2
46.69679893,7.81256080,2
46.69679033,7.81517561,2
46.69678167,7.81779042,2
46.69677295,7.82040523,2
46.69676417,7.82302004,2
46.69675533,7.82563484,1
46.69674643,7.82824965,1
46.69673747,7.83086445,1
46.69672844,7.83347926,1
46.69671936,7.83609406,1
46.69671022,7.83870886,1
46.69670102,7.84132366,1
46.69669176,7.84393847,1
46.69668244,7.84655326,1
46.69667306,7.84916806,1
46.69666362,7.85178286,1
46.69665412,7.85439766,1
46.69638608,7.92238204,1
46.69637496,7.92499681,1
46.69636379,7.92761158,1
46.69635255,7.93022635,1
46.69634125,7.93284111,1
46.69632989,7.93545588,1
46.69631847,7.93807064,1
46.69630700,7.94068541,1
46.69629546,7.94330017,1
46.69628386,7.94591493,2
46.69627220,7.94852969,2
46.69626048,7.95114445,2
46.69624871,7.95375921,2
46.69862346,7.80472856,2
46.69861503,7.80734346,2
46.69860655,7.80995836,2
46.69859801,7.81257326,2
46.69858941,7.81518816,2
46.69858075,7.81780305,2
46.69857203,7.82041795,2
46.69856325,7.82303284,2
46.69855441,7.82564774,1
46.69854550,7.82826263,1
46.69853654,7.83087752,1
46.69852752,7.83349241,1
46.69851844,7.83610730,1
46.69850930,7.83872219,1
46.69850010,7.84133708,1
46.69849084,7.84395197,1
46.69848152,7.84656686,1
46.69847214,7.84918174,1
46.69846270,7.85179663,1
46.69845320,7.85441151,1
46.69844364,7.85702639,1
46.69843402,7.85964128,1
46.69842434,7.86225616,1
46.69819621,7.91978330,1
46.69818515,7.92239816,1
46.69817403,7.92501301,1
46.69816285,7.92762787,1
46.69815161,7.93024273,1
46.69814032,7.93285758,1
46.69812896,7.93547243,1
46.69811754,7.93808728,1
46.69810606,7.94070213,1
46.69809452,7.94331698,1
46.69808292,7.94593183,2
46.69807127,7.94854668,2
46.69805955,7.95116152,2
46.69804777,7.95377637,2
46.70041411,7.80735575,2
46.70040563,7.80997073,2
46.70039709,7.81258572,2
46.70038849,7.81520070,2
46.70037983,7.81781569,2
46.70037111,7.82043067,2
46.70036233,7.82304565,2
46.70035348,7.82566063,2
46.70034458,7.82827561,1
46.70033562,7.83089059,1
46.70032660,7.83350557,1
46.70031752,7.83612055,1
46.70030838,7.83873552,1
46.70029918,7.84135050,1
46.70028992,7.84396548,1
46.70028060,7.84658045,1
46.70027121,7.84919542,1
46.70026177,7.85181039,1
46.70025227,7.85442537,1
46.70024271,7.85704034,1
46.70023309,7.85965531,1
46.70022341,7.86227027,1
46.70021367,7.86488524,1
46.70020387,7.86750021,1
46.70000627,7.91718438,1
46.69999528,7.91979933,1
46.69998422,7.92241428,1
46.69997310,7.92502922,1
46.69996192,7.92764416,1
46.69995068,7.93025911,1
46.69993938,7.93287405,1
46.69992802,7.93548899,1
46.69991660,7.93810393,1
46.69990512,7.94071886,1
46.69989358,7.94333380,2
46.69988199,7.94594874,2
46.69987033,7.94856367,2
46.69985861,7.95117860,2
46.69984683,7.95379353,2
46.69983499,7.95640847,2
46.70220471,7.80998311,2
46.70219617,7.81259818,2
46.70218757,7.81521325,2
46.70217891,7.81782832,2
46.70217019,7.82044339,2
46.70216140,7.82305846,2
46.70215256,7.82567353,2
46.70214366,7.82828860,2
46.70213470,7.83090366,1
46.70212568,7.83351873,1
46.70211660,7.83613379,1
46.70210745,7.83874886,1
46.70209825,7.84136392,1
46.70208899,7.84397898,1
46.70207967,7.84659404,2
46.70207029,7.84920910,1
46.70206085,7.85182416,2
46.70205135,7.85443922,2
46.70204179,7.85705428,2
46.70203217,7.85966933,1
46.70202249,7.86228439,1
46.70201274,7.86489945,1
46.70200294,7.86751450,1
46.70199308,7.87012955,1
46.70198316,7.87274460,1
46.70181628,7.91458530,1
46.70180534,7.91720033,1
46.70179434,7.91981536,1
46.70178328,7.92243040,1
46.70177216,7.92504543,1
46.70176098,7.92766046,1
46.70174974,7.93027549,1
46.70173844,7.93289052,1
46.70172709,7.93550554,1
46.70171567,7.93812057,1
46.70170419,7.94073559,1
46.70169265,7.94335062,1
46.70168105,7.94596564,2
46.70166939,7.94858066,2
46.70165767,7.95119568,2
46.70164589,7.95381070,2
46.70163405,7.95642572,2
46.70162215,7.95904074,2
46.70397799,7.81784096,2
46.70396926,7.82045612,2
46.70396048,7.82307127,2
46.70395164,7.82568643,2
46.70394274,7.82830158,2
46.70393378,7.83091673,1
46.70392475,7.83353189,1
46.70391567,7.83614704,2
46.70390653,7.83876219,1
46.70389733,7.84137734,2
46.70388807,7.84399249,2
46.70387875,7.84660764,2
46.70386936,7.84922278,2
46.70385992,7.85183793,2
46.70385042,7.85445308,2
46.70384086,7.85706822,2
46.70383124,7.85968337,2
46.70382156,7.86229851,2
46.70381182,7.86491365,1
46.70380202,7.86752879,1
46.70379216,7.87014393,1
46.70378223,7.87275907,1
46.70377225,7.87537421,1
46.70363705,7.90937091,1
46.70362623,7.91198603,1
46.70361535,7.91460116,1
46.70360441,7.91721628,1
46.70359341,7.91983140,1
46.70358235,7.92244652,1
46.70357123,7.92506164,1
46.70356005,7.92767676,1
46.70354881,7.93029187,1
46.70353751,7.93290699,1
46.70352615,7.93552210,1
46.70351473,7.93813721,1
46.70350325,7.94075233,1
46.70349171,7.94336744,2
46.70348011,7.94598255,2
46.70346845,7.94859766,2
46.70345673,7.95121276,2
46.70344495,7.95382787,2
46.70343311,7.95644297,2
46.70342121,7.95905808,2
46.70575956,7.82308408,2
46.70575072,7.82569932,2
46.70574182,7.82831457,2
46.70573285,7.83092981,2
46.70572383,7.83354505,2
46.70571475,7.83616029,2
46.70570561,7.83877552,2
46.70569641,7.84139076,2
46.70568714,7.84400600,2
46.70567782,7.84662123,2
46.70566844,7.84923647,2
46.70565900,7.85185170,2
46.70564950,7.85446693,2
46.70563993,7.85708217,2
46.70563031,7.85969740,2
46.70562063,7.86231263,2
46.70561089,7.86492786,2
46.70560109,7.86754308,2
46.70559123,7.87015831,1
46.70558131,7.87277354,1
46.70557133,7.87538876,1
46.70556128,7.87800399,1
46.70555118,7.88061921,1
46.70544688,7.90677139,1
46.70543611,7.90938660,1
46.70542529,7.91200181,1
46.70541441,7.91461702,1
46.70540347,7.91723223,1
46.70539247,7.91984744,1
46.70538141,7.92246264,1
46.70537029,7.92507785,1
46.70535911,7.92769305,1
46.70534787,7.93030826,1
46.70533657,7.93292346,1
46.70532521,7.93553866,1
46.70531379,7.93815386,1
46.70530231,7.94076906,1
46.70529077,7.94338426,2
46.70527917,7.94599945,2
46.70526751,7.94861465,2
46.70525579,7.95122984,2
46.70524401,7.95384504,2
46.70523217,7.95646023,2
46.70522027,7.95907542,2
46.70520832,7.96169061,2
46.70519630,7.96430580,2
46.70754979,7.82571222,2
46.70754089,7.82832755,2
46.70753193,7.83094288,2
46.70752291,7.83355821,2
46.70751382,7.83617353,2
46.70750468,7.83878886,2
46.70749548,7.84140418,2
46.70748622,7.84401951,2
46.70747690,7.84663483,2
46.70746751,7.84925015,2
46.70745807,7.85186547,2
46.70744857,7.85448079,2
46.70743901,7.85709611,2
46.70742939,7.85971143,2
46.70740996,7.86494206,2
46.70740016,7.86755738,2
46.70739030,7.87017269,2
46.70738038,7.87278800,1
46.70737040,7.87540332,1
46.70736036,7.87801863,1
46.70735025,7.88063394,1
46.70734009,7.88324925,1
46.70732987,7.88586456,1
46.70731959,7.88847986,1
46.70730925,7.89109517,1
46.70729885,7.89371047,1
46.70728839,7.89632578,1
46.70727787,7.89894108,1
46.70726728,7.90155638,1
46.70725664,7.90417169,1
46.70724594,7.90678699,1
46.70723518,7.90940229,1
46.70722436,7.91201758,1
46.70721348,7.91463288,1
46.70720254,7.91724818,1
46.70719154,7.91986347,1
46.70718048,7.92247877,1
46.70716936,7.92509406,1
46.70715818,7.92770935,1
46.70714694,7.93032464,1
46.70713564,7.93293993,1
46.70712428,7.93555522,1
46.70711286,7.93817051,1
46.70710137,7.94078579,1
46.70708983,7.94340108,2
46.70707823,7.94601636,2
46.70706657,7.94863164,2
46.70705485,7.95124693,2
46.70704307,7.95386221,2
46.70703123,7.95647749,2
46.70701933,7.95909276,2
46.70700737,7.96170804,2
46.70699535,7.96432332,2
46.70933997,7.82834054,2
46.70933101,7.83095595,2
46.70932198,7.83357137,2
46.70931290,7.83618678,2
46.70930376,7.83880219,2
46.70929456,7.84141761,2
46.70928529,7.84403302,2
46.70927597,7.84664843,2
46.70926659,7.84926384,2
46.70925715,7.85187924,2
46.70924764,7.85449465,2
46.70923808,7.85711006,2
46.70919923,7.86757167,2
46.70918937,7.87018707,2
46.70917945,7.87280247,2
46.70916947,7.87541787,2
46.70915943,7.87803327,1
46.70914932,7.88064867,1
46.70913916,7.88326406,1
46.70912894,7.88587946,1
46.70911866,7.88849486,1
46.70910832,7.89111025,1
46.70909792,7.89372564,1
46.70908745,7.89634103,1
46.70907693,7.89895642,1
46.70906635,7.90157181,1
46.70905571,7.90418720,1
46.70904501,7.90680259,1
46.70903425,7.90941797,1
46.70902343,7.91203336,1
46.70901255,7.91464874,1
46.70900160,7.91726413,1
46.70899060,7.91987951,1
46.70897954,7.92249489,1
46.70896842,7.92511027,1
46.70895724,7.92772565,1
46.70894600,7.93034103,1
46.70893470,7.93295640,1
46.70892334,7.93557178,1
46.70891192,7.93818715,1
46.70890044,7.94080253,2
46.70888890,7.94341790,2
46.70887730,7.94603327,2
46.70886564,7.94864864,2
46.70885391,7.95126401,2
46.70884213,7.95387938,2
46.70883029,7.95649474,2
46.70881839,7.95911011,2
46.70880643,7.96172547,2
46.70879441,7.96434084,2
46.71113904,7.82835353,2
46.71113008,7.83096903,2
46.71112106,7.83358453,2
46.71111198,7.83620003,2
46.71110283,7.83881553,2
46.71109363,7.84143103,2
46.71108437,7.84404653,2
46.71107504,7.84666202,2
46.71106566,7.84927752,2
46.71105622,7.85189302,2
46.71103715,7.85712400,2
46.71097852,7.87281694,2
46.71096854,7.87543243,2
46.71095850,7.87804792,2
46.71094839,7.88066340,2
46.71093823,7.88327888,1
46.71092801,7.88589437,1
46.71091773,7.88850985,1
46.71090739,7.89112533,1
46.71089698,7.89374081,1
46.71088652,7.89635629,1
46.71087600,7.89897176,1
46.71086542,7.90158724,1
46.71085478,7.90420272,1
46.71084408,7.90681819,1
46.71083331,7.90943366,1
46.71082249,7.91204914,1
46.71081161,7.91466461,1
46.71080067,7.91728008,1
46.71078967,7.91989555,1
46.71077861,7.92251102,1
46.71076749,7.92512648,1
46.71075630,7.92774195,1
46.71074506,7.93035742,1
46.71073376,7.93297288,1
46.71072240,7.93558834,1
46.71071098,7.93820380,2
46.71069950,7.94081926,2
46.71068796,7.94343472,2
46.71067636,7.94605018,2
46.71066470,7.94866564,2
46.71065298,7.95128110,2
46.71064119,7.95389655,2
46.71062935,7.95651200,2
46.71061745,7.95912746,2
46.71060549,7.96174291,2
46.71059347,7.96435836,2
46.71058139,7.96697381,2
46.71292013,7.83359769,2
46.71291105,7.83621328,2
46.71290191,7.83882887,2
46.71289270,7.84144445,2
46.71288344,7.84406004,2
46.71287412,7.84667562,2
46.71286474,7.84929121,2
46.71276761,7.87544699,2
46.71275757,7.87806256,2
46.71274746,7.88067813,2
46.71273730,7.88329370,2
46.71272708,7.88590927,1
46.71271680,7.88852484,1
46.71270645,7.89114041,1
46.71269605,7.89375598,1
46.71268559,7.89637154,1
46.71267507,7.89898711,1
46.71266449,7.90160267,1
46.71265384,7.90421823,1
46.71264314,7.90683380,1
46.71263238,7.90944936,1
46.71262156,7.91206492,1
46.71261068,7.91468047,1
46.71259973,7.91729603,1
46.71258873,7.91991159,1
46.71257767,7.92252714,1
46.71256655,7.92514270,1
46.71255537,7.92775825,1
46.71254413,7.93037380,1
46.71253282,7.93298935,1
46.71252146,7.93560490,2
46.71251004,7.93822045,2
46.71249856,7.94083600,2
46.71248702,7.94345155,2
46.71247542,7.94606709,2
46.71246376,7.94868264,2
46.71245204,7.95129818,2
46.71244025,7.95391372,2
46.71242841,7.95652926,2
46.71241651,7.95914480,2
46.71240455,7.96176034,2
46.71239253,7.96437588,2
46.71471921,7.83361086,2
46.71471013,7.83622653,2
46.71470098,7.83884221,2
46.71469178,7.84145788,2
46.71468252,7.84407355,2
46.71466381,7.84930489,2
46.71455664,7.87807721,2
46.71454653,7.88069287,2
46.71453637,7.88330852,2
46.71452615,7.88592418,2
46.71451587,7.88853984,2
46.71450552,7.89115549,1
46.71449512,7.89377115,1
46.71448466,7.89638680,1
46.71447413,7.89900245,1
46.71446355,7.90161810,1
46.71445291,7.90423375,1
46.71444221,7.90684940,1
46.71443145,7.90946505,1
46.71442062,7.91208070,1
46.71440974,7.91469634,1
46.71439880,7.91731199,1
46.71438780,7.91992763,1
46.71437673,7.92254327,1
46.71436561,7.92515891,1
46.71435443,7.92777455,1
46.71434319,7.93039019,1
46.71433189,7.93300583,1
46.71432052,7.93562147,2
46.71430910,7.93823710,2
46.71429762,7.94085274,2
46.71428608,7.94346837,2
46.71427448,7.94608401,2
46.71426282,7.94869964,2
46.71425109,7.95131527,2
46.71423931,7.95393090,2
46.71422747,7.95654653,2
46.71421557,7.95916215,2
46.71420361,7.96177778,2
46.71634560,7.88070760,2
46.71633544,7.88332334,2
46.71632522,7.88593909,2
46.71631493,7.88855483,2
46.71630459,7.89117057,2
46.71629419,7.89378632,2
46.71628372,7.89640206,2
46.71627320,7.89901780,2
46.71626262,7.90163353,2
46.71625198,7.90424927,1
46.71624127,7.90686501,1
46.71623051,7.90948074,2
46.71621969,7.91209648,1
46.71620881,7.91471221,1
46.71619786,7.91732794,1
46.71618686,7.91994367,2
46.71617580,7.92255940,1
46.71616468,7.92517513,1
46.71615349,7.92779086,1
46.71614225,7.93040658,1
46.71613095,7.93302231,2
46.71611959,7.93563803,2
46.71610816,7.93825376,2
46.71609668,7.94086948,2
46.71608514,7.94348520,2
46.71607354,7.94610092,2
46.71606188,7.94871664,2
46.71605015,7.95133236,2
46.71603837,7.95394807,2
46.71602653,7.95656379,2
46.71601463,7.95917950,2
46.71600267,7.96179522,2
46.71599064,7.96441093,2
46.71812428,7.88595400,2
46.71811400,7.88856983,2
46.71810366,7.89118566,2
46.71809325,7.89380149,2
46.71808279,7.89641731,2
46.71807227,7.89903314,2
46.71806168,7.90164897,2
46.71805104,7.90426479,2
46.71804034,7.90688061,2
46.71802958,7.90949644,2
46.71801875,7.91211226,2
46.71800787,7.91472808,2
46.71799693,7.91734390,2
46.71798592,7.91995971,2
46.71797486,7.92257553,2
46.71796374,7.92519135,2
46.71795256,7.92780716,2
46.71794131,7.93042298,2
46.71793001,7.93303879,2
46.71791865,7.93565460,2
46.71790723,7.93827041,2
46.71789574,7.94088622,2
46.71788420,7.94350203,2
46.71787260,7.94611784,2
46.71786094,7.94873364,2
46.71784921,7.95134945,2
46.71783743,7.95396525,2
46.71782559,7.95658105,2
46.71781369,7.95919685,2
46.71780172,7.96181265,2
46.71990272,7.89120074,2
46.71989232,7.89381666,2
46.71988186,7.89643257,2
46.71987133,7.89904849,2
46.71986075,7.90166440,2
46.71985011,7.90428031,2
46.71983940,7.90689622,2
46.71982864,7.90951213,2
46.71981782,7.91212804,2
46.71980693,7.91474395,2
46.71979599,7.91735985,2
46.71978499,7.91997576,2
46.71977392,7.92259166,2
46.71976280,7.92520757,2
46.71975162,7.92782347,2
46.71974037,7.93043937,2
46.71972907,7.93305527,2
46.71971771,7.93567117,2
46.71970629,7.93828707,2
46.71969480,7.94090296,2
46.71968326,7.94351886,2
46.71967166,7.94613475,2
46.71965999,7.94875064,2
46.71964827,7.95136654,2
46.71963649,7.95398243,2
46.71962465,7.95659832,2
46.71961274,7.95921421,2
46.72165982,7.90167983,2
46.72163847,7.90691183,2
46.72162770,7.90952783,2
46.72161688,7.91214382,2
46.72160600,7.91475982,2
46.72159505,7.91737581,2
46.72158405,7.91999180,2
46.72157299,7.92260780,2
46.72156186,7.92522379,2
46.72155068,7.92783978,2
46.72153944,7.93045576,2
46.72152813,7.93307175,2
46.72151677,7.93568774,2
46.72150535,7.93830372,2
46.72149386,7.94091970,2
46.72148232,7.94353569,2
46.72147072,7.94615167,2
46.72145905,7.94876765,2
46.72144733,7.95138363,2
46.72143555,7.95399961,2
46.72142370,7.95661558,2
46.72339412,7.91739177,2
46.72338311,7.92000785,2
46.72337205,7.92262393,2
46.72336092,7.92524001,2
46.72334974,7.92785608,2
46.72333850,7.93047216,2
46.72332719,7.93308823,2
46.72331583,7.93570431,2
46.72330441,7.93832038,2
46.72329292,7.94093645,2
46.72328138,7.94355252,2
46.72326977,7.94616859,2
46.72325811,7.94878465,2
46.72324639,7.95140072,2
46.72323460,7.95401679,2
46.72517111,7.92264006,2
46.72514880,7.92787239,2
46.72513756,7.93048855,2
46.72512625,7.93310472,2
46.72511489,7.93572088,2
46.72510347,7.93833704,2
46.72509198,7.94095319,2
46.72508044,7.94356935,2
46.72506883,7.94618551,2
46.72505717,7.94880166,2
46.72504545,7.95141782,2
46.72503366,7.95403397,2
46.72502182,7.95665012,2
46.72692531,7.93312120,2
46.72691395,7.93573745,2
46.72690252,7.93835369,2
46.72689104,7.94096994,2
46.72687950,7.94358618,2
46.72686789,7.94620243,2
46.72685623,7.94881867,2
46.72684450,7.95143491,2
46.72683272,7.95405115,2
46.72869010,7.94098669,2
46.72867855,7.94360302,2
46.72866695,7.94621935,2
46.72865528,7.94883568,2