47.29979698,8.58369182,2
47.29966500,8.59691232,2
47.29953151,8.61013274,2
47.29939651,8.62335311,2
47.29925999,8.63657341,2
47.29912195,8.64979364,2
47.29884133,8.67623390,2
47.29869875,8.68945393,2
47.29855465,8.70267389,2
47.30904995,8.55743910,2
47.30892098,8.57066195,2
47.30879050,8.58388473,2
47.30865850,8.59710745,2
47.30852499,8.61033010,2
47.30838996,8.62355269,2
47.30825342,8.63677522,2
47.30811536,8.64999768,2
47.30797579,8.66322007,2
47.30783470,8.67644240,2
47.30769209,8.68966466,2
47.30754797,8.70288684,2
47.30740233,8.71610896,2
47.30725518,8.72933101,2
47.31817096,8.54440248,2
47.31804349,8.55762761,2
47.31791450,8.57085268,2
47.31778400,8.58407769,2
47.31765198,8.59730264,2
47.31751845,8.61052752,2
47.31738340,8.62375234,2
47.31724683,8.63697710,2
47.31710875,8.65020179,2
47.31696915,8.66342641,2
47.31682804,8.67665096,2
47.31668541,8.68987545,2
47.31654127,8.70309986,2
47.31639561,8.71632421,2
47.31624843,8.72954849,2
47.31609974,8.74277270,2
47.32729048,8.53136140,2
47.32716450,8.54458882,2
47.32703701,8.55781618,2
47.32690800,8.57104348,2
47.32677748,8.58427072,2
47.32664544,8.59749790,2
47.32651188,8.61072501,2
47.32637681,8.62395206,2
47.32624022,8.63717904,2
47.32610211,8.65040596,2
47.32596249,8.66363281,2
47.32582136,8.67685959,2
47.32567871,8.69008631,2
47.32553454,8.70331295,2
47.32538885,8.71653953,2
47.32524165,8.72976604,2
47.32509294,8.74299247,2
47.32494271,8.75621884,2
47.33640849,8.51831585,2
47.33628401,8.53154557,2
47.33615802,8.54477522,2
47.33603050,8.55800481,2
47.33590147,8.57123434,2
47.33577093,8.58446381,2
47.33563887,8.59769322,2
47.33452779,8.70352611,2
47.33438208,8.71675492,2
47.33423485,8.72998366,2
47.33408611,8.74321232,2
47.33393586,8.75644092,2
47.33378408,8.76966944,2
47.34552501,8.50526585,2
47.34540203,8.51849786,2
47.34527752,8.53172980,2
47.34515151,8.54496168,2
47.34502397,8.55819351,2
47.34489492,8.57142527,2
47.34322803,8.73020134,2
47.34307927,8.74343224,2
47.34292898,8.75666307,2
47.34277719,8.76989382,2
47.35451854,8.50544568,2
47.35439553,8.51867992,2
47.35427101,8.53191409,2
47.35414497,8.54514821,2
47.35401742,8.55838226,2
47.35222118,8.73041910,2
47.35207239,8.74365223,2
47.35192209,8.75688529,2
47.35177026,8.77011827,2
47.35161693,8.78335118,2
47.36363355,8.49238905,2
47.36351204,8.50562557,2
47.36338902,8.51886204,2
47.36326447,8.53209845,2
47.36313842,8.54533479,2
47.36106549,8.74387229,2
47.36091516,8.75710758,2
47.36076332,8.77034280,2
47.36060995,8.78357794,2
47.37262705,8.49256676,2
47.37250552,8.50580552,2
47.37238247,8.51904422,2
47.37225791,8.53228286,2
47.37005857,8.74409243,2
47.36990822,8.75732995,2
47.36975635,8.77056740,2
47.36960296,8.78380477,2
47.38162052,8.49274454,2
47.38149897,8.50598553,2
47.38137591,8.51922646,2
47.38125132,8.53246733,2
47.37905162,8.74431263,2
47.37890125,8.75755239,2
47.37874935,8.77079207,2
47.37859593,8.78403168,2
47.39061397,8.49292237,2
47.39049240,8.50616559,2
47.39036931,8.51940876,2
47.39024471,8.53265186,2
47.38789425,8.75777490,2
47.38774233,8.77101681,2
47.38758889,8.78425865,2
47.39972746,8.47985474,2
47.39960739,8.49310025,2
47.39948580,8.50634571,2
47.39936270,8.51959111,2
47.39923807,8.53283645,2
47.39688722,8.75799748,2
47.39673528,8.77124163,2
47.39658181,8.78448571,2
47.40872088,8.48003045,2
47.40860079,8.49327820,2
47.40847918,8.50652589,2
47.40835605,8.51977353,2
47.40588018,8.75822014,2
47.40572820,8.77146652,2
47.40557471,8.78471283,2
47.41771427,8.48020621,2
47.41759416,8.49345620,2
47.41747253,8.50670613,2
47.41734938,8.51995601,2
47.41502358,8.74519417,2
47.41487310,8.75844286,2
47.41472110,8.77169149,2
47.41456759,8.78494003,2
47.42670763,8.48038204,2
47.42658750,8.49363426,2
47.42646585,8.50688643,2
47.42634269,8.52013854,2
47.42621800,8.53339059,2
47.42401650,8.74541473,2
47.42386600,8.75866566,2
47.42371398,8.77191652,2
47.42356044,8.78516731,2
47.43570097,8.48055792,2
47.43558082,8.49381238,2
47.43545915,8.50706679,2
47.43533596,8.52032113,2
47.43521126,8.53357542,2
47.43315841,8.73238213,2
47.43300940,8.74563537,2
47.43285887,8.75888854,2
47.43270683,8.77214163,2
47.44457411,8.49399056,2
47.44445242,8.50724720,2
47.44432921,8.52050379,2
47.44420449,8.53376031,2
47.44407824,8.54701678,2
47.44215130,8.73260060,2
47.44200227,8.74585607,2
47.44185172,8.75911148,2
47.44169965,8.77236682,2
47.45344566,8.50742768,2
47.45332244,8.52068650,2
47.45319769,8.53394527,2
47.45307143,8.54720397,2
47.45294364,8.56046262,2
47.45129171,8.71956135,2
47.45114417,8.73281913,2
47.45099511,8.74607685,2
47.45084454,8.75933450,2
47.45069244,8.77259207,2
47.46243888,8.50760821,2
47.46231563,8.52086927,2
47.46219087,8.53413028,2
47.46206458,8.54739122,2
47.46193678,8.56065211,2
47.46180745,8.57391293,2
47.46043061,8.70651762,2
47.46028457,8.71977772,2
47.46013701,8.73303774,2
47.45998793,8.74629770,2
47.45983733,8.75955759,2
47.47130880,8.52105210,2
47.47118402,8.53431535,2
47.47105771,8.54757854,2
47.47092988,8.56084166,2
47.47080054,8.57410472,2
47.47066967,8.58736772,2
47.47053728,8.60063066,2
47.47040338,8.61389354,2
47.47013100,8.64041909,2
47.46999254,8.65368177,2
47.46985255,8.66694438,2
47.46971105,8.68020693,2
47.46956802,8.69346941,2
47.46942347,8.70673182,2
47.46927741,8.71999416,2
47.46912982,8.73325642,2
47.46898072,8.74651862,2
47.48017714,8.53450048,2
47.48005081,8.54776591,2
47.47992296,8.56103127,2
47.47979359,8.57429658,2
47.47966271,8.58756182,2
47.47953030,8.60082700,2
47.47939637,8.61409212,2
47.47926092,8.62735717,2
47.47912395,8.64062215,2
47.47898546,8.65388708,2
47.47884546,8.66715193,2
47.47870393,8.68041672,2
47.47856088,8.69368143,2
47.47841631,8.70694608,2
47.47827022,8.72021067,2
47.47812261,8.73347518,2
47.47797348,8.74673961,2
47.48904388,8.54795334,2
47.48891601,8.56122095,2
47.48878663,8.57448850,2
47.48865572,8.58775598,2
47.48852329,8.60102340,2
47.48838934,8.61429076,2
47.48825387,8.62755805,2
47.48811687,8.64082528,2
47.48797836,8.65409244,2
47.48783833,8.66735954,2
47.48769678,8.68062657,2
47.48755371,8.69389353,2
47.48740911,8.70716042,2
47.48726300,8.72042724,2
47.49777963,8.57468048,2
47.49764870,8.58795020,2
47.49751625,8.60121987,2
47.49738227,8.61448947,2
47.49724678,8.62775900,2
47.49710977,8.64102848,2
47.49697123,8.65429788,2
47.49683118,8.66756722,2
47.49668960,8.68083649,2
47.49654651,8.69410569,2
47.49640189,8.70737483,2
47.50637518,8.61468824,2
47.50623967,8.62796002,2
47.50610263,8.64123173,2
