46.80353109,7.51723781,2
46.81254675,7.47794409,2
46.81254149,7.49104637,2
46.81253474,7.50414865,2
46.81252648,7.51725093,2
46.81251672,7.53035321,2
46.82154589,7.46484618,2
46.82154213,7.47795065,2
46.82153688,7.49105512,2
46.82153012,7.50415959,2
46.82152186,7.51726406,2
46.82151210,7.53036852,2
46.82150083,7.54347298,2
46.82148807,7.55657743,2
46.82147380,7.56968187,2
46.82145803,7.58278631,2
46.82144076,7.59589074,2
46.83054351,7.42553056,2
46.83054426,7.43863722,2
46.83054351,7.45174389,2
46.83054126,7.46485055,2
46.83053750,7.47795722,2
46.83053225,7.49106388,2
46.83052549,7.50417053,2
46.83051723,7.51727719,2
46.83050746,7.53038384,2
46.83049620,7.54349048,2
46.83048343,7.55659712,2
46.83046916,7.56970376,2
46.83045339,7.58281038,2
46.83043611,7.59591700,2
46.83041734,7.60902361,2
46.83953662,7.41241951,2
46.83953887,7.42552837,2
46.83953963,7.43863722,2
46.83953887,7.45174608,2
46.83953662,7.46485493,2
46.83953286,7.47796378,2
46.83952761,7.49107263,2
46.83951258,7.51729032,2
46.83950282,7.53039916,2
46.83949155,7.54350800,2
46.83947878,7.55661683,2
46.83946451,7.56972565,2
46.83944873,7.58283446,2
46.83943146,7.59594327,2
46.83941268,7.60905207,2
46.84852821,7.39930409,2
46.84853197,7.41241513,2
46.84853422,7.42552618,2
46.84853498,7.43863722,2
46.84853422,7.45174827,2
46.84853197,7.46485931,2
46.84852821,7.47797035,2
46.84849816,7.53041449,2
46.84848689,7.54352552,2
46.84847412,7.55663654,2
46.84845985,7.56974755,2
46.84844407,7.58285855,2
46.84842679,7.59596955,2
46.84840801,7.60908054,2
46.84838772,7.62219151,2
46.85751829,7.38618429,2
46.85752355,7.39929752,2
46.85752731,7.41241075,2
46.85752956,7.42552399,2
46.85753032,7.43863722,2
46.85752956,7.45175046,2
46.85743939,7.58288265,2
46.85742211,7.59599584,2
46.85740332,7.60910901,2
46.85738304,7.62222218,2
46.86651362,7.38617552,2
46.86651888,7.39929095,2
46.86652264,7.41240637,2
46.86652489,7.42552180,2
46.86652564,7.43863722,2
46.86641742,7.59602213,2
46.86639863,7.60913750,2
46.86637834,7.62225286,2
46.86635654,7.63536821,2
46.87550217,7.37304914,2
46.87550893,7.38616675,2
46.87551419,7.39928437,2
46.87551795,7.41240199,2
46.87552021,7.42551960,2
46.87539393,7.60916600,2
46.87537363,7.62228355,2
46.87535183,7.63540109,2
46.88449747,7.37303818,2
46.88450423,7.38615798,2
46.88450950,7.39927779,2
46.88451326,7.41239760,2
46.88438921,7.60919451,2
46.88436891,7.62231425,2
46.88434711,7.63543399,2
46.89348448,7.35990522,2
46.89349276,7.37302721,2
46.89349952,7.38614921,2
46.89350479,7.39927121,2
46.89338448,7.60922302,2
46.89336418,7.62234496,2
46.89334237,7.63546689,2
46.89331906,7.64858881,2
46.90247976,7.35989205,2
46.90248803,7.37301624,2
46.90249480,7.38614043,2
46.90250006,7.39926463,2
46.90237974,7.60925155,2
46.90235943,7.62237568,2
46.90233762,7.63549980,2
46.90231431,7.64862392,2
46.91147502,7.35987888,2
46.91148329,7.37300527,2
46.91149006,7.38613165,2
46.91149533,7.39925804,2
46.91137498,7.60928008,2
46.91135467,7.62240641,2
46.91133286,7.63553273,2
46.91130954,7.64865904,2
46.92047027,7.35986571,2
46.92047854,7.37299429,2
46.92048531,7.38612287,2
46.92049058,7.39925145,2
46.92037021,7.60930863,2
46.92034990,7.62243715,2
46.92032809,7.63556567,2
46.92030476,7.64869417,2
46.92946550,7.35985253,2
46.92947378,7.37298330,2
46.92948055,7.38611408,2
46.92948582,7.39924487,2
46.92936543,7.60933718,2
46.92934512,7.62246790,2
46.92932330,7.63559861,2
46.92929997,7.64872931,2
46.93846073,7.35983935,2
46.93846900,7.37297232,2
46.93847578,7.38610529,2
46.93848104,7.39923827,2
46.93837945,7.59623282,2
46.93836064,7.60936575,2
46.93834032,7.62249866,2
46.93831850,7.63563157,2
46.93829517,7.64876447,2
46.94745593,7.35982616,2
46.94746421,7.37296133,2
46.94747099,7.38609650,2
46.94747626,7.39923168,2
46.94737465,7.59625919,2
46.94735583,7.60939432,2
46.94733551,7.62252943,2
46.94731368,7.63566454,2
46.95645113,7.35981297,2
46.95645941,7.37295034,2
46.95646618,7.38608771,2
46.95647145,7.39922508,2
46.95647522,7.41236246,2
46.95638714,7.58314825,2
46.95636983,7.59628558,2
46.95635101,7.60942290,2
46.95633068,7.62256022,2
46.95630885,7.63569752,2
46.96545459,7.37293934,2
46.96546137,7.38607891,2
46.96546664,7.39921849,2
46.96547040,7.41235806,2
46.96547266,7.42549764,2
46.96539812,7.57003290,2
46.96538231,7.58317244,2
46.96536499,7.59631197,2
46.96534617,7.60945149,2
46.96532584,7.62259101,2
46.97444976,7.37292834,2
46.97445653,7.38607011,2
46.97446181,7.39921189,2
46.97446557,7.41235366,2
46.97446783,7.42549544,2
46.97446858,7.43863722,2
46.97442039,7.54377140,2
46.97440759,7.55691315,2
46.97439328,7.57005490,2
46.97437747,7.58319664,2
46.97436015,7.59633837,2
46.97434132,7.60948009,2
46.98345169,7.38606131,2
46.98345696,7.39920528,2
46.98346073,7.41234926,2
46.98346299,7.42549324,2
46.98346374,7.43863722,2
46.98346299,7.45178120,2
46.98346073,7.46492518,2
46.98344491,7.50435711,2
46.98343662,7.51750108,2
46.98342683,7.53064505,2
46.98341554,7.54378901,2
46.98340273,7.55693296,2
46.98338842,7.57007691,2
46.98337261,7.58322085,2
46.98335528,7.59636478,2
46.99245210,7.39919868,2
46.99245587,7.41234486,2
46.99245813,7.42549104,2
46.99245888,7.43863722,2
46.99245813,7.45178340,2
46.99245587,7.46492959,2
46.99245210,7.47807577,2
46.99244683,7.49122194,2
46.99244005,7.50436812,2
46.99243176,7.51751429,2
46.99242197,7.53066046,2
46.99241067,7.54380662,2
46.99239786,7.55695277,2
46.99238355,7.57009892,2
46.99236773,7.58324507,2
47.00145099,7.41234045,2
47.00145325,7.42548884,2
47.00145400,7.43863722,2
47.00145325,7.45178561,2
47.00145099,7.46493399,2
47.00144722,7.47808237,2
47.00144195,7.49123075,2
47.00143517,7.50437913,2
47.00142688,7.51752750,2
47.00141709,7.53067587,2
47.00140579,7.54382424,2
47.00139298,7.55697259,2
47.00137866,7.57012095,2
47.01044911,7.43863722,2
47.01044836,7.45178781,2
47.01044610,7.46493840,2
47.01044233,7.47808898,2
47.01043706,7.49123956,2
47.01043028,7.50439014,2
47.01042199,7.51754072,2
47.01041219,7.53069129,2
47.01944119,7.46494280,2
