46.95235786,9.04927258,4
46.95415652,9.04932652,4
46.95411957,9.05195334,4
46.95595519,9.04938046,4
46.95591823,9.05200737,4
46.95588122,9.05463427,4
46.95775385,9.04943440,4
46.95771689,9.05206140,4
46.95767988,9.05468839,4
46.95955251,9.04948835,4
46.95951555,9.05211543,4
46.95947853,9.05474252,4
46.95944146,9.05736959,4
46.95940432,9.05999667,4
46.96135117,9.04954230,4
46.96131421,9.05216947,4
46.96127719,9.05479664,4
46.96124011,9.05742381,4
46.96120297,9.06005097,4
46.96116578,9.06267813,4
46.96082827,9.08632240,4
46.96079047,9.08894953,4
46.96071469,9.09420376,4
46.96067671,9.09683088,4
46.96314983,9.04959625,4
46.96311287,9.05222351,4
46.96307585,9.05485077,4
46.96303877,9.05747803,4
46.96300163,9.06010528,4
46.96296443,9.06273252,4
46.96292717,9.06535977,4
46.96288985,9.06798701,4
46.96285247,9.07061425,4
46.96281503,9.07324148,4
46.96277752,9.07586871,4
46.96270234,9.08112316,4
46.96266466,9.08375038,4
46.96262692,9.08637759,4
46.96258911,9.08900480,4
46.96255125,9.09163201,4
46.96251333,9.09425921,4
46.96247534,9.09688641,4
46.96243730,9.09951361,4
46.96498539,9.04702285,4
46.96494849,9.04965021,4
46.96491153,9.05227756,4
46.96487450,9.05490490,4
46.96483742,9.05753225,4
46.96480028,9.06015959,4
46.96476308,9.06278692,4
46.96472582,9.06541425,4
46.96468850,9.06804158,4
46.96465112,9.07066891,4
46.96461367,9.07329623,4
46.96457617,9.07592355,4
46.96453861,9.07855086,4
46.96450098,9.08117817,4
46.96446330,9.08380548,4
46.96442556,9.08643278,4
46.96438775,9.08906008,4
46.96434989,9.09168737,4
46.96431197,9.09431467,4
46.96427398,9.09694196,4
46.96423594,9.09956924,4
46.96682089,9.04444928,4
46.96678405,9.04707673,4
46.96674714,9.04970417,4
46.96671018,9.05233161,4
46.96667316,9.05495904,3
46.96663608,9.05758647,3
46.96659894,9.06021390,4
46.96656173,9.06284132,4
46.96652447,9.06546874,4
46.96648715,9.06809616,4
46.96644976,9.07072357,4
46.96641232,9.07335098,4
46.96637482,9.07597839,4
46.96633725,9.07860579,4
46.96629963,9.08123319,4
46.96626194,9.08386058,4
46.96622420,9.08648797,4
46.96618639,9.08911536,4
46.96614853,9.09174274,4
46.96611060,9.09437012,4
46.96607262,9.09699750,4
46.96603457,9.09962487,4
46.96861955,9.04450307,4
46.96858270,9.04713060,4
46.96854580,9.04975813,4
46.96850884,9.05238566,4
46.96847182,9.05501318,3
46.96843473,9.05764070,3
46.96839759,9.06026821,3
46.96836039,9.06289573,3
46.96832312,9.06552323,4
46.96828580,9.06815074,4
46.96824841,9.07077824,4
46.96821097,9.07340574,4
46.96817346,9.07603323,4
46.96813590,9.07866072,4
46.96809827,9.08128821,4
46.96806059,9.08391569,4
46.96802284,9.08654317,4
46.96798503,9.08917064,4
46.96794717,9.09179812,4
46.96790924,9.09442558,3
46.96787125,9.09705305,4
46.96783321,9.09968051,4
46.97038136,9.04718448,4
46.97034446,9.04981210,4
46.97030750,9.05243971,3
46.97027047,9.05506732,3
46.97023339,9.05769493,3
46.97019624,9.06032253,3
46.97015904,9.06295013,3
46.97012177,9.06557773,3
46.97008445,9.06820532,3
46.97004706,9.07083291,3
46.97000961,9.07346050,4
46.96997211,9.07608808,4
46.96993454,9.07871566,4
46.96989691,9.08134323,4
46.96985923,9.08397080,4
46.96982148,9.08659837,4
46.96978367,9.08922593,4
46.96974580,9.09185349,3
46.96970788,9.09448105,3
46.96966989,9.09710860,3
46.96963184,9.09973615,4
46.96959373,9.10236370,4
46.97221687,9.04461066,4
46.97218002,9.04723836,4
46.97214312,9.04986607,4
46.97210615,9.05249377,3
46.97206913,9.05512147,3
46.97203204,9.05774917,3
46.97199489,9.06037686,3
46.97195769,9.06300454,3
46.97192042,9.06563223,3
46.97188309,9.06825991,3
46.97184571,9.07088759,3
46.97180826,9.07351526,3
46.97177075,9.07614293,4
46.97173318,9.07877060,4
46.97169556,9.08139826,4
46.97165787,9.08402592,4
46.97162012,9.08665357,4
46.97158231,9.08928122,3
46.97154444,9.09190887,3
46.97150651,9.09453652,3
46.97146852,9.09716416,3
46.97143047,9.09979179,4
46.97139236,9.10241943,4
46.97401552,9.04466445,4
46.97397868,9.04729225,4
46.97394177,9.04992004,4
46.97390481,9.05254784,3
46.97386778,9.05517562,3
46.97383069,9.05780340,3
46.97379354,9.06043118,3
46.97375634,9.06305896,3
46.97371907,9.06568673,3
46.97368174,9.06831450,3
46.97364435,9.07094227,3
46.97360690,9.07357003,3
46.97356940,9.07619779,3
46.97353183,9.07882554,4
46.97349420,9.08145329,4
46.97345651,9.08408104,4
46.97341876,9.08670878,4
46.97338095,9.08933652,3
46.97334308,9.09196426,3
46.97330515,9.09459199,3
46.97326716,9.09721972,3
46.97322911,9.09984744,4
46.97319099,9.10247516,4
46.97581418,9.04471826,4
46.97577733,9.04734614,4
46.97574043,9.04997402,4
46.97570346,9.05260190,3
46.97566643,9.05522978,3
46.97562934,9.05785765,3
46.97559220,9.06048551,3
46.97555499,9.06311338,3
46.97551772,9.06574124,3
46.97548039,9.06836910,3
46.97544300,9.07099695,3
46.97540555,9.07362480,3
46.97536804,9.07625264,3
46.97533047,9.07888049,3
46.97529284,9.08150832,3
46.97525515,9.08413616,4
46.97521740,9.08676399,3
46.97517958,9.08939182,3
46.97514171,9.09201964,3
46.97510378,9.09464746,3
46.97506579,9.09727528,3
46.97502774,9.09990309,4
46.97498962,9.10253090,4
46.97495145,9.10515871,4
46.97761284,9.04477206,4
46.97757599,9.04740004,4
46.97753908,9.05002800,4
46.97750211,9.05265597,3
46.97746508,9.05528393,3
46.97742799,9.05791189,3
46.97739084,9.06053985,3
46.97735364,9.06316780,3
46.97731636,9.06579575,3
46.97727903,9.06842369,3
46.97724164,9.07105163,3
46.97720419,9.07367957,3
46.97716668,9.07630751,3
46.97712911,9.07893544,3
46.97709148,9.08156336,3
46.97705379,9.08419129,3
46.97701603,9.08681921,3
46.97697822,9.08944712,3
46.97694035,9.09207503,3
46.97690242,9.09470294,3
46.97686442,9.09733085,3
46.97682637,9.09995875,4
46.97678825,9.10258665,4
46.97675008,9.10521454,4
46.97671185,9.10784243,4
46.97941150,9.04482587,4
46.97937465,9.04745393,4
46.97933774,9.05008199,4
46.97930077,9.05271004,3
46.97926374,9.05533810,3
46.97922665,9.05796614,3
46.97918949,9.06059419,3
46.97907768,9.06847830,3
46.97904029,9.07110632,3
46.97900284,9.07373435,3
46.97896532,9.07636237,3
46.97892775,9.07899039,3
46.97889012,9.08161841,3
46.97885242,9.08424642,3
46.97881467,9.08687442,3
46.97877686,9.08950243,3
46.97873898,9.09213043,3
46.97870105,9.09475842,3
46.97866305,9.09738642,3
46.97862500,9.10001441,3
46.97858688,9.10264239,4
46.97854871,9.10527037,4
46.97851047,9.10789835,4
46.98121015,9.04487968,4
46.98117330,9.04750783,4
46.98113639,9.05013598,4
46.98109942,9.05276412,3
46.98106239,9.05539226,3
46.98102530,9.05802040,3
46.98098814,9.06064853,3
46.98080148,9.07378913,3
46.98072639,9.07904535,3
46.98068876,9.08167345,3
46.98065106,9.08430155,3
46.98061331,9.08692965,3
46.98057549,9.08955774,3
46.98053762,9.09218583,3
46.98049968,9.09481391,3
46.98046169,9.09744199,3
46.98042363,9.10007007,3
46.98038551,9.10269814,4
46.98034734,9.10532621,4
46.98030910,9.10795428,4
46.98003975,9.12635064,4
46.98000103,9.12897868,4
46.98300881,9.04493350,4
46.98297196,9.04756174,4
46.98293504,9.05018997,3
46.98289807,9.05281820,3
46.98286104,9.05544643,3
46.98252503,9.07910031,3
46.98248739,9.08172850,3
46.98244970,9.08435669,3
46.98241194,9.08698487,3
46.98237413,9.08961305,3
46.98229831,9.09486940,3
46.98226032,9.09749757,3
46.98222226,9.10012574,3
46.98218414,9.10275390,4
46.98214596,9.10538205,4
46.98210773,9.10801021,4
46.98206943,9.11063836,4
46.98191563,9.12115093,4
46.98187703,9.12377906,4
46.98183837,9.12640719,4
46.98179965,9.12903531,4
46.98480746,9.04498732,4
46.98477061,9.04761565,4
46.98473370,9.05024397,3
46.98469672,9.05287229,3
46.98465969,9.05550060,3
46.98428603,9.08178355,3
46.98424834,9.08441183,3
46.98421058,9.08704010,3
46.98409694,9.09492489,3
46.98405895,9.09755315,3
46.98402089,9.10018140,3
46.98398277,9.10280965,4
46.98394459,9.10543790,4
46.98390635,9.10806614,4
46.98386805,9.11069438,4
46.98382969,9.11332262,4
46.98379127,9.11595085,4
46.98375279,9.11857908,4
46.98371425,9.12120730,4
46.98367565,9.12383552,4
46.98363699,9.12646374,4
46.98359827,9.12909195,4
46.98660612,9.04504114,4
46.98656926,9.04766956,4
46.98653235,9.05029797,3
46.98649537,9.05292637,3
46.98645834,9.05555478,3
46.98604697,9.08446697,3
46.98585758,9.09760874,3
46.98581952,9.10023708,3
46.98578140,9.10286542,4
46.98574322,9.10549375,4
46.98570497,9.10812208,4
46.98566667,9.11075041,4
46.98562831,9.11337873,4
46.98558989,9.11600705,4
46.98555141,9.11863537,4
46.98551287,9.12126368,4
46.98547427,9.12389199,4
46.98543560,9.12652029,4
46.98539688,9.12914859,4
46.98840477,9.04509497,4
46.98836791,9.04772347,4
46.98833100,9.05035197,3
46.98829402,9.05298047,3
46.98765620,9.09766433,3
46.98761814,9.10029276,3
46.98758002,9.10292118,3
46.98754184,9.10554960,4
46.98750360,9.10817802,4
46.98746530,9.11080644,4
46.98742693,9.11343485,4
46.98738851,9.11606326,4
46.98735003,9.11869166,4
46.98731148,9.12132006,4
46.98727288,9.12394846,4
46.98723422,9.12657685,4
46.98719549,9.12920524,4
46.98715671,9.13183362,4
46.99020342,9.04514880,4
46.99016657,9.04777739,4
46.99012965,9.05040598,3
46.99009267,9.05303456,3
46.98945483,9.09771992,3
46.98941677,9.10034844,3
46.98937865,9.10297695,3
46.98934047,9.10560546,3
46.98930222,9.10823397,4
46.98926392,9.11086247,4
46.98922555,9.11349097,3
46.98918713,9.11611946,3
46.98914865,9.11874796,4
46.98911010,9.12137644,4
46.98907150,9.12400493,4
46.98903283,9.12663341,4
46.98899411,9.12926189,4
46.98895532,9.13189036,4
46.99203887,9.04257395,4
46.99200208,9.04520263,4
46.99196522,9.04783131,3
46.99192830,9.05045999,3
46.99189132,9.05308866,3
46.99121540,9.10040412,3
46.99117727,9.10303272,3
46.99113909,9.10566132,3
46.99110084,9.10828992,3
46.99106254,9.11091851,3
46.99102417,9.11354709,3
46.99098575,9.11617568,3
46.99094726,9.11880426,4
46.99090872,9.12143283,4
46.99087011,9.12406141,4
46.99083145,9.12668998,4
46.99079272,9.12931854,4
46.99075393,9.13194710,4
46.99383753,9.04262770,4
46.99380073,9.04525647,4
46.99376387,9.04788524,3
46.99372695,9.05051400,3
46.99368997,9.05314276,3
46.99297590,9.10308850,3
46.99293771,9.10571718,3
46.99289947,9.10834587,3
46.99286116,9.11097455,3
46.99282279,9.11360322,3
46.99278437,9.11623189,3
46.99274588,9.11886056,3
46.99270733,9.12148923,4
46.99266873,9.12411789,4
46.99263006,9.12674654,4
46.99259133,9.12937520,4
46.99563618,9.04268146,4
46.99559938,9.04531031,4
46.99556252,9.04793917,3
46.99552560,9.05056802,3
46.99548862,9.05319687,3
46.99477452,9.10314428,3
46.99473634,9.10577305,3
46.99469809,9.10840182,3
46.99465978,9.11103059,3
46.99462141,9.11365935,3
46.99458299,9.11628811,3
46.99454450,9.11891687,3
46.99450595,9.12154562,4
46.99446734,9.12417437,4
46.99442867,9.12680312,4
46.99438994,9.12943186,4
46.99435115,9.13206060,4
46.99743483,9.04273521,4
46.99739803,9.04536416,4
46.99736117,9.04799310,3
46.99732425,9.05062204,3
46.99728726,9.05325097,3
46.99653496,9.10582892,3
46.99649671,9.10845778,3
46.99645840,9.11108664,3
46.99642003,9.11371549,3
46.99638160,9.11634434,3
46.99634311,9.11897318,4
46.99630456,9.12160202,4
46.99626595,9.12423086,4
46.99622728,9.12685969,4
46.99618855,9.12948852,4
46.99614976,9.13211735,4
46.99919668,9.04541801,4
46.99915982,9.04804704,3
46.99912289,9.05067606,3
46.99908591,9.05330509,3
46.99833358,9.10588480,3
46.99829533,9.10851375,3
46.99825702,9.11114269,3
46.99821865,9.11377163,3
46.99818022,9.11640057,3
46.99814173,9.11902950,3
46.99810318,9.12165843,4
46.99806457,9.12428735,4
46.99802589,9.12691627,4
46.99798716,9.12954519,4
47.00099533,9.04547186,4
47.00095846,9.04810098,3
47.00092154,9.05073009,3
47.00088455,9.05335920,3
47.00009395,9.10856971,3
47.00005564,9.11119875,3
47.00001727,9.11382777,3
46.99997883,9.11645680,3
46.99994034,9.11908582,3
46.99990179,9.12171484,4
46.99986318,9.12434385,4
46.99982451,9.12697286,4
46.99978577,9.12960186,4
46.99974698,9.13223087,4
47.00279398,9.04552571,4
47.00275711,9.04815492,3
47.00272019,9.05078412,3
47.00193082,9.10599656,3
47.00189257,9.10862568,3
47.00185426,9.11125480,3
47.00181588,9.11388392,3
47.00177745,9.11651303,3
47.00173896,9.11914214,4
47.00170040,9.12177125,4
47.00166179,9.12440035,4
47.00162312,9.12702945,4
47.00158438,9.12965854,4
47.00154559,9.13228763,4
47.00459263,9.04557957,4
47.00455576,9.04820887,3
47.00451883,9.05083816,3
47.00372944,9.10605245,3
47.00369119,9.10868166,3
47.00365287,9.11131087,3
47.00361450,9.11394007,3
47.00357606,9.11656927,3
47.00353757,9.11919847,3
47.00349902,9.12182766,4
47.00346040,9.12445685,4
47.00342173,9.12708604,4
47.00338299,9.12971522,4
47.00639127,9.04563343,4
47.00635440,9.04826282,4
47.00631748,9.05089220,3
47.00548980,9.10873764,3
47.00545149,9.11136693,3
47.00541311,9.11399623,3
47.00537468,9.11662551,3
47.00533618,9.11925480,3
47.00529763,9.12188408,4
47.00525901,9.12451336,4
47.00522033,9.12714263,4
47.00518160,9.12977190,4
47.00916259,8.97469025,4
47.00822673,9.04305783,4
47.00818992,9.04568730,4
47.00815305,9.04831677,4
47.00811612,9.05094624,3
47.00728842,9.10879362,3
47.00725010,9.11142300,3
47.00721173,9.11405238,3
47.00717329,9.11668176,3
47.00713479,9.11931113,3
47.00709624,9.12194050,4
47.00705762,9.12456987,4
47.00701894,9.12719923,4
47.00698020,9.12982859,4
47.01099645,8.97211208,4
47.01096127,8.97474174,4
47.01017201,9.03259332,4
47.00998857,9.04574117,4
47.00995170,9.04837073,3
47.00908704,9.10884960,3
47.00904872,9.11147908,3
47.00901034,9.11410855,3
47.00897190,9.11673801,3
47.00893341,9.11936747,3
47.00889485,9.12199693,4
47.00885623,9.12462638,4
47.00881755,9.12725583,4
47.00877881,9.12988528,4
47.01283026,8.96953374,4
47.01279513,8.97216349,4
47.01275995,8.97479323,4
47.01272471,8.97742297,4
47.01268940,8.98005271,4
47.01233305,9.00634991,4
47.01229708,9.00897961,4
47.01226105,9.01160930,4
47.01222497,9.01423900,4
47.01200717,9.03001708,4
47.01197066,9.03264675,4
47.01178721,9.04579504,4
47.01175034,9.04842469,3
47.01088565,9.10890559,3
47.01084733,9.11153515,3
47.01080896,9.11416471,3
47.01077052,9.11679426,3
47.01073202,9.11942381,3
47.01069346,9.12205336,4
47.01065484,9.12468290,4
47.01061616,9.12731244,4
47.01057742,9.12994198,4
47.01459381,8.97221490,4
47.01455863,8.97484473,4
47.01452338,8.97747456,4
47.01448808,8.98010438,4
47.01445271,8.98273421,4
47.01441729,8.98536403,4
47.01438180,8.98799384,4
47.01434625,8.99062366,4
47.01431065,8.99325346,4
47.01427498,8.99588327,4
47.01423925,8.99851307,4
47.01416762,9.00377267,4
47.01413171,9.00640246,3
47.01409574,9.00903225,3
47.01405971,9.01166203,3
47.01402363,9.01429181,4
47.01398748,9.01692159,4
47.01376931,9.03270019,4
47.01358586,9.04584892,4
47.01354898,9.04847866,3
47.01268427,9.10896159,3
47.01264595,9.11159124,3
47.01260757,9.11422088,3
47.01256913,9.11685052,3
47.01253063,9.11948016,4
47.01249207,9.12210979,4
47.01245344,9.12473942,4
47.01241476,9.12736905,4
47.01237602,9.12999867,4
47.01639249,8.97226631,4
47.01635730,8.97489623,4
47.01632206,8.97752615,4
47.01628675,8.98015606,3
47.01625138,8.98278597,4
47.01621596,8.98541588,4
47.01618047,8.98804578,3
47.01614492,8.99067568,4
47.01610932,8.99330558,3
47.01607365,8.99593548,3
47.01603792,8.99856537,3
47.01600213,9.00119525,3
47.01596628,9.00382514,3
47.01593037,9.00645502,3
47.01589440,9.00908489,3
47.01585837,9.01171477,3
47.01582228,9.01434464,3
47.01578613,9.01697450,4
47.01574992,9.01960437,4
47.01567732,9.02486408,4
47.01564093,9.02749393,4
47.01560448,9.03012378,4
47.01556797,9.03275363,4
47.01553139,9.03538347,4
47.01549476,9.03801331,4
47.01542131,9.04327297,4
47.01538450,9.04590280,4
47.01534763,9.04853262,3
47.01444456,9.11164732,3
47.01440618,9.11427705,3
47.01436774,9.11690678,3
47.01432924,9.11953651,4
47.01429067,9.12216623,4
47.01425205,9.12479595,4
47.01421337,9.12742566,4
47.01417463,9.13005538,4
47.01812073,8.97757774,4
47.01808542,8.98020774,3
47.01805006,8.98283774,3
47.01801463,8.98546773,3
47.01797914,8.98809773,3
47.01794359,8.99072772,3
47.01790798,8.99335770,3
47.01787231,8.99598768,3
47.01783658,8.99861766,3
47.01780079,9.00124764,3
47.01776494,9.00387761,3
47.01769306,9.00913754,3
47.01765703,9.01176750,3
47.01762094,9.01439746,3
47.01758479,9.01702742,4
47.01754858,9.01965737,4
47.01751231,9.02228731,4
47.01747597,9.02491726,3
47.01743958,9.02754720,3
47.01740313,9.03017714,3
47.01736661,9.03280707,3
47.01733004,9.03543700,4
47.01729341,9.03806693,4
47.01721996,9.04332677,4
47.01718314,9.04595668,4
47.01714627,9.04858660,3
47.01624317,9.11170341,3
47.01620479,9.11433323,3
47.01616635,9.11696305,3
47.01612785,9.11959286,4
47.01608928,9.12222267,4
47.01605066,9.12485248,4
47.01601197,9.12748228,4
47.01597323,9.13011208,4
47.01991940,8.97762933,4
47.01988410,8.98025942,4
47.01984873,8.98288951,3
47.01981330,8.98551959,3
47.01977781,8.98814967,3
47.01974226,8.99077975,3
47.01967098,8.99603989,3
47.01963525,8.99866996,3
47.01959946,9.00130003,3
47.01941960,9.01445029,3
47.01938345,9.01708033,3
47.01934723,9.01971037,3
47.01931096,9.02234041,3
47.01923823,9.02760047,3
47.01920178,9.03023049,3
47.01916526,9.03286052,3
47.01912869,9.03549053,4
47.01909205,9.03812055,4
47.01901860,9.04338057,4
47.01898179,9.04601057,4
47.01894491,9.04864057,3
47.01890797,9.05127057,3
47.01800340,9.11438941,3
47.01796496,9.11701932,3
47.01792645,9.11964922,4
47.01788789,9.12227912,4
47.01784926,9.12490901,4
47.01781058,9.12753890,4
47.02171808,8.97768093,4
47.02168277,8.98031111,4
47.02164740,8.98294128,3
47.02161197,8.98557145,3
47.02157648,8.98820162,3
47.02121826,9.01450312,3
47.02118210,9.01713325,3
47.02100043,9.03028386,3
47.02096391,9.03291397,3
47.02092734,9.03554407,4
47.02089070,9.03817417,4
47.02078043,9.04606446,4
47.02074355,9.04869455,4
47.02070661,9.05132464,3
47.01980201,9.11444559,3
47.01976357,9.11707559,3
47.01972506,9.11970558,4
47.01968649,9.12233557,4
47.01964787,9.12496555,4
47.01960918,9.12759553,4
47.02351675,8.97773253,4
47.02348144,8.98036280,4
47.02344607,8.98299306,4
47.02341064,8.98562332,3
47.02337515,8.98825358,3
47.02333959,8.99088383,3
47.02276256,9.03296742,3
47.02272598,9.03559761,3
47.02268935,9.03822780,4
47.02265265,9.04085799,4
47.02261589,9.04348818,4
47.02257907,9.04611836,4
47.02254219,9.04874853,4
47.02250525,9.05137871,3
47.02156218,9.11713186,3
47.02152367,9.11976194,3
47.02148510,9.12239202,4
47.02144647,9.12502209,4
47.02531542,8.97778413,4
47.02528011,8.98041449,4
47.02524474,8.98304484,4
47.02520931,8.98567519,3
47.02517381,8.98830553,3
47.02513826,8.99093588,3
47.02452463,9.03565116,3
47.02448799,9.03828144,3
47.02445129,9.04091171,3
47.02441453,9.04354199,3
47.02339923,9.11455797,3
47.02336078,9.11718814,3
47.02332227,9.11981831,3
47.02328371,9.12244847,4
47.02324508,9.12507863,4
47.02711409,8.97783574,4
47.02707878,8.98046618,4
47.02704341,8.98309662,4
47.02700797,8.98572706,4
47.02697248,8.98835750,4
47.02693693,8.99098793,3
47.02519784,9.11461417,3
47.02515939,9.11724443,3
47.02512088,9.11987468,3
47.02508231,9.12250493,4
47.02504368,9.12513518,4
47.02891276,8.97788735,4
47.02887745,8.98051788,4
47.02884208,8.98314841,4
47.02880664,8.98577894,4
47.02877115,8.98840946,4
47.02873559,8.99103998,3
47.02699645,9.11467037,3
47.02695800,9.11730071,3
47.02691948,9.11993106,3
47.02688091,9.12256140,4
47.02684228,9.12519173,4
47.03064074,8.98320020,4
47.03060531,8.98583082,4
47.03056981,8.98846143,4
47.03053425,8.99109203,4
47.03049864,8.99372264,4
47.02879505,9.11472657,3
47.02875660,9.11735701,3
47.02871809,9.11998744,4
47.02867952,9.12261786,4
47.03243941,8.98325200,4
47.03240397,8.98588270,4
47.03236848,8.98851340,4
47.03233292,8.99114409,4
47.03229730,8.99377478,4
47.03226162,8.99640547,3
47.03063205,9.11215225,3
47.03059366,9.11478278,3
47.03055521,9.11741330,3
47.03051669,9.12004382,4
47.03047812,9.12267434,4
47.03043948,9.12530485,4
47.03423808,8.98330380,4
47.03420264,8.98593459,4
47.03416714,8.98856537,4
47.03413158,8.99119616,4
47.03409596,8.99382693,4
47.03406028,8.99645771,3
47.03243066,9.11220837,3
47.03239226,9.11483899,3
47.03235381,9.11746960,4
47.03231530,9.12010021,4
47.03227672,9.12273081,4
47.03600130,8.98598648,4
47.03596580,8.98861735,4
47.03593024,8.99124822,4
47.03589462,8.99387909,4
47.03585894,8.99650995,4
47.03582320,8.99914081,3
47.03578740,9.00177167,3
47.03426760,9.10963379,3
47.03422927,9.11226450,3
47.03419087,9.11489520,4
47.03415241,9.11752590,4
47.03411390,9.12015660,4
47.03407532,9.12278729,4
47.03776447,8.98866933,4
47.03772890,8.99130029,4
47.03769328,8.99393125,4
47.03765760,8.99656220,3
47.03762186,8.99919315,3
47.03758606,9.00182409,3
47.03606621,9.10968983,3
47.03602787,9.11232063,3
47.03598947,9.11495142,4
47.03595102,9.11758221,4
47.03591250,9.12021299,4
47.03952756,8.99135236,4
47.03949194,8.99398341,4
47.03945626,8.99661445,3
47.03942052,8.99924549,3
47.03938471,9.00187652,3
47.03934885,9.00450755,3
47.03931292,9.00713858,3
47.03786481,9.10974587,3
47.03782648,9.11237676,3
47.03778808,9.11500764,4
47.03774962,9.11763851,4
47.04136179,8.98877330,4
47.04132623,8.99140444,4
47.04129060,8.99403557,4
47.04125492,8.99666670,4
47.04121917,8.99929783,3
47.04118337,9.00192895,3
47.04114750,9.00456007,3
47.04111158,9.00719118,3
47.03970170,9.10717095,3
47.03966342,9.10980192,3
47.03962508,9.11243289,4
47.03958668,9.11506386,4
47.04312488,8.99145652,4
47.04308926,8.99408774,4
47.04305357,8.99671896,4
47.04301783,8.99935017,4
47.04298202,9.00198138,4
47.04294616,9.00461259,3
47.04291023,9.00724379,3
47.04287424,9.00987499,3
47.04150030,9.10722691,3
47.04146202,9.10985797,3
47.04142368,9.11248903,4
47.04138528,9.11512009,4
47.04134682,9.11775114,4
47.04485223,8.99677122,4
47.04481648,8.99940252,4
47.04478068,9.00203382,4
47.04474481,9.00466511,3
47.04470888,9.00729641,3
47.04467289,9.00992769,3
47.04463684,9.01255898,3
47.04460073,9.01519026,3
47.04333713,9.10465172,3
47.04329891,9.10728288,3
47.04326063,9.10991403,4
47.04322229,9.11254518,4
47.04318388,9.11517632,4
47.04661514,8.99945487,4
47.04657933,9.00208626,4
47.04654346,9.00471764,3
47.04650753,9.00734902,3
47.04647154,9.00998040,3
47.04643549,9.01261177,3
47.04639938,9.01524314,3
47.04513573,9.10470760,3
47.04509751,9.10733885,3
47.04505923,9.10997009,4
47.04502089,9.11260133,4
47.04490550,9.12049501,4
47.04482827,9.12575746,4
47.04837798,9.00213870,4
47.04834211,9.00477017,4
47.04830618,9.00740164,4
47.04827019,9.01003311,3
47.04823414,9.01266457,3
47.04819803,9.01529603,3
47.04693434,9.10476349,3
47.04689612,9.10739482,3
47.04685783,9.11002615,3
47.04681949,9.11265748,4
47.04678109,9.11528880,4
47.04674262,9.11792012,4
47.04670410,9.12055143,4
47.04666551,9.12318274,4
47.05010483,9.00745426,4
47.05006884,9.01008582,3
47.05003279,9.01271737,3
47.04869472,9.10745080,3
47.04865644,9.11008222,3
47.04861809,9.11271363,4
47.04857968,9.11534504,4
47.04854122,9.11797645,4
47.04850269,9.12060785,4
47.04827027,9.13639619,4
47.05190348,9.00750689,4
47.05186749,9.01013853,4
47.05183143,9.01277017,3
47.05179532,9.01540181,3
47.05045504,9.11013829,3
47.05041669,9.11276979,3
47.05037828,9.11540129,3
47.05033982,9.11803278,4
47.05030129,9.12066427,4
47.05026270,9.12329576,4
47.05022405,9.12592724,4
47.05018534,9.12855872,4
47.05014658,9.13119020,4
47.05010775,9.13382167,4
47.05006886,9.13645314,4
47.05002991,9.13908461,4
47.04995183,9.14434752,4
47.05366613,9.01019125,4
47.05363008,9.01282298,3
47.05359396,9.01545470,3
47.05355779,9.01808642,3
47.05352155,9.02071814,3
47.05225364,9.11019436,3
47.05221529,9.11282595,3
47.05217688,9.11545754,3
47.05213841,9.11808912,4
47.05209988,9.12072070,4
47.05206130,9.12335228,4
47.05202265,9.12598385,4
47.05198394,9.12861542,4
47.05194517,9.13124698,4
47.05190634,9.13387854,4
47.05186745,9.13651010,4
47.05182849,9.13914165,4
47.05178948,9.14177320,4
47.05175041,9.14440475,4
47.05171128,9.14703629,4
47.05167209,9.14966783,4
47.05163283,9.15229936,4
47.05542873,9.01287579,4
47.05539261,9.01550760,4
47.05535643,9.01813941,3
47.05532020,9.02077121,3
47.05405224,9.11025044,3
47.05401389,9.11288212,3
47.05397548,9.11551379,3
47.05393701,9.11814546,3
47.05389848,9.12077713,4
47.05385989,9.12340880,4
47.05382124,9.12604046,4
47.05378253,9.12867211,4
47.05374376,9.13130376,4
47.05370492,9.13393541,4
47.05366603,9.13656706,4
47.05362708,9.13919870,4
47.05358807,9.14183034,4
47.05354899,9.14446197,4
47.05350986,9.14709360,4
47.05347067,9.14972523,4
47.05722737,9.01292860,4
47.05719125,9.01556050,4
47.05715507,9.01819240,4
47.05711884,9.02082429,3
47.05708254,9.02345618,3
47.05581249,9.11293829,3
47.05577408,9.11557005,3
47.05573561,9.11820181,3
47.05569707,9.12083357,3
47.05565848,9.12346532,4
47.05561983,9.12609707,4
47.05558112,9.12872881,4
47.05554235,9.13136055,4
47.05550351,9.13399229,4
47.05546462,9.13662402,4
47.05542567,9.13925575,4
47.05538665,9.14188748,4
47.05534758,9.14451920,4
47.05895372,9.01824539,4
47.05891748,9.02087737,4
47.05888118,9.02350935,3
47.05884482,9.02614132,3
47.05761108,9.11299446,3
47.05757267,9.11562631,3
47.05753420,9.11825816,3
47.05749567,9.12089000,3
47.05745707,9.12352185,4
47.05741842,9.12615368,4
47.05737971,9.12878551,4
47.05734093,9.13141734,4
47.05730210,9.13404917,4
47.05726321,9.13668099,4
47.05722425,9.13931281,4
47.05718524,9.14194462,4
47.05714616,9.14457643,4
47.05710702,9.14720824,4
47.05706783,9.14984004,4
47.05698925,9.15510364,4
47.06071612,9.02093046,4
47.06067982,9.02356252,4
47.06064346,9.02619458,4
47.06060703,9.02882664,3
47.05940968,9.11305064,3
47.05937127,9.11568258,3
47.05933279,9.11831451,3
47.05929426,9.12094645,3
47.05925567,9.12357838,3
47.05921701,9.12621030,3
47.05917830,9.12884222,4
47.05913952,9.13147414,4
47.05910069,9.13410605,4
47.05906179,9.13673796,4
47.05902283,9.13936987,4
47.05898382,9.14200177,4
47.05894474,9.14463367,4
47.05890560,9.14726557,4
47.05886641,9.14989746,4
47.06247845,9.02361570,4
47.06244209,9.02624785,4
47.06240567,9.02888000,3
47.06120828,9.11310682,3
47.06116986,9.11573885,3
47.06113139,9.11837087,3
47.06109285,9.12100289,3
47.06105426,9.12363491,3
47.06101560,9.12626692,3
47.06097689,9.12889893,3
47.06093811,9.13153094,4
47.06089927,9.13416294,4
47.06086038,9.13679494,4
47.06082142,9.13942693,4
47.06078240,9.14205892,4
47.06074332,9.14469091,4
47.06434964,9.01840439,4
47.06431339,9.02103664,4
47.06427709,9.02366888,4
47.06424073,9.02630112,4
47.06420430,9.02893336,4
47.06416782,9.03156559,3
47.06300687,9.11316300,3
47.06296846,9.11579512,3
47.06292998,9.11842723,3
47.06289144,9.12105934,3
47.06285285,9.12369145,3
47.06281419,9.12632355,3
47.06277547,9.12895565,3
47.06273670,9.13158774,4
47.06269786,9.13421983,4
47.06265896,9.13685192,4
47.06262000,9.13948400,4
47.06614828,9.01845740,4
47.06611203,9.02108973,4
47.06607573,9.02372207,4
47.06603936,9.02635439,4
47.06600294,9.02898672,4
47.06476705,9.11585140,3
47.06472857,9.11848360,3
47.06469004,9.12111580,3
47.06465144,9.12374799,3
47.06461278,9.12638018,3
47.06457406,9.12901237,4
47.06453528,9.13164455,4
47.06449644,9.13427673,4
47.06430134,9.14743756,4
47.06426214,9.15006972,4
47.06794691,9.01851041,4
47.06791067,9.02114283,4
47.06787436,9.02377525,4
47.06783800,9.02640767,4
47.06780157,9.02904008,4
47.06660406,9.11327538,3
47.06656564,9.11590768,3
47.06652716,9.11853997,3
47.06648863,9.12117225,3
47.06645003,9.12380453,4
47.06641137,9.12643681,4
47.06637265,9.12906909,4
47.06633387,9.13170136,4
47.06629503,9.13433363,4
47.06625612,9.13696589,4
47.06621716,9.13959815,4
47.06617814,9.14223040,4
47.06613906,9.14486266,4
47.06609992,9.14749490,4
47.06970931,9.02119594,4
47.06967300,9.02382844,4
47.06963663,9.02646095,4
47.06960020,9.02909345,4
47.06956372,9.03172595,3
47.06844101,9.11069919,3
47.06840265,9.11333158,3
47.06836423,9.11596396,4
47.06832575,9.11859634,4
47.06828721,9.12122871,4
47.06824861,9.12386108,4
47.06820995,9.12649345,3
47.06817123,9.12912581,3
47.06813245,9.13175817,4
47.06809361,9.13439053,4
47.06805471,9.13702288,4
47.06801574,9.13965523,4
47.06797672,9.14228757,4
47.06793764,9.14491991,4
47.06785929,9.15018458,4
47.06782003,9.15281691,4
47.07190334,8.99229026,4
47.07186770,8.99492289,4
47.07183200,8.99755552,4
47.07179623,9.00018815,4
47.07176041,9.00282077,4
47.07172452,9.00545339,4
47.07168858,9.00808601,4
47.07165257,9.01071862,4
47.07147163,9.02388164,4
47.07143526,9.02651423,4
47.07139884,9.02914682,4
47.07136235,9.03177941,3
47.07023961,9.11075530,3
47.07020125,9.11338778,4
47.07016283,9.11602025,3
47.07012434,9.11865271,3
47.07008580,9.12128518,3
47.07004720,9.12391764,3
47.07000854,9.12655009,3
47.06996982,9.12918254,4
47.06993103,9.13181499,4
47.06989219,9.13444743,3
47.06985329,9.13707987,3
47.06981432,9.13971231,3
47.06977530,9.14234474,3
47.06973622,9.14497717,4
47.06969707,9.14760960,4
47.06965786,9.15024202,4
47.07394982,8.97391325,4
47.07391460,8.97654599,4
47.07387931,8.97917873,4
47.07384397,8.98181147,4
47.07380857,8.98444421,4
47.07377310,8.98707694,4
47.07370199,8.99234240,4
47.07366635,8.99497512,4
47.07363064,8.99760784,4
47.07359488,9.00024055,4
47.07355905,9.00287327,4
47.07352316,9.00550597,4
47.07348722,9.00813868,4
47.07345121,9.01077138,4
47.07341514,9.01340408,4
47.07337901,9.01603677,4
47.07334282,9.01866947,4
47.07330658,9.02130215,4
47.07327027,9.02393484,4
47.07323390,9.02656752,4
47.07319747,9.02920020,4
47.07316098,9.03183287,3
47.07203820,9.11081142,3
47.07199984,9.11344398,3
47.07196142,9.11607654,3
47.07192293,9.11870909,3
47.07188439,9.12134164,3
47.07180713,9.12660674,3
47.07176840,9.12923928,3
47.07172962,9.13187181,3
47.07169077,9.13450434,3
47.07165187,9.13713687,3
47.07161290,9.13976940,3
47.07157388,9.14240192,3
47.07153479,9.14503443,4
47.07149565,9.14766695,4
47.07574847,8.97396477,4
47.07571325,8.97659760,4
47.07567797,8.97923043,4
47.07564262,8.98186326,4
47.07560722,8.98449609,4
47.07557175,8.98712891,4
47.07553623,8.98976172,4
47.07550064,8.99239454,4
47.07546499,8.99502735,4
47.07542929,8.99766016,4
47.07539352,9.00029296,4
47.07535769,9.00292576,3
47.07532180,9.00555856,4
47.07528586,9.00819135,3
47.07524985,9.01082414,4
47.07521378,9.01345693,4
47.07517765,9.01608971,4
47.07514146,9.01872249,4
47.07510521,9.02135527,3
47.07506890,9.02398804,3
47.07503253,9.02662081,3
47.07499610,9.02925357,3
47.07495961,9.03188634,3
47.07364437,9.12403075,3
47.07360571,9.12666338,3
47.07348935,9.13456126,3
47.07345045,9.13719387,3
47.07341148,9.13982649,3
47.07337245,9.14245910,3
47.07333337,9.14509170,4
47.07329422,9.14772430,4
47.07754713,8.97401629,4
47.07751190,8.97664922,4
47.07747662,8.97928214,4
47.07744127,8.98191505,4
47.07740587,8.98454797,4
47.07737040,8.98718087,4
47.07733487,8.98981378,4
47.07729929,8.99244668,4
47.07726364,8.99507958,4
47.07722793,8.99771248,4
47.07719216,9.00034537,4
47.07715633,9.00297826,3
47.07712044,9.00561114,3
47.07708450,9.00824403,3
47.07704849,9.01087690,3
47.07701242,9.01350978,3
47.07697629,9.01614265,3
47.07694009,9.01877552,3
47.07690384,9.02140838,3
47.07686753,9.02404124,3
47.07683116,9.02667410,3
47.07679473,9.02930696,3
47.07675823,9.03193981,3
47.07672168,9.03457265,3
47.07540429,9.12672004,3
47.07536557,9.12935275,3
47.07532678,9.13198547,3
47.07528793,9.13461817,3
47.07524903,9.13725088,3
47.07521006,9.13988358,3
47.07517103,9.14251628,3
47.07513194,9.14514897,3
47.07509279,9.14778166,4
47.07941605,8.96880179,4
47.07938095,8.97143481,4
47.07934578,8.97406782,4
47.07931056,8.97670083,4
47.07927527,8.97933384,4
47.07923992,8.98196685,4
47.07920452,8.98459985,4
47.07916905,8.98723285,4
47.07913352,8.98986584,3
47.07909793,8.99249883,3
47.07906228,8.99513182,3
47.07902657,8.99776480,3
47.07899080,9.00039778,3
47.07895497,9.00303076,3
47.07891908,9.00566373,3
47.07888313,9.00829670,3
47.07884712,9.01092967,3
47.07881105,9.01356263,3
47.07877492,9.01619559,3
47.07873873,9.01882855,3
47.07870248,9.02146150,3
47.07866616,9.02409445,3
47.07862979,9.02672740,3
47.07720288,9.12677669,3
47.07716415,9.12940950,3
47.07712536,9.13204230,3
47.07708651,9.13467510,3
47.07704761,9.13730789,3
47.07700864,9.13994068,3
47.07696961,9.14257346,3
47.07693052,9.14520625,3
47.07689137,9.14783903,4
47.08117960,8.97148625,4
47.08114444,8.97411936,4
47.08110921,8.97675246,4
47.08107392,8.97938555,4
47.08103857,8.98201865,4
47.08100316,8.98465173,4
47.08096770,8.98728482,4
47.08093217,8.98991790,3
47.08089658,8.99255098,3
47.08086093,8.99518406,3
47.08082522,8.99781713,3
47.08078945,9.00045020,3
47.08075362,9.00308327,3
47.08071772,9.00571633,3
47.08068177,9.00834939,3
47.08064576,9.01098244,3
47.08060969,9.01361549,3
47.08057355,9.01624854,3
47.07876818,9.14263065,3
47.07872909,9.14526353,3
47.07868994,9.14789639,3
47.07865073,9.15052926,4
47.07861146,9.15316212,4
47.07857212,9.15579497,4
47.07853273,9.15842782,4
47.07849328,9.16106067,4
47.08297826,8.97153770,4
47.08294309,8.97417089,4
47.08290786,8.97680408,4
47.08287257,8.97943727,4
47.08283722,8.98207045,4
47.08280181,8.98470362,4
47.08276634,8.98733680,4
47.08273081,8.98996997,3
47.08269522,8.99260314,3
47.08265957,8.99523630,3
47.08262386,8.99786946,3
47.08258809,9.00050262,3
47.08255225,9.00313577,3
47.08251636,9.00576893,3
47.08248041,9.00840207,3
47.08244440,9.01103522,3
47.08048851,9.14795376,3
47.08044930,9.15058671,4
47.08041002,9.15321966,4
47.08037069,9.15585261,4
47.08033130,9.15848555,4
47.08029184,9.16111848,4
47.08474174,8.97422243,4
47.08470651,8.97685571,4
47.08467122,8.97948898,4
47.08463587,8.98212225,4
47.08460046,8.98475552,3
47.08456499,8.98738878,3
47.08452946,8.99002204,3
47.08449386,8.99265530,3
47.08445821,8.99528855,3
47.08442250,8.99792180,3
47.08438673,9.00055504,3
47.08435089,9.00318829,3
47.08431500,9.00582153,3
47.08427905,9.00845476,3
47.08232624,9.14537809,3
47.08228708,9.14801114,3
47.08224787,9.15064418,4
47.08220859,9.15327721,4
47.08650516,8.97690734,4
47.08646987,8.97954070,4
47.08643452,8.98217406,4
47.08639911,8.98480741,3
47.08636363,8.98744077,3
47.08632810,8.99007411,3
47.08629251,8.99270746,3
47.08625685,8.99534080,3
47.08622114,8.99797414,3
47.08618537,9.00060747,3
47.08614953,9.00324080,3
47.08611364,9.00587413,3
47.08607768,9.00850745,3
47.08412481,9.14543538,3
47.08408565,9.14806852,3
47.08404644,9.15070164,4
47.08400716,9.15333477,4
47.08396782,9.15596789,4
47.08392843,9.15860101,4
47.08388897,9.16123412,4
47.08384945,9.16386723,4
47.08833904,8.97432552,4
47.08830381,8.97695897,4
47.08826852,8.97959242,4
47.08823316,8.98222587,4
47.08819775,8.98485931,3
47.08816228,8.98749275,3
47.08812674,8.99012619,3
47.08809115,8.99275962,3
47.08805550,8.99539305,3
47.08801978,8.99802648,3
47.08604049,9.13759299,3
47.08600151,9.14022622,3
47.08596247,9.14285945,3
47.08592338,9.14549268,3
47.08588422,9.14812590,3
47.08584501,9.15075911,4
47.08580573,9.15339233,4
47.08576639,9.15602554,4
47.08572699,9.15865874,4
47.08568753,9.16129194,4
47.08564801,9.16392514,4
47.09017286,8.97174353,4
47.09013769,8.97437707,4
47.09010246,8.97701061,4
47.09006716,8.97964415,3
47.09003181,8.98227769,3
47.08999640,8.98491122,3
47.08996092,8.98754475,3
47.08992539,8.99017827,3
47.08988979,8.99281179,3
47.08985414,8.99544531,3
47.08981842,8.99807882,3
47.08776105,9.14291666,3
47.08772195,9.14554997,3
47.08768279,9.14818328,3
47.08764357,9.15081659,3
47.08760429,9.15344989,4
47.08756496,9.15608319,4
47.08752556,9.15871648,4
47.08748610,9.16134977,4
47.08744658,9.16398306,4
47.08740700,9.16661634,4
47.08736735,9.16924962,4
47.08732765,9.17188289,4
47.09211160,8.96126042,4
47.09207667,8.96389407,4
47.09204168,8.96652771,4
47.09200663,8.96916135,4
47.09197151,8.97179499,3
47.09193634,8.97442862,3
47.09190111,8.97706225,3
47.09186581,8.97969588,3
47.09183046,8.98232950,3
47.09179504,8.98496312,3
47.09175957,8.98759674,3
47.09172403,8.99023035,3
47.09168843,8.99286396,3
47.09165278,8.99549757,3
47.09161706,8.99813117,3
47.09158128,9.00076477,3
47.08963763,9.13770706,3
47.08959866,9.14034047,3
47.08952052,9.14560727,3
47.08948136,9.14824067,3
47.08944214,9.15087407,3
47.08940286,9.15350746,3
47.08936352,9.15614084,4
47.08932412,9.15877422,4
47.08928466,9.16140760,4
47.08924514,9.16404098,4
47.08920555,9.16667435,4
47.08916591,9.16930772,4
47.08912621,9.17194108,4
47.08908645,9.17457444,4
47.09394513,8.95867780,4
47.09391026,8.96131154,4
47.09387533,8.96394527,4
47.09384033,8.96657900,4
47.09380528,8.96921273,4
47.09377016,8.97184646,4
47.09373499,8.97448018,3
47.09369975,8.97711390,3
47.09366446,8.97974761,3
47.09362910,8.98238133,3
47.09359368,8.98501504,3
47.09355821,8.98764874,3
47.09352267,8.99028244,3
47.09348707,8.99291614,3
47.09345141,8.99554983,3
47.09341570,8.99818353,3
47.09334408,9.00345090,3
47.09163020,9.12459656,3
47.09155278,9.12986359,3
47.09151398,9.13249709,3
47.09147513,9.13513060,3
47.09143621,9.13776410,3
47.09139723,9.14039760,3
47.09135819,9.14303109,3
47.09131909,9.14566458,3
47.09127993,9.14829807,3
47.09124071,9.15093155,3
47.09120142,9.15356503,3
47.09116208,9.15619850,3
47.09112268,9.15883197,3
47.09108322,9.16146544,3
47.09104370,9.16409890,4
47.09100411,9.16673236,4
47.09096447,9.16936582,4
47.09092477,9.17199927,4
47.09088500,9.17463272,4
47.09084518,9.17726616,4
47.09574379,8.95872883,4
47.09570891,8.96136265,4
47.09567398,8.96399648,4
47.09563898,8.96663030,4
47.09560393,8.96926412,4
47.09556881,8.97189793,4
47.09553364,8.97453174,3
47.09549840,8.97716555,3
47.09546310,8.97979935,3
47.09542774,8.98243315,3
47.09539233,8.98506695,3
47.09535685,8.98770074,3
47.09532131,8.99033453,3
47.09528571,8.99296832,3
47.09525005,8.99560210,3
47.09521433,8.99823588,3
47.09517855,9.00086966,3
47.09514271,9.00350343,3
47.09342878,9.12465316,3
47.09339010,9.12728676,3
47.09335136,9.12992036,3
47.09331256,9.13255396,3
47.09327370,9.13518755,3
47.09323478,9.13782114,3
47.09319580,9.14045473,3
47.09315676,9.14308831,3
47.09311766,9.14572189,3
47.09307849,9.14835546,3
47.09303927,9.15098903,3
47.09299999,9.15362260,3
47.09296065,9.15625616,3
47.09292124,9.15888972,4
47.09288178,9.16152328,4
47.09284225,9.16415683,4
47.09280267,9.16679038,4
47.09276303,9.16942392,4
47.09272332,9.17205746,4
47.09268355,9.17469100,4
47.09264373,9.17732453,4
47.09260384,9.17995806,4
47.09256390,9.18259158,4
47.09252389,9.18522510,4
47.09754244,8.95877986,4
47.09750756,8.96141378,4
47.09747263,8.96404769,4
47.09743763,8.96668160,4
47.09740258,8.96931550,4
47.09736746,8.97194941,4
47.09733228,8.97458330,3
47.09729704,8.97721720,3
47.09726175,8.97985109,3
47.09722639,8.98248498,3
47.09719097,8.98511887,3
47.09715549,8.98775275,3
47.09711995,8.99038663,3
47.09708435,8.99302050,3
47.09704869,8.99565437,3
47.09701297,8.99828824,3
47.09697719,9.00092211,3
47.09694135,9.00355597,3
47.09518867,9.12734346,3
47.09514993,9.12997714,3
47.09511113,9.13261083,3
47.09507227,9.13524451,3
47.09503335,9.13787819,3
47.09499437,9.14051186,3
47.09495533,9.14314553,3
47.09491622,9.14577920,3
47.09487706,9.14841286,3
47.09483784,9.15104652,3
47.09479855,9.15368018,3
47.09475921,9.15631383,4
47.09471980,9.15894748,4
47.09468034,9.16158112,3
47.09464081,9.16421476,4
47.09460123,9.16684840,4
47.09456158,9.16948203,4
47.09452187,9.17211566,4
47.09448211,9.17474928,4
47.09444228,9.17738290,4
47.09440239,9.18001652,4
47.09436244,9.18265013,4
47.09432244,9.18528374,4
47.09934109,8.95883090,4
47.09930622,8.96146490,4
47.09927128,8.96409890,4
47.09923628,8.96673290,4
47.09920122,8.96936689,4
47.09916611,8.97200088,4
47.09913093,8.97463487,4
47.09909569,8.97726885,4
47.09906039,8.97990284,4
47.09902503,8.98253681,3
47.09898961,8.98517079,3
47.09895413,8.98780476,3
47.09891859,8.99043872,3
47.09888299,8.99307269,3
47.09884733,8.99570665,3
47.09694851,9.13003393,3
47.09690970,9.13266770,3
47.09687084,9.13530147,3
47.09683192,9.13793524,3
47.09679294,9.14056900,3
47.09675389,9.14320276,3
47.09671479,9.14583652,3
47.09667562,9.14847027,3
47.09663640,9.15110401,3
47.09659711,9.15373776,3
47.09655777,9.15637150,4
47.09651836,9.15900523,4
47.09647890,9.16163897,4
47.09643937,9.16427270,4
47.09639978,9.16690642,4
47.09636014,9.16954014,4
47.09632043,9.17217386,4
47.09628066,9.17480757,4
47.09624083,9.17744128,4
47.09620094,9.18007499,4
47.10110487,8.96151603,4
47.10106993,8.96415012,4
47.10103493,8.96678420,4
47.10099987,8.96941829,4
47.10096475,8.97205236,4
47.10092957,8.97468644,4
47.10089433,8.97732051,4
47.10085903,8.97995458,4
47.10082367,8.98258865,3
47.10078825,8.98522271,3
47.10075277,8.98785677,3
47.10071723,8.99049082,3
47.10068163,8.99312488,3
47.10064596,8.99575893,3
47.10061024,8.99839297,3
47.09870828,9.13272458,3
47.09866941,9.13535844,3
47.09863049,9.13799229,3
47.09859151,9.14062615,3
47.09855246,9.14325999,3
47.09851335,9.14589384,4
47.09847419,9.14852768,4
47.09843496,9.15116151,4
47.09839568,9.15379534,4
47.09835633,9.15642917,4
47.09831692,9.15906300,4
47.09827746,9.16169682,4
47.09823793,9.16433063,4
47.09819834,9.16696445,4
47.09815869,9.16959826,4
47.09811898,9.17223206,4
47.09807921,9.17486586,4
47.09803938,9.17749966,4
47.09799949,9.18013346,4
47.09795954,9.18276725,4
47.09791953,9.18540103,4
47.10283358,8.96683551,4
47.10279852,8.96946968,4
47.10276340,8.97210385,4
47.10272822,8.97473801,4
47.10269298,8.97737218,4
47.10265768,8.98000633,4
47.10262231,8.98264049,3
47.10258689,8.98527464,3
47.10255141,8.98790878,3
47.10251587,8.99054293,3
47.10248026,8.99317707,3
47.10244460,8.99581121,3
47.10240887,8.99844534,3
47.10237309,9.00107947,3
47.10233724,9.00371360,3
47.10046798,9.13541541,3
47.10042906,9.13804935,3
47.10039007,9.14068329,3
47.10035103,9.14331723,3
47.10031192,9.14595116,3
47.10027275,9.14858509,4
47.10023353,9.15121901,4
47.10019424,9.15385293,4
47.10015489,9.15648685,4
47.10011548,9.15912076,4
47.10007601,9.16175467,4
47.10003648,9.16438858,4
47.09999689,9.16702248,4
47.09995724,9.16965638,4
47.09991753,9.17229027,4
47.09987776,9.17492416,4
47.09983793,9.17755805,4
47.09979804,9.18019193,4
47.10452686,8.97478959,4
47.10449162,8.97742384,4
47.10445632,8.98005809,4
47.10442095,8.98269233,4
47.10438553,8.98532657,3
47.10435005,8.98796080,4
47.10431450,8.99059504,4
47.10427890,8.99322927,3
47.10424323,8.99586349,3
47.10420751,8.99849771,3
47.10417172,9.00113193,3
47.10222763,9.13810641,3
47.10218864,9.14074044,3
47.10214959,9.14337447,3
47.10211048,9.14600849,3
47.10207132,9.14864250,3
47.10203209,9.15127652,4
47.10199280,9.15391053,4
47.10195345,9.15654453,4
47.10191404,9.15917853,4
47.10187457,9.16181253,4
47.10183504,9.16444652,4
47.10179545,9.16708051,4
47.10175580,9.16971450,4
47.10171608,9.17234848,4
47.10167631,9.17498246,4
47.10159659,9.18025041,4
47.10639581,8.96957249,4
47.10636069,8.97220683,4
47.10632551,8.97484117,4
47.10629026,8.97747551,4
47.10625496,8.98010984,4
47.10621959,8.98274417,4
47.10618417,8.98537850,4
47.10614868,8.98801283,4
47.10611314,8.99064715,3
47.10607753,8.99328146,3
47.10604187,8.99591578,3
47.10600614,8.99855009,3
47.10597035,9.00118440,3
47.10398721,9.14079760,3
47.10394816,9.14343171,3
47.10390905,9.14606582,3
47.10386988,9.14869992,3
47.10383065,9.15133402,3
47.10379136,9.15396812,4
47.10375201,9.15660222,4
47.10371260,9.15923631,4
47.10367313,9.16187039,4
47.10363359,9.16450447,4
47.10359400,9.16713855,4
47.10355435,9.16977263,4
47.10347486,9.17504077,4
47.10826452,8.96435502,4
47.10822952,8.96698946,4
47.10819446,8.96962389,4
47.10815933,8.97225833,4
47.10812415,8.97489275,4
47.10808890,8.97752718,4
47.10805360,8.98016160,4
47.10801823,8.98279602,4
47.10798281,8.98543044,4
47.10794732,8.98806485,4
47.10791177,8.99069926,3
47.10787617,8.99333367,3
47.10784050,8.99596807,3
47.10578577,9.14085475,3
47.10574672,9.14348895,3
47.10570761,9.14612315,3
47.10566844,9.14875735,3
47.10562921,9.15139154,3
47.10558992,9.15402572,3
47.10555057,9.15665990,3
47.10551115,9.15929408,4
47.10547168,9.16192826,4
47.10543215,9.16456243,4
47.10539255,9.16719659,4
47.10535290,9.16983076,4
47.11009811,8.96177172,4
47.11006317,8.96440625,4
47.10999310,8.96967530,4
47.10995797,8.97230982,4
47.10992279,8.97494434,4
47.10988754,8.97757886,4
47.10985224,8.98021337,4
47.10981687,8.98284788,4
47.10978144,8.98548238,3
47.10974596,8.98811688,3
47.10971041,8.99075138,3
47.10758434,9.14091192,3
47.10754529,9.14354620,3
47.10750617,9.14618049,3
47.10746700,9.14881477,3
47.10742777,9.15144905,3
47.10738848,9.15408333,3
47.10734912,9.15671760,3
47.10730971,9.15935186,3
47.10727024,9.16198613,4
47.10723070,9.16462039,4
47.10719111,9.16725464,4
47.10715145,9.16988889,4
47.10711173,9.17252314,4
47.11179174,8.96972672,4
47.11175662,8.97236133,4
47.11172143,8.97499593,4
47.11168618,8.97763054,4
47.11165088,8.98026514,4
47.11161551,8.98289973,3
47.11158008,8.98553433,3
47.11154459,8.98816891,3
47.11150904,8.99080350,3
47.10946082,9.13570031,3
47.10942189,9.13833470,3
47.10938290,9.14096908,3
47.10934385,9.14360346,3
47.10930473,9.14623783,3
47.10926556,9.14887220,3
47.10922633,9.15150657,3
47.10918703,9.15414093,3
47.10914768,9.15677529,3
47.10910826,9.15940965,3
47.10906879,9.16204400,4
47.10902925,9.16467835,4
47.10898966,9.16731269,4
47.10895000,9.16994703,4
47.10891028,9.17258137,4
47.11359039,8.96977813,4
47.11355526,8.97241283,4
47.11352007,8.97504753,4
47.11348482,8.97768222,4
47.11344951,8.98031691,4
47.11341415,8.98295159,3
47.11337872,8.98558627,3
47.11334323,8.98822095,3
47.11330768,8.99085563,3
47.11122046,9.13839178,3
47.11118146,9.14102625,3
47.11114241,9.14366072,3
47.11110330,9.14629518,3
47.11106412,9.14892964,3
47.11102489,9.15156409,3
47.11098559,9.15419854,3
47.11094623,9.15683299,3
47.11090682,9.15946744,3
47.11086734,9.16210188,3
47.11082780,9.16473631,4
47.11078821,9.16737075,4
47.11074855,9.17000517,4
47.11070883,9.17263960,4
47.11066905,9.17527402,4
47.11545910,8.96455997,4
47.11542410,8.96719476,4
47.11538903,8.96982955,4
47.11535390,8.97246434,4
47.11531871,8.97509912,4
47.11528346,8.97773390,4
47.11524815,8.98036868,3
47.11521278,8.98300345,3
47.11517735,8.98563822,3
47.11514186,8.98827299,3
47.11510631,8.99090775,3
47.11298003,9.14108342,3
47.11294097,9.14371798,3
47.11290186,9.14635253,3
47.11286268,9.14898708,3
47.11282344,9.15162162,3
47.11278415,9.15425616,3
47.11274479,9.15689070,3
47.11270537,9.15952523,3
47.11266589,9.16215976,3
47.11262636,9.16479428,4
47.11258676,9.16742880,4
47.11254710,9.17006332,4
47.11250738,9.17269783,4
47.11246760,9.17533234,4
47.11242776,9.17796685,4
47.11238786,9.18060135,4
47.11234790,9.18323585,4
47.11725775,8.96461121,4
47.11722274,8.96724610,4
47.11718767,8.96988098,4
47.11715254,8.97251585,4
47.11711735,8.97515072,4
47.11708210,8.97778559,3
47.11704679,8.98042046,3
47.11701142,8.98305532,3
47.11697598,8.98569018,3
47.11694049,8.98832503,3
47.11690494,8.99095989,3
47.11686933,8.99359473,3
47.11481758,9.13850595,3
47.11477859,9.14114060,3
47.11473953,9.14377524,3
47.11470041,9.14640988,3
47.11466124,9.14904452,3
47.11462200,9.15167915,3
47.11458270,9.15431378,3
47.11454334,9.15694840,3
47.11450392,9.15958303,3
47.11446445,9.16221764,4
47.11442491,9.16485226,4
47.11438531,9.16748687,4
47.11434565,9.17012147,4
47.11430592,9.17275607,4
47.11426614,9.17539067,4
47.11422630,9.17802527,4
47.11418640,9.18065986,4
47.11414644,9.18329444,4
47.11905639,8.96466246,4
47.11902138,8.96729744,4
47.11898631,8.96993240,4
47.11895118,8.97256737,4
47.11891599,8.97520233,4
47.11888074,8.97783728,4
47.11884542,8.98047224,3
47.11881005,8.98310719,3
47.11877462,8.98574214,3
47.11873912,8.98837708,3
47.11870357,8.99101202,3
47.11866796,8.99364696,3
47.11863228,8.99628189,3
47.11657715,9.14119778,3
47.11653809,9.14383251,3
47.11649897,9.14646724,3
47.11645979,9.14910196,3
47.11642056,9.15173669,3
47.11638126,9.15437140,3
47.11634190,9.15700612,3
47.11630248,9.15964082,3
47.11626300,9.16227553,3
47.11622346,9.16491023,4
47.11618385,9.16754493,4
47.11614419,9.17017962,4
47.11610447,9.17281432,4
47.11606469,9.17544900,4
47.11602484,9.17808368,4
47.11598494,9.18071836,4
47.11594498,9.18335304,4
47.12078495,8.96998383,4
47.12074982,8.97261889,4
47.12071462,8.97525393,4
47.12067937,8.97788898,4
47.12064406,8.98052402,4
47.12060868,8.98315906,4
47.12057325,8.98579410,3
47.12053776,8.98842913,3
47.12050220,8.99106416,3
47.12046659,8.99369918,3
47.12043091,8.99633421,3
47.12039517,8.99896922,3
47.12035938,9.00160424,3
47.12032352,9.00423925,3
47.11837571,9.14125496,3
47.11833665,9.14388978,3
47.11829753,9.14652460,3
47.11825835,9.14915941,3
47.11821911,9.15179422,3
47.11817981,9.15442903,3
47.11814045,9.15706383,3
47.11810103,9.15969863,3
47.11806155,9.16233342,3
47.11802200,9.16496821,4
47.11798240,9.16760300,4
47.11794274,9.17023778,4
47.11790301,9.17287256,4
47.11786323,9.17550734,4
47.11782339,9.17814211,4
47.11778348,9.18077688,4
47.11774352,9.18341164,4
47.11770349,9.18604640,4
47.12258359,8.97003527,4
47.12254845,8.97267041,4
47.12251326,8.97530555,4
47.12247801,8.97794068,4
47.12244269,8.98057581,4
47.12240732,8.98321094,4
47.12237188,8.98584606,3
47.12233639,8.98848118,3
47.12230083,8.99111630,3
47.12226521,8.99375141,3
47.12222954,8.99638653,3
47.12219380,8.99902163,3
47.12215800,9.00165674,3
47.12212214,9.00429184,3
47.12201421,9.01219712,3
47.12013521,9.14394706,3
47.12009609,9.14658197,3
47.12005691,9.14921687,3
47.12001767,9.15185177,3
47.11997836,9.15448666,3
47.11993900,9.15712155,3
47.11989958,9.15975644,4
47.11986010,9.16239132,4
47.11982055,9.16502620,4
47.11978095,9.16766107,4
47.11974128,9.17029594,4
47.11970156,9.17293081,4
47.11966177,9.17556568,4
47.11962193,9.17820054,4
47.11958202,9.18083539,4
47.11954206,9.18347024,4
47.12441730,8.96745147,4
47.12438223,8.97008670,4
47.12434709,8.97272193,4
47.12431190,8.97535716,4
47.12427664,8.97799238,4
47.12424133,8.98062760,4
47.12420595,8.98326282,3
47.12417051,8.98589803,3
47.12413502,8.98853324,3
47.12409946,8.99116845,3
47.12406384,8.99380365,3
47.12402816,8.99643885,3
47.12399243,8.99907404,3
47.12395663,9.00170924,3
47.12392077,9.00434442,3
47.12388485,9.00697961,3
47.12384887,9.00961479,3
47.12193377,9.14400434,3
47.12189464,9.14663933,3
47.12185546,9.14927432,3
47.12181622,9.15190931,3
47.12177692,9.15454429,3
47.12173755,9.15717927,3
47.12169813,9.15981425,4
47.12165864,9.16244922,4
47.12161910,9.16508419,4
47.12157949,9.16771915,4
47.12153983,9.17035411,4
47.12150010,9.17298907,4
47.12146032,9.17562402,4
47.12142047,9.17825897,4
47.12138056,9.18089391,4
47.12134059,9.18352885,4
47.12130056,9.18616379,4
47.12625095,8.96486750,4
47.12621594,8.96750282,4
47.12618086,8.97013814,4
47.12614573,8.97277346,4
47.12611053,8.97540878,4
47.12607528,8.97804409,4
47.12603996,8.98067940,3
47.12600458,8.98331470,3
47.12596914,8.98595000,3
47.12593365,8.98858530,3
47.12589809,8.99122059,3
47.12586247,8.99385589,3
47.12582679,8.99649117,3
47.12579105,8.99912646,3
47.12575525,9.00176174,3
47.12571939,9.00439702,3
47.12568347,9.00703229,3
47.12564749,9.00966756,3
47.12561145,9.01230283,3
47.12369320,9.14669671,3
47.12365402,9.14933179,3
47.12361477,9.15196686,3
47.12357547,9.15460193,3
47.12353610,9.15723700,3
47.12349668,9.15987206,3
47.12345719,9.16250712,4
47.12341765,9.16514218,4
47.12337804,9.16777723,4
47.12333837,9.17041228,4
47.12329864,9.17304732,4
47.12325886,9.17568236,4
47.12321901,9.17831740,4
47.12317910,9.18095243,4
47.12313913,9.18358746,4
47.12309910,9.18622249,4
47.12808455,8.96228335,4
47.12804959,8.96491876,4
47.12801458,8.96755418,4
47.12797950,8.97018959,4
47.12794436,8.97282499,4
47.12790917,8.97546040,4
47.12787391,8.97809580,4
47.12783859,8.98073119,4
47.12780321,8.98336659,3
47.12776777,8.98600198,3
47.12773227,8.98863736,3
47.12769672,8.99127275,3
47.12766110,8.99390813,3
47.12762541,8.99654350,3
47.12758967,8.99917888,3
47.12755387,9.00181424,3
47.12751801,9.00444961,3
47.12748209,9.00708497,3
47.12744611,9.00972033,3
47.12741006,9.01235569,3
47.12737396,9.01499104,3
47.12545257,9.14938925,3
47.12541332,9.15202441,3
47.12537402,9.15465957,3
47.12533465,9.15729473,3
47.12529523,9.15992988,3
47.12525574,9.16256503,4
47.12521619,9.16520017,4
47.12517658,9.16783531,4
47.12513691,9.17047045,4
47.12509719,9.17310558,4
47.12505740,9.17574071,4
47.12501755,9.17837584,4
47.12497764,9.18101096,4
47.12493767,9.18364608,4
47.12489764,9.18628119,4
47.12988319,8.96233453,4
47.12984823,8.96497003,4
47.12981321,8.96760554,4
47.12977813,8.97024103,4
47.12974300,8.97287653,4
47.12970780,8.97551202,4
47.12967254,8.97814751,4
47.12963722,8.98078300,4
47.12960184,8.98341848,4
47.12956640,8.98605396,4
47.12953090,8.98868943,3
47.12949534,8.99132490,3
47.12945972,8.99396037,3
47.12942404,8.99659584,3
47.12938830,8.99923130,3
47.12935249,9.00186675,3
47.12931663,9.00450221,3
47.12928071,9.00713766,3
47.12924472,9.00977311,3
47.12920868,9.01240855,3
47.12732943,9.14417620,3
47.12729031,9.14681146,3
47.12725112,9.14944672,3
47.12721188,9.15208197,3
47.12717257,9.15471722,3
47.12713320,9.15735246,3
47.12709377,9.15998770,3
47.12705428,9.16262294,4
47.12701474,9.16525817,4
47.12697513,9.16789340,4
47.12693546,9.17052863,4
47.12689573,9.17316385,4
47.12685594,9.17579907,4
47.12681609,9.17843428,4
47.12677617,9.18106949,4
47.12673620,9.18370470,4
47.12669617,9.18633990,4
47.12665608,9.18897510,4
47.13168182,8.96238571,4
47.13164687,8.96502131,4
47.13161185,8.96765690,4
47.13157677,8.97029249,4
47.13154163,8.97292807,4
47.13150643,8.97556365,4
47.13147117,8.97819923,4
47.13143585,8.98083480,4
47.13140047,8.98347037,4
47.13136503,8.98610594,4
47.13132953,8.98874150,4
47.13129397,8.99137706,3
47.13125835,8.99401262,3
47.13122266,8.99664817,3
47.13118692,8.99928372,3
47.13115112,9.00191927,3
47.13111525,9.00455481,3
47.13107933,9.00719035,3
47.13104334,9.00982589,3
47.13100730,9.01246142,3
47.13097119,9.01509695,3
47.12912799,9.14423350,3
47.12908886,9.14686885,3
47.12904967,9.14950419,3
47.12901043,9.15213953,3
47.12897112,9.15477487,3
47.12893175,9.15741020,3
47.12889232,9.16004553,3
47.12885283,9.16268086,4
47.12881328,9.16531618,4
47.12877367,9.16795150,4
47.12873400,9.17058681,4
47.12869427,9.17322212,4
47.12865448,9.17585743,4
47.12861462,9.17849273,4
47.12857471,9.18112803,4
47.13348046,8.96243690,4
47.13344550,8.96507258,4
47.13341048,8.96770826,4
47.13337540,8.97034394,4
47.13334026,8.97297961,4
47.13330506,8.97561528,4
47.13326980,8.97825095,4
47.13323448,8.98088661,4
47.13319910,8.98352227,4
47.13316366,8.98615792,4
47.13312816,8.98879357,3
47.13309259,8.99142922,3
47.13305697,8.99406487,3
47.13302128,8.99670051,3
47.13298554,8.99933615,3
47.13294974,9.00197178,3
47.13291387,9.00460742,3
47.13287795,9.00724304,3
47.13284196,9.00987867,3
47.13280591,9.01251429,3
47.13084823,9.14956167,3
47.13080898,9.15219710,3
47.13076967,9.15483252,3
47.13073030,9.15746794,3
47.13069087,9.16010336,3
47.13065138,9.16273877,3
47.13061182,9.16537418,4
47.13057221,9.16800959,4
47.13053254,9.17064499,4
47.13049281,9.17328039,4
47.13045301,9.17591579,4
47.13041316,9.17855118,4
47.13527910,8.96248809,4
47.13524414,8.96512386,4
47.13520912,8.96775963,4
47.13517404,8.97039540,4
47.13513890,8.97303116,4
47.13510370,8.97566691,4
47.13506843,8.97830267,4
47.13503311,8.98093842,4
47.13499773,8.98357417,4
47.13496228,8.98620991,3
47.13492678,8.98884565,3
47.13489122,8.99148139,3
47.13485559,8.99411712,3
47.13481991,8.99675285,3
47.13478416,8.99938858,3
47.13474836,9.00202430,3
47.13471249,9.00466002,3
47.13467656,9.00729574,3
47.13464058,9.00993145,3
47.13460453,9.01256716,3
47.13456842,9.01520287,3
47.13264678,9.14961915,3
47.13260753,9.15225466,3
47.13256821,9.15489018,3
47.13252884,9.15752569,3
47.13248941,9.16016119,3
47.13244992,9.16279670,4
47.13241037,9.16543220,4
47.13237075,9.16806769,4
47.13233108,9.17070318,4
47.13229135,9.17333867,4
47.13225155,9.17597415,4
47.13221170,9.17860963,4
47.13217178,9.18124511,4
47.13711264,8.95990342,4
47.13707773,8.96253929,4
47.13704277,8.96517515,4
47.13700775,8.96781100,4
47.13697267,8.97044686,4
47.13693753,8.97308271,4
47.13690233,8.97571855,4
47.13686706,8.97835440,4
47.13683174,8.98099023,4
47.13679635,8.98362607,4
47.13676091,8.98626190,4
47.13672541,8.98889773,3
47.13668984,8.99153356,3
47.13665421,8.99416938,3
47.13661853,8.99680520,3
47.13658278,8.99944102,3
47.13654697,9.00207683,3
47.13651111,9.00471264,3
47.13647518,9.00734844,3
47.13643919,9.00998424,3
47.13640314,9.01262004,3
47.13444533,9.14967663,3
47.13440607,9.15231224,3
47.13436676,9.15494784,3
47.13432739,9.15758344,3
47.13428796,9.16021903,3
47.13424846,9.16285462,3
47.13420891,9.16549021,4
47.13416929,9.16812579,4
47.13412962,9.17076137,4
47.13408988,9.17339695,4
47.13405009,9.17603252,4
47.13401023,9.17866809,4
47.13397032,9.18130365,4
47.13393034,9.18393922,4
47.13891127,8.95995453,4
47.13887637,8.96259049,4
47.13884141,8.96522643,4
47.13880639,8.96786238,4
47.13877130,8.97049832,4
47.13873616,8.97313426,4
47.13870096,8.97577019,4
47.13866569,8.97840613,4
47.13863037,8.98104205,4
47.13859498,8.98367798,4
47.13855954,8.98631390,4
47.13852403,8.98894982,4
47.13848846,8.99158573,4
47.13845284,8.99422164,4
47.13841715,8.99685755,3
47.13838140,8.99949345,3
47.13834559,9.00212935,3
47.13830972,9.00476525,3
47.13827379,9.00740115,3
47.13823780,9.01003704,3
47.13820175,9.01267292,3
47.13620462,9.15236981,3
47.13616531,9.15500550,3
47.13612593,9.15764119,3
47.13608650,9.16027687,3
47.13604700,9.16291255,3
47.13600745,9.16554823,3
47.13596783,9.16818390,3
47.13592816,9.17081957,4
47.13588842,9.17345523,4
47.13584862,9.17609090,4
47.13580877,9.17872655,4
47.13576885,9.18136220,4
47.13572887,9.18399785,4
47.14067500,8.96264169,4
47.14064004,8.96527772,4
47.14060502,8.96791376,4
47.14056993,8.97054979,4
47.14053479,8.97318581,4
47.14049958,8.97582184,4
47.14046432,8.97845786,4
47.14042899,8.98109387,4
47.14039361,8.98372989,4
47.14035816,8.98636590,4
47.14032265,8.98900190,4
47.14028708,8.99163791,4
47.14025146,8.99427391,3
47.14021577,8.99690990,3
47.14018002,8.99954590,3
47.14014421,9.00218188,3
47.14010834,9.00481787,3
47.14007241,9.00745385,3
47.14003642,9.01008983,3
47.13800317,9.15242739,3
47.13796385,9.15506317,3
47.13792448,9.15769895,3
47.13788504,9.16033472,3
47.13784555,9.16297049,3
47.13780599,9.16560625,3
47.13776637,9.16824201,3
47.13772670,9.17087777,4
47.13768696,9.17351352,4
47.13764716,9.17614927,4
47.13760730,9.17878502,4
47.13756738,9.18142076,4
47.14236856,8.97060126,4
47.14233342,8.97323737,4
47.14229821,8.97587349,4
47.14226295,8.97850959,4
47.14222762,8.98114570,4
47.14219223,8.98378180,4
47.14215678,8.98641790,4
47.14212127,8.98905399,4
47.14208571,8.99169009,4
47.14205008,8.99432617,4
47.14201439,8.99696226,4
47.14197864,8.99959834,4
47.14194283,9.00223442,3
47.14190695,9.00487049,3
47.14187102,9.00750656,3
47.14183503,9.01014263,3
47.13980171,9.15248498,3
47.13976240,9.15512084,3
47.13972302,9.15775671,3
47.13968358,9.16039257,3
47.13964409,9.16302843,3
47.13960453,9.16566428,4
47.13956491,9.16830013,3
47.13952523,9.17093597,4
47.13948549,9.17357181,4
47.13944569,9.17620765,4
47.13940583,9.17884349,4
47.13936591,9.18147932,4
47.14416719,8.97065273,4
47.14413205,8.97328894,4
47.14409684,8.97592514,4
47.14406157,8.97856133,4
47.14402624,8.98119753,4
47.14399085,8.98383372,4
47.14395541,8.98646991,4
47.14391990,8.98910609,4
47.14388433,8.99174227,4
47.14384870,8.99437845,4
47.14381300,8.99701462,4
47.14377725,8.99965079,3
47.14374144,9.00228696,3
47.14370557,9.00492312,3
47.14366964,9.00755928,3
47.14163952,9.14990660,3
47.14160026,9.15254256,3
47.14156094,9.15517852,3
47.14152156,9.15781447,3
47.14148213,9.16045042,3
47.14144263,9.16308637,3
47.14140307,9.16572231,4
47.14136345,9.16835825,4
47.14132377,9.17099418,4
47.14128403,9.17363011,4
47.14124423,9.17626604,4
47.14120437,9.17890196,4
47.14116444,9.18153788,4
47.14112446,9.18417379,4
47.14596582,8.97070421,4
47.14593067,8.97334050,4
47.14589547,8.97597679,4
47.14586020,8.97861308,4
47.14582487,8.98124936,4
47.14578948,8.98388564,4
47.14575403,8.98652191,4
47.14571852,8.98915819,4
47.14568295,8.99179446,4
47.14564731,8.99443072,4
47.14561162,8.99706698,4
47.14557587,8.99970324,4
47.14554006,9.00233950,3
47.14550418,9.00497575,3
47.14546825,9.00761200,3
47.14335949,9.15523620,3
47.14332011,9.15787224,3
47.14328067,9.16050828,3
47.14324117,9.16314431,3
47.14320161,9.16578034,3
47.14316199,9.16841637,4
47.14312230,9.17105239,4
47.14308256,9.17368841,4
47.14304276,9.17632443,4
47.14300290,9.17896044,4
47.14296297,9.18159644,4
47.14292299,9.18423245,4
47.14783457,8.96548292,4
47.14779954,8.96811931,4
47.14776445,8.97075569,4
47.14772930,8.97339207,4
47.14769409,8.97602845,4
47.14765882,8.97866482,4
47.14762349,8.98130120,4
47.14758810,8.98393756,4
47.14755265,8.98657393,4
47.14751714,8.98921029,4
47.14748156,8.99184665,4
47.14744593,8.99448300,4
47.14741024,8.99711935,4
47.14737448,8.99975570,3
47.14733867,9.00239204,3
47.14730280,9.00502838,3
47.14726686,9.00766472,3
47.14723087,9.01030105,3
47.14515803,9.15529388,3
47.14511865,9.15793001,3
47.14507921,9.16056614,3
47.14503971,9.16320226,3
47.14500014,9.16583838,3
47.14496052,9.16847450,3
47.14492084,9.17111061,4
47.14488110,9.17374671,4
47.14484129,9.17638282,4
47.14480143,9.17901892,4
47.14476150,9.18165501,4
47.14472152,9.18429111,4
47.14963320,8.96553423,4
47.14959817,8.96817070,4
47.14956308,8.97080718,4
47.14952793,8.97344365,4
47.14949272,8.97608011,4
47.14945745,8.97871657,4
47.14942211,8.98135303,4
47.14938672,8.98398949,4
47.14935127,8.98662594,4
47.14931576,8.98926239,4
47.14928018,8.99189884,4
47.14924455,8.99453528,4
47.14920885,8.99717172,4
47.14917310,8.99980816,3
47.14913728,9.00244459,3
47.14910141,9.00508102,3
47.14906547,9.00771744,3
47.14902948,9.01035386,3
47.14695657,9.15535157,3
47.14691719,9.15798779,3
47.14687775,9.16062400,3
47.14683824,9.16326021,3
47.14679868,9.16589642,3
47.14675906,9.16853263,4
47.14671937,9.17116883,4
47.14667963,9.17380502,4
47.14663982,9.17644121,4
47.14659996,9.17907740,4
47.14656003,9.18171359,4
47.14652005,9.18434977,4
47.14648000,9.18698594,4
47.15132655,8.97349522,4
47.15125607,8.97876833,4
47.15122074,8.98140488,4
47.15118534,8.98404142,4
47.15114989,8.98667796,4
47.15111437,8.98931450,4
47.15107880,8.99195103,4
47.15104316,8.99458757,4
47.15100747,8.99722409,4
47.15097171,8.99986062,3
47.15093590,9.00249714,3
47.15090002,9.00513366,3
47.15086408,9.00777017,3
47.15082808,9.01040668,3
47.14875511,9.15540926,3
47.14871573,9.15804557,3
47.14867628,9.16068187,3
47.14863678,9.16331817,3
47.14859722,9.16595447,3
47.14855759,9.16859076,4
47.14851791,9.17122705,4
47.14847816,9.17386333,4
47.14843835,9.17649961,4
47.14839849,9.17913589,4
47.14835856,9.18177216,4
47.14831857,9.18440843,4
47.14827852,9.18704470,4
47.15305469,8.97882008,4
47.15301936,8.98145672,4
47.15298396,8.98409335,4
47.15294851,8.98672998,4
47.15291299,8.98936661,4
47.15287742,8.99200323,4
47.15284178,8.99463985,4
47.15280608,8.99727647,4
47.15277033,8.99991308,3
47.15273451,9.00254969,3
47.15269863,9.00518630,3
47.15266269,9.00782290,3
47.15262669,9.01045950,3
47.15055365,9.15546695,3
47.15051427,9.15810335,3
47.15047482,9.16073974,3
47.15043532,9.16337613,3
47.15039575,9.16601252,3
47.15035612,9.16864890,4
47.15031644,9.17128527,4
47.15027669,9.17392165,4
47.15023688,9.17655802,4
47.15019702,9.17919438,4
47.15015709,9.18183074,4
47.15011710,9.18446710,4
47.15007705,9.18710346,4
47.15478258,8.98414529,4
47.15474713,8.98678201,4
47.15471161,8.98941873,4
47.15467603,8.99205544,4
47.15464039,8.99469215,4
47.15460470,8.99732885,4
47.15456894,8.99996555,4
47.15453312,9.00260225,3
47.15449724,9.00523895,3
47.15446130,9.00787564,3
47.15442530,9.01051232,3
47.15438924,9.01314901,3
47.15239152,9.15288816,3
47.15235219,9.15552465,3
47.15231280,9.15816114,3
47.15227336,9.16079762,3
47.15223385,9.16343410,3
47.15219428,9.16607057,3
47.15215466,9.16870704,4
47.15211497,9.17134350,4
47.15207522,9.17397997,4
47.15203541,9.17661642,4
47.15199554,9.17925288,4
47.15195561,9.18188933,4
47.15191562,9.18452578,4
47.15187557,9.18716222,4
47.15661660,8.98156042,4
47.15658120,8.98419723,4
47.15654574,8.98683404,4
47.15651023,8.98947084,4
47.15647465,8.99210764,4
47.15643901,8.99474444,4
47.15640331,8.99738124,4
47.15636755,9.00001803,3
47.15633173,9.00265481,3
47.15629585,9.00529160,3
47.15625991,9.00792838,3
47.15622391,9.01056515,3
47.15618784,9.01320192,3
47.15419006,9.15294578,3
47.15415073,9.15558236,3
47.15411134,9.15821893,3
47.15407189,9.16085550,3
47.15403239,9.16349206,3
47.15399282,9.16612863,3
47.15395319,9.16876518,3
47.15391350,9.17140174,4
47.15387375,9.17403829,4
47.15383394,9.17667484,4
47.15379407,9.17931138,4
47.15375414,9.18194792,4
47.15371415,9.18458445,4
47.15837982,8.98424918,4
47.15834436,8.98688607,4
47.15830884,8.98952297,4
47.15827326,8.99215986,4
47.15823762,8.99479674,4
47.15820192,8.99743362,3
47.15816616,9.00007050,3
47.15813034,9.00270738,3
47.15809446,9.00534425,3
47.15805852,9.00798112,3
47.15802251,9.01061798,3
47.15798645,9.01325484,3
47.15795033,9.01589170,3
47.15791414,9.01852856,3
47.15641721,9.12399982,3
47.15637855,9.12663653,3
47.15602786,9.15036673,3
47.15598859,9.15300340,3
47.15594927,9.15564006,3
47.15590988,9.15827672,3
47.15587043,9.16091338,3
47.15583092,9.16355004,3
47.15579135,9.16618669,3
47.15575172,9.16882333,3
47.15571203,9.17145998,4
47.15567228,9.17409662,4
47.15563247,9.17673325,4
47.15559260,9.17936988,4
47.15555266,9.18200651,4
47.15551267,9.18464313,4
47.16014298,8.98693811,4
47.16010746,8.98957509,4
47.16007187,8.99221207,4
47.16003623,8.99484904,4
47.16000053,8.99748601,3
47.15996477,9.00012298,3
47.15992895,9.00275995,3
47.15989306,9.00539691,3
47.15985712,9.00803386,3
47.15982112,9.01067082,3
47.15978505,9.01330777,3
47.15974893,9.01594471,3
47.15971274,9.01858166,3
47.15875071,9.08714094,3
47.15821576,9.12405647,3
47.15817710,9.12669327,3
47.15813837,9.12933006,3
47.15809959,9.13196685,3
47.15806074,9.13460363,3
47.15802184,9.13724041,3
47.15798287,9.13987719,3
47.15790476,9.14515073,3
47.15786561,9.14778750,3
47.15782640,9.15042426,3
47.15778713,9.15306102,3
47.15774780,9.15569777,3
47.15770841,9.15833452,3
47.15766896,9.16097127,3
47.15762945,9.16360801,3
47.15758988,9.16624475,3
47.15755025,9.16888149,3
47.15751056,9.17151822,4
47.15747081,9.17415495,4
47.15743099,9.17679167,4
47.15739112,9.17942839,4
47.15735119,9.18206511,4
47.15731119,9.18470182,4
47.15727114,9.18733853,4
47.16197705,8.98435308,4
47.16194159,8.98699015,4
47.16190607,8.98962722,4
47.16187049,8.99226429,4
47.16183484,8.99490135,4
47.16179914,8.99753841,3
47.16176338,9.00017546,3
47.16172756,9.00281252,3
47.16169167,9.00544957,3
47.16165573,9.00808661,3
47.16161972,9.01072365,3
47.16158366,9.01336069,3
47.16154753,9.01599773,3
47.16151134,9.01863476,3
47.16066237,9.07928552,3
47.16062473,9.08192247,3
47.16058704,9.08455941,3
47.16054928,9.08719635,3
47.16051146,9.08983329,3
47.16047358,9.09247022,3
47.16005292,9.12147623,3
47.16001431,9.12411312,3
47.15997565,9.12675000,3
47.15993692,9.12938688,3
47.15989814,9.13202376,3
47.15985929,9.13466063,3
47.15982038,9.13729750,3
47.15978141,9.13993437,3
47.15974239,9.14257123,3
47.15970330,9.14520809,3
47.15966415,9.14784494,3
47.15962494,9.15048179,3
47.15958567,9.15311864,3
47.15954634,9.15575548,3
47.15950695,9.15839232,3
47.15946750,9.16102916,3
47.15942799,9.16366599,3
47.15938841,9.16630282,3
47.15934878,9.16893964,3
47.15930909,9.17157646,4
47.15926933,9.17421328,4
47.15922952,9.17685009,4
47.15918965,9.17948690,4
47.15914971,9.18212371,4
47.15910972,9.18476051,4
47.16374020,8.98704219,4
47.16370468,8.98967935,4
47.16366910,8.99231651,4
47.16363346,8.99495366,4
47.16359775,8.99759081,3
47.16356199,9.00022795,3
47.16352616,9.00286509,3
47.16349028,9.00550223,3
47.16345433,9.00813936,3
47.16341833,9.01077650,3
47.16338226,9.01341362,3
47.16334613,9.01605075,3
47.16246094,9.07934067,3
47.16242331,9.08197770,3
47.16238561,9.08461473,3
47.16234785,9.08725176,3
47.16231003,9.08988879,3
47.16227215,9.09252581,3
47.16223421,9.09516283,3
47.16219620,9.09779984,3
47.16189002,9.11889582,3
47.16185147,9.12153280,3
47.16181286,9.12416977,3
47.16177420,9.12680675,3
47.16173547,9.12944372,3
47.16169668,9.13208068,3
47.16165783,9.13471764,3
47.16161893,9.13735460,3
47.16157996,9.13999155,3
47.16154093,9.14262851,3
47.16150184,9.14526545,3
47.16146269,9.14790240,3
47.16142348,9.15053933,3
47.16138421,9.15317627,3
47.16134487,9.15581320,3
47.16130548,9.15845013,3
47.16126603,9.16108705,3
47.16122652,9.16372397,3
47.16118694,9.16636089,3
47.16114731,9.16899780,4
47.16110762,9.17163471,4
47.16106786,9.17427162,4
47.16102805,9.17690852,4
47.16098817,9.17954542,4
47.16094823,9.18218231,4
47.16090824,9.18481920,4
47.16557428,8.98445699,4
47.16553882,8.98709424,4
47.16550329,8.98973149,4
47.16546771,8.99236873,4
47.16543207,8.99500597,4
47.16539636,8.99764321,3
47.16536059,9.00028044,3
47.16532477,9.00291767,3
47.16528888,9.00555490,3
47.16525294,9.00819212,3
47.16521693,9.01082934,3
47.16518086,9.01346656,3
47.16514473,9.01610377,3
47.16429709,9.07675869,3
47.16425952,9.07939582,3
47.16422188,9.08203294,3
47.16418417,9.08467006,3
47.16414641,9.08730718,3
47.16410859,9.08994429,3
47.16407071,9.09258140,3
47.16403277,9.09521851,3
47.16399477,9.09785561,3
47.16395670,9.10049271,3
47.16391858,9.10312980,3
47.16368857,9.11895230,3
47.16365002,9.12158936,3
47.16361141,9.12422643,3
47.16357275,9.12686349,3
47.16353402,9.12950055,3
47.16349523,9.13213760,3
47.16345638,9.13477465,3
47.16341747,9.13741170,3
47.16337850,9.14004874,3
47.16333947,9.14268578,3
47.16330038,9.14532282,3
47.16326123,9.14795985,3
47.16322201,9.15059688,3
47.16318274,9.15323390,3
47.16314341,9.15587092,3
47.16310402,9.15850794,3
47.16306456,9.16114495,3
47.16302505,9.16378196,3
47.16298547,9.16641897,3
47.16294584,9.16905597,4
47.16290614,9.17169297,4
47.16286639,9.17432996,4
47.16282657,9.17696695,4
47.16278669,9.17960394,4
47.16274675,9.18224092,4
47.16270676,9.18487790,4
47.16733743,8.98714629,4
47.16730191,8.98978363,4
47.16726632,8.99242096,4
47.16723067,8.99505829,4
47.16719497,8.99769561,4
47.16715920,9.00033293,3
47.16712337,9.00297025,3
47.16708749,9.00560757,3
47.16705154,9.00824488,3
47.16701553,9.01088219,3
47.16697946,9.01351949,3
47.16694333,9.01615679,3
47.16609567,9.07681375,3
47.16605809,9.07945097,3
47.16602044,9.08208818,3
47.16598274,9.08472539,3
47.16594498,9.08736260,3
47.16590716,9.08999980,3
47.16586928,9.09263700,3
47.16583133,9.09527419,3
47.16579333,9.09791138,3
47.16575526,9.10054857,3
47.16571714,9.10318575,3
47.16567895,9.10582293,3
47.16564071,9.10846011,3
47.16560240,9.11109728,3
47.16552561,9.11637162,3
47.16548712,9.11900878,3
47.16544857,9.12164594,3
47.16540996,9.12428309,3
47.16537129,9.12692024,4
47.16533256,9.12955739,3
47.16529377,9.13219453,3
47.16525492,9.13483167,3
47.16521601,9.13746881,3
47.16517704,9.14010594,3
47.16513801,9.14274306,3
47.16509892,9.14538019,3
47.16505976,9.14801731,3
47.16502055,9.15065443,3
47.16498128,9.15329154,3
47.16494194,9.15592865,3
47.16490255,9.15856575,3
47.16486309,9.16120286,3
47.16482358,9.16383995,4
47.16478400,9.16647705,4
47.16474437,9.16911414,4
47.16470467,9.17175122,4
47.16466491,9.17438831,4
47.16462509,9.17702538,4
47.16458521,9.17966246,4
47.16454528,9.18229953,4
47.16913604,8.98719834,4
47.16910052,8.98983577,4
47.16906493,8.99247319,4
47.16902928,8.99511061,4
47.16899358,8.99774802,4
47.16895781,9.00038543,3
47.16892198,9.00302284,3
47.16888609,9.00566024,3
47.16885014,9.00829764,3
47.16881413,9.01093504,3
47.16877806,9.01357243,3
47.16874193,9.01620982,3
47.16793176,9.07423151,3
47.16789424,9.07686882,3
47.16785666,9.07950613,3
47.16781901,9.08214343,3
47.16778131,9.08478073,3
47.16774355,9.08741802,3
47.16770572,9.09005531,4
47.16766784,9.09269260,4
47.16762989,9.09532988,3
47.16759189,9.09796716,3
47.16755382,9.10060444,3
47.16751570,9.10324171,3
47.16747751,9.10587898,3
47.16743926,9.10851624,3
47.16740096,9.11115350,3
47.16736259,9.11379076,3
47.16732416,9.11642802,3
47.16728567,9.11906527,3
47.16724712,9.12170251,3
47.16720851,9.12433976,3
47.16716984,9.12697699,4
47.16713111,9.12961423,4
47.16709232,9.13225146,4
47.16705347,9.13488869,4
47.16701456,9.13752591,3
47.16697558,9.14016313,4
47.16693655,9.14280035,3
47.16689746,9.14543756,4
47.16685830,9.14807477,3
47.16681909,9.15071198,4
47.16677981,9.15334918,4
47.16674048,9.15598638,4
47.16670108,9.15862357,4
47.16666162,9.16126076,4
47.16662211,9.16389795,4
47.16658253,9.16653513,4
47.16654289,9.16917231,4
47.16650319,9.17180948,4
47.16646343,9.17444666,4
47.16642362,9.17708382,4
47.16638374,9.17972099,4
47.17097012,8.98461288,4
47.17093465,8.98725040,4
47.17089913,8.98988791,4
47.17086354,8.99252542,4
47.17082789,8.99516293,4
47.17079218,8.99780043,4
47.17075641,9.00043793,4
47.17072058,9.00307543,3
47.17068469,9.00571292,3
47.17064874,9.00835041,3
47.17061273,9.01098789,3
47.17057666,9.01362538,3
47.17054053,9.01626286,3
47.16973033,9.07428650,3
47.16969281,9.07692389,3
47.16965522,9.07956129,3
47.16961758,9.08219868,3
47.16957988,9.08483607,3
47.16954211,9.08747345,3
47.16950429,9.09011083,4
47.16946640,9.09274820,4
47.16942846,9.09538557,4
47.16939045,9.09802294,4
47.16935238,9.10066031,3
47.16931425,9.10329767,3
47.16927607,9.10593503,3
47.16923782,9.10857238,3
47.16919951,9.11120973,3
47.16916114,9.11384708,3
47.16912271,9.11648442,3
47.16908422,9.11912176,3
47.16904567,9.12175909,3
47.16900706,9.12439642,3
47.16896839,9.12703375,4
47.16892966,9.12967108,4
47.16889086,9.13230840,4
47.16885201,9.13494571,4
47.16881310,9.13758302,4
47.16877412,9.14022033,4
47.16873509,9.14285764,4
47.16869599,9.14549494,4
47.16865684,9.14813224,4
47.16861762,9.15076953,4
47.16857835,9.15340682,4
47.16853901,9.15604411,4
47.16849961,9.15868139,4
47.16846015,9.16131867,4
47.16842064,9.16395595,4
47.16838106,9.16659322,4
47.16834142,9.16923048,4
47.16830172,9.17186775,4
47.16826196,9.17450501,4
47.16822214,9.17714226,4
47.16818226,9.17977952,4
47.17276873,8.98466485,4
47.17273326,8.98730246,4
47.17269773,8.98994006,4
47.17266215,8.99257766,4
47.17262650,8.99521525,4
47.17259079,8.99785285,4
47.17255502,9.00049043,4
47.17251919,9.00312802,3
47.17248330,9.00576560,3
47.17244734,9.00840318,3
47.17241133,9.01104075,3
47.17237526,9.01367832,3
47.17233913,9.01631589,3
47.17230293,9.01895346,3
47.17156636,9.07170399,3
47.17152890,9.07434148,3
47.17149138,9.07697897,3
47.17145379,9.07961645,3
47.17141615,9.08225393,3
47.17137844,9.08489141,3
47.17134068,9.08752888,4
47.17130285,9.09016635,4
47.17126496,9.09280381,4
47.17122702,9.09544127,4
47.17118901,9.09807873,4
47.17115094,9.10071618,4
47.17111281,9.10335363,4
47.17107462,9.10599108,3
47.17103637,9.10862852,3
47.17099806,9.11126596,3
47.17095969,9.11390339,3
47.17092126,9.11654082,3
47.17088277,9.11917825,3
47.17084422,9.12181568,3
47.17080561,9.12445310,3
47.17076693,9.12709051,4
47.17072820,9.12972792,4
47.17068941,9.13236533,4
47.17065055,9.13500274,4
47.17061164,9.13764014,4
47.17057266,9.14027754,4
47.17053363,9.14291493,4
47.17049453,9.14555232,4
47.17045537,9.14818971,4
47.17041616,9.15082709,4
47.17037688,9.15346447,4
47.17033754,9.15610185,4
47.17029814,9.15873922,4
47.17025868,9.16137658,4
47.17021916,9.16401395,4
47.17017958,9.16665131,4
47.17013994,9.16928866,4
47.17010024,9.17192602,4
47.17006048,9.17456337,4
47.17002066,9.17720071,4
47.17456734,8.98471683,4
47.17453187,8.98735452,4
47.17449634,8.98999221,4
47.17446075,8.99262990,4
47.17442510,8.99526758,4
47.17438939,8.99790526,4
47.17435362,9.00054294,4
47.17431779,9.00318062,4
47.17428190,9.00581829,3
47.17424594,9.00845595,3
47.17420993,9.01109361,3
47.17417386,9.01373127,3
47.17413772,9.01636893,3
47.17410153,9.01900658,3
47.17406527,9.02164423,3
47.17402896,9.02428188,3
47.17336493,9.07175890,3
47.17332747,9.07439648,3
47.17328995,9.07703405,3
47.17325236,9.07967162,3
47.17321471,9.08230919,3
47.17317701,9.08494675,3
47.17313924,9.08758431,4
47.17310141,9.09022187,4
47.17306352,9.09285942,4
47.17302558,9.09549697,4
47.17298757,9.09813452,4
47.17294950,9.10077206,4
47.17291137,9.10340960,4
47.17287318,9.10604713,4
47.17283493,9.10868466,3
47.17279662,9.11132219,3
47.17275824,9.11395971,3
47.17271981,9.11659723,3
47.17268132,9.11923475,3
47.17264277,9.12187226,3
47.17260415,9.12450977,3
47.17256548,9.12714728,4
47.17252674,9.12978478,4
47.17248795,9.13242228,4
47.17241018,9.13769726,4
47.17237120,9.14033475,4
47.17233216,9.14297223,4
47.17229307,9.14560971,4
47.17225391,9.14824718,4
47.17221469,9.15088465,4
47.17217541,9.15352212,4
47.17213607,9.15615959,4
47.17209667,9.15879705,4
47.17205721,9.16143450,4
47.17201769,9.16407195,4
47.17197811,9.16670940,4
47.17193847,9.16934685,4
47.17189876,9.17198429,4
47.17185900,9.17462173,4
47.17181918,9.17725916,4
47.17640136,8.98213102,4
47.17636595,8.98476881,4
47.17633048,8.98740659,4
47.17629495,8.99004437,4
47.17625936,8.99268215,4
47.17622371,8.99531992,4
47.17618800,8.99795769,4
47.17615222,9.00059545,4
47.17611639,9.00323321,4
47.17608050,9.00587097,4
47.17604454,9.00850873,4
47.17600853,9.01114648,3
47.17597245,9.01378423,3
47.17593632,9.01642197,3
47.17590012,9.01905971,3
47.17586387,9.02169745,3
47.17582755,9.02433519,3
47.17516351,9.07181380,3
47.17512604,9.07445147,3
47.17508851,9.07708913,3
47.17505093,9.07972679,3
47.17501328,9.08236445,3
47.17497557,9.08500210,4
47.17493780,9.08763975,4
47.17489997,9.09027740,4
47.17486208,9.09291504,4
47.17482414,9.09555267,4
47.17478612,9.09819031,4
47.17474805,9.10082794,4
47.17470992,9.10346557,4
47.17467173,9.10610319,4
47.17463348,9.10874081,4
47.17459517,9.11137843,4
47.17455679,9.11401604,4
47.17451836,9.11665365,3
47.17447987,9.11929125,3
47.17444131,9.12192885,4
47.17440270,9.12456645,4
47.17436402,9.12720404,4
47.17432529,9.12984163,4
47.17428649,9.13247922,4
47.17424763,9.13511680,4
47.17409160,9.14566710,4
47.17405244,9.14830466,4
47.17401322,9.15094222,4
47.17397394,9.15357978,4
47.17393460,9.15621733,4
47.17381622,9.16412996,4
47.17377663,9.16676750,4
47.17373699,9.16940504,4
47.17369729,9.17204257,4
47.17365752,9.17468009,4
47.17361770,9.17731761,4
47.17819997,8.98218291,4
47.17816456,8.98482079,4
47.17812909,8.98745866,4
47.17809356,8.99009653,4
47.17805796,8.99273439,4
47.17802231,8.99537225,4
47.17798660,8.99801011,4
47.17795082,9.00064797,4
47.17791499,9.00328582,4
47.17787910,9.00592366,4
47.17784314,9.00856151,4
47.17780713,9.01119935,3
47.17777105,9.01383719,3
47.17773491,9.01647502,3
47.17769872,9.01911285,3
47.17766246,9.02175068,3
47.17699948,9.06923095,3
47.17696207,9.07186871,3
47.17692461,9.07450647,3
47.17688708,9.07714422,3
47.17684949,9.07978197,3
47.17681184,9.08241971,3
47.17677413,9.08505745,4
47.17673636,9.08769519,4
47.17669853,9.09033293,4
47.17666064,9.09297066,4
47.17662269,9.09560838,4
47.17658468,9.09824611,4
47.17654661,9.10088382,4
47.17650848,9.10352154,4
47.17647028,9.10615925,4
47.17643203,9.10879696,4
47.17639372,9.11143467,4
47.17635534,9.11407237,4
47.17631691,9.11671006,4
47.17627841,9.11934776,4
47.17623986,9.12198545,4
47.17620124,9.12462313,4
47.17616256,9.12726082,4
47.17612383,9.12989850,4
47.17608503,9.13253617,4
47.17604617,9.13517384,4
47.17557516,9.16682560,4
47.17553551,9.16946323,4
47.17996317,8.98487277,4
47.17992770,8.98751073,4
47.17989216,8.99014869,4
47.17985657,8.99278664,4
47.17982092,8.99542459,4
47.17978520,8.99806254,4
47.17974943,9.00070048,4
47.17971359,9.00333842,4
47.17967769,9.00597636,4
47.17964174,9.00861429,4
47.17960572,9.01125222,3
47.17956964,9.01389015,3
47.17953351,9.01652807,3
47.17949731,9.01916599,3
47.17946105,9.02180390,3
47.17942473,9.02444181,3
47.17879805,9.06928578,3
47.17876064,9.07192362,3
47.17872317,9.07456147,3
47.17868565,9.07719931,3
47.17864806,9.07983715,3
47.17861041,9.08247498,4
47.17857270,9.08511281,4
47.17853493,9.08775064,4
47.17849709,9.09038846,4
47.17845920,9.09302628,4
47.17842125,9.09566409,4
47.17838324,9.09830190,4
47.17834516,9.10093971,4
47.17830703,9.10357752,4
47.17826884,9.10621532,4
47.17823058,9.10885312,4
47.17819227,9.11149091,4
47.17815389,9.11412870,4
47.17811546,9.11676648,4
47.17807696,9.11940427,4
47.17803840,9.12204205,4
47.17799979,9.12467982,4
47.17796111,9.12731759,4
47.17792237,9.12995536,4
47.17788357,9.13259312,4
47.17784471,9.13523088,4
47.18176177,8.98492476,4
47.18172630,8.98756281,4
47.18169077,8.99020086,4
47.18165517,8.99283890,4
47.18161952,8.99547694,4
47.18158380,8.99811497,4
47.18154803,9.00075300,4
47.18151219,9.00339103,4
47.18147629,9.00602906,4
47.18144034,9.00866708,3
47.18140432,9.01130510,3
47.18136824,9.01394311,3
47.18133210,9.01658112,3
47.18129590,9.01921913,3
47.18125964,9.02185713,3
47.18122332,9.02449513,3
47.18118694,9.02713313,3
47.18067126,9.06406472,3
47.18063397,9.06670266,3
47.18059662,9.06934060,3
47.18055921,9.07197854,3
47.18052174,9.07461647,3
47.18048421,9.07725440,3
47.18044662,9.07989233,3
47.18040897,9.08253025,4
47.18037126,9.08516817,4
47.18033349,9.08780608,4
47.18029565,9.09044400,4
47.18025776,9.09308190,4
47.18021981,9.09571981,4
47.18018179,9.09835771,4
47.18014372,9.10099561,4
47.18010558,9.10363350,4
47.18006739,9.10627139,4
47.18002913,9.10890927,4
47.17999082,9.11154716,4
47.17995244,9.11418503,4
47.17991400,9.11682291,4
47.17987550,9.11946078,4
47.17983695,9.12209865,4
47.17979833,9.12473651,4
47.17975965,9.12737437,4
47.17972091,9.13001223,4
47.17968211,9.13265008,4
47.17964325,9.13528793,4
47.18352491,8.98761489,4
47.18348937,8.99025303,4
47.18345378,8.99289116,4
47.18341812,8.99552928,4
47.18338240,8.99816741,4
47.18334663,9.00080553,4
47.18331079,9.00344365,4
47.18327489,9.00608176,4
47.18323893,9.00871987,3
47.18320291,9.01135798,3
47.18316683,9.01399608,3
47.18313069,9.01663418,3
47.18309449,9.01927227,3
47.18305823,9.02191037,3
47.18302191,9.02454846,3
47.18298553,9.02718654,3
47.18294908,9.02982462,3
47.18291258,9.03246270,3
47.18246983,9.06411937,3
47.18243254,9.06675741,3
47.18239519,9.06939543,3
47.18235778,9.07203346,3
47.18232031,9.07467148,3
47.18228278,9.07730950,3
47.18224518,9.07994751,4
47.18220753,9.08258553,4
47.18216982,9.08522353,4
47.18213205,9.08786154,4
47.18209421,9.09049954,4
47.18205632,9.09313753,4
47.18201836,9.09577553,4
47.18198035,9.09841352,4
47.18194227,9.10105150,4
47.18190414,9.10368948,4
47.18186594,9.10632746,4
47.18182768,9.10896544,4
47.18178936,9.11160341,4
47.18175099,9.11424137,4
47.18171255,9.11687934,4
47.18167405,9.11951730,4
47.18163549,9.12215525,4
47.18159687,9.12479321,4
47.18155819,9.12743115,4
47.18151945,9.13006910,4
47.18144178,9.13534498,4
47.18532351,8.98766698,4
47.18528797,8.99030520,4
47.18525238,8.99294342,4
47.18521672,8.99558163,4
47.18518100,8.99821985,4
47.18514522,9.00085806,4
47.18510939,9.00349626,4
47.18507349,9.00613446,4
47.18503753,9.00877266,3
47.18500151,9.01141086,3
47.18496542,9.01404905,3
47.18492928,9.01668724,3
47.18489308,9.01932542,3
47.18485682,9.02196360,3
47.18482050,9.02460178,3
47.18478411,9.02723996,3
47.18474767,9.02987813,3
47.18426840,9.06417403,3
47.18423111,9.06681215,3
47.18419376,9.06945027,3
47.18415634,9.07208838,3
47.18411887,9.07472649,3
47.18408134,9.07736460,3
47.18404375,9.08000270,4
47.18400609,9.08264080,4
47.18396838,9.08527890,4
47.18393060,9.08791699,4
47.18389277,9.09055508,4
47.18385487,9.09319317,4
47.18381692,9.09583125,4
47.18377890,9.09846933,4
47.18374082,9.10110740,4
47.18366449,9.10638354,4
47.18362623,9.10902160,4
47.18358791,9.11165966,4
47.18354953,9.11429772,4
47.18351109,9.11693577,4
47.18343403,9.12221186,4
47.18339541,9.12484990,4
47.18708658,8.99035738,4
47.18705098,8.99299568,4
47.18701532,8.99563399,4
47.18697960,8.99827229,4
47.18694382,9.00091059,4
47.18690798,9.00354888,4
47.18687208,9.00618717,4
47.18683612,9.00882546,4
47.18680010,9.01146374,3
47.18676402,9.01410202,3
47.18672787,9.01674030,3
47.18669167,9.01937858,3
47.18665541,9.02201685,3
47.18661908,9.02465511,3
47.18658270,9.02729338,3
47.18654625,9.02993164,3
47.18650975,9.03256989,3
47.18610420,9.06159048,3
47.18606697,9.06422869,3
47.18602967,9.06686690,3
47.18599232,9.06950511,3
47.18595491,9.07214331,3
47.18591744,9.07478151,3
47.18587990,9.07741970,3
47.18584231,9.08005790,4
47.18580465,9.08269609,4
47.18576694,9.08533427,4
47.18572916,9.08797245,4
47.18569133,9.09061063,4
47.18565343,9.09324880,4
47.18542478,9.10907777,4
47.18884958,8.99304795,4
47.18881392,8.99568635,4
47.18877820,8.99832474,4
47.18874242,9.00096312,4
47.18870658,9.00360150,4
47.18867068,9.00623988,4
47.18863471,9.00887826,4
47.18859869,9.01151663,3
47.18856261,9.01415500,3
47.18852646,9.01679337,3
47.18849026,9.01943173,3
47.18845400,9.02207009,3
47.18841767,9.02470845,3
47.18838128,9.02734680,3
47.18834484,9.02998515,3
47.18830833,9.03262349,3
47.18827176,9.03526183,3
47.18793994,9.05900675,3
47.18790277,9.06164505,3
47.18786553,9.06428335,3
47.18782824,9.06692165,3
47.18779089,9.06955995,3
47.18775347,9.07219824,3
47.18771600,9.07483653,3
47.18767846,9.07747481,4
47.18764087,9.08011309,4
47.18760321,9.08275137,4
47.18756550,9.08538964,4
47.18752772,9.08802791,4
47.18748988,9.09066618,4
47.18745198,9.09330444,4
47.19068378,8.99046174,4
47.19064818,8.99310022,4
47.19061252,8.99573871,4
47.19057680,8.99837718,4
47.19054102,9.00101566,4
47.19050517,9.00365413,4
47.19046927,9.00629260,4
47.19043331,9.00893107,4
47.19039728,9.01156953,4
47.19036120,9.01420798,4
47.19032505,9.01684644,3
47.19028885,9.01948489,3
47.19025258,9.02212334,3
47.19021626,9.02476178,3
47.19017987,9.02740022,3
47.19014342,9.03003866,3
47.19010691,9.03267709,3
47.19007035,9.03531552,3
47.19003372,9.03795395,3
47.18999703,9.04059237,3
47.18996028,9.04323079,3
47.18977562,9.05642284,3
47.18973851,9.05906124,3
47.18970134,9.06169963,3
47.18966410,9.06433802,3
47.18962681,9.06697641,3
47.18958945,9.06961479,3
47.18955204,9.07225317,4
47.18951456,9.07489155,4
47.18947703,9.07752992,4
47.18943943,9.08016829,4
47.18940177,9.08280666,4
47.18936405,9.08544502,4
47.18932628,9.08808338,4
47.19233961,9.00106820,4
47.19230377,9.00370676,4
47.19226786,9.00634532,4
47.19223190,9.00898387,4
47.19219587,9.01162242,4
47.19215979,9.01426097,4
47.19212364,9.01689951,4
47.19208744,9.01953805,3
47.19205117,9.02217659,3
47.19201484,9.02481512,3
47.19197845,9.02745365,3
47.19194200,9.03009218,3
47.19190549,9.03273070,3
47.19186893,9.03536922,3
47.19183230,9.03800773,3
47.19179560,9.04064625,3
47.19175885,9.04328476,3
47.19172204,9.04592326,3
47.19168517,9.04856176,3
47.19164824,9.05120026,3
47.19161124,9.05383875,3
47.19157419,9.05647724,3
47.19153708,9.05911573,3
47.19149990,9.06175421,3
47.19146267,9.06439269,3
47.19142537,9.06703117,3
47.19138802,9.06966964,3
47.19135060,9.07230811,4
47.19131312,9.07494658,4
47.19127559,9.07758504,4
47.19123799,9.08022350,4
47.19120033,9.08286195,4
47.19116261,9.08550040,4
47.19112483,9.08813885,4
47.19413820,9.00112075,4
47.19410236,9.00375940,4
47.19406645,9.00639804,4
47.19403049,9.00903668,4
47.19399446,9.01167532,4
47.19395838,9.01431396,4
47.19392223,9.01695259,4
47.19388602,9.01959122,3
47.19384975,9.02222984,3
47.19381342,9.02486847,3
47.19377704,9.02750708,3
47.19374059,9.03014570,3
47.19370408,9.03278431,3
47.19366750,9.03542292,3
47.19363087,9.03806152,3
47.19359418,9.04070012,3
47.19355743,9.04333872,3
47.19352062,9.04597731,3
47.19348374,9.04861590,3
47.19344681,9.05125449,3
47.19340982,9.05389307,3
47.19337276,9.05653165,3
47.19333565,9.05917023,3
47.19329847,9.06180880,3
47.19326123,9.06444737,3
47.19322394,9.06708593,3
47.19318658,9.06972450,3
47.19314916,9.07236305,4
47.19311168,9.07500161,4
47.19307415,9.07764016,4
47.19303655,9.08027871,4
47.19299889,9.08291725,4
47.19296117,9.08555579,4
47.19593680,9.00117329,4
47.19590095,9.00381203,4
47.19586505,9.00645077,4
47.19582908,9.00908950,4
47.19579305,9.01172823,4
47.19575696,9.01436695,4
47.19572082,9.01700567,3
47.19568461,9.01964439,3
47.19564834,9.02228310,3
47.19561201,9.02492181,3
47.19557562,9.02756052,3
47.19553917,9.03019922,3
47.19550265,9.03283792,3
47.19546608,9.03547662,3
47.19542945,9.03811531,3
47.19539276,9.04075400,3
47.19535600,9.04339269,3
47.19531919,9.04603137,3
47.19528232,9.04867005,3
47.19524538,9.05130872,3
47.19520839,9.05394740,3
47.19517133,9.05658606,3
47.19513421,9.05922473,3
47.19509704,9.06186339,3
47.19505980,9.06450205,3
47.19502250,9.06714070,3
47.19498514,9.06977935,3
47.19494772,9.07241800,4
47.19491024,9.07505664,4
47.19487270,9.07769528,4
47.19483510,9.08033392,4
47.19479744,9.08297255,4
47.19475972,9.08561118,4
47.19773539,9.00122585,4
47.19769954,9.00386467,4
47.19766364,9.00650350,4
47.19762767,9.00914232,4
47.19759164,9.01178113,4
47.19755555,9.01441995,4
47.19751940,9.01705876,4
47.19748319,9.01969756,3
47.19744692,9.02233636,3
47.19741059,9.02497516,3
47.19737420,9.02761396,3
47.19733775,9.03025275,3
47.19730123,9.03289154,3
47.19726466,9.03553033,3
47.19722803,9.03816911,3
47.19719133,9.04080789,3
47.19715458,9.04344666,3
47.19711776,9.04608543,3
47.19708089,9.04872420,3
47.19704395,9.05136296,3
47.19700695,9.05400172,3
47.19696990,9.05664048,3
47.19693278,9.05927923,3
47.19689560,9.06191798,3
47.19685836,9.06455673,3
47.19682106,9.06719547,3
47.19678370,9.06983421,4
47.19674628,9.07247295,4
47.19670880,9.07511168,4
47.19667126,9.07775041,4
47.19663366,9.08038913,4
47.19659600,9.08302785,4
47.19655828,9.08566657,4
47.19956977,8.99863948,4
47.19953398,9.00127840,4
47.19949814,9.00391732,4
47.19946223,9.00655623,4
47.19942626,9.00919514,4
47.19939023,9.01183404,4
47.19935414,9.01447295,4
47.19931799,9.01711184,4
47.19928178,9.01975074,4
47.19924550,9.02238963,3
47.19920917,9.02502852,3
47.19917278,9.02766740,3
47.19913632,9.03030628,3
47.19909981,9.03294516,3
47.19906324,9.03558404,3
47.19902660,9.03822291,3
47.19898991,9.04086177,3
47.19895315,9.04350064,3
47.19891633,9.04613950,3
47.19887946,9.04877835,3
47.19884252,9.05141721,3
47.19880552,9.05405605,3
47.19876846,9.05669490,3
47.19873135,9.05933374,3
47.19869417,9.06197258,3
47.19865693,9.06461142,3
47.19861963,9.06725025,3
47.19858226,9.06988907,4
47.19854484,9.07252790,4
47.19850736,9.07516672,4
47.19846982,9.07780554,4
47.19843222,9.08044435,4
47.19839455,9.08308316,4
47.20136836,8.99869195,4
47.20133257,9.00133096,4
47.20129673,9.00396996,4
47.20126082,9.00660897,4
47.20122484,9.00924796,4
47.20118881,9.01188696,4
47.20115272,9.01452595,4
47.20111657,9.01716494,4
47.20108036,9.01980392,4
47.20104408,9.02244290,4
47.20100775,9.02508188,3
47.20097136,9.02772085,3
47.20093490,9.03035982,3
47.20089839,9.03299879,3
47.20086181,9.03563775,3
47.20082518,9.03827671,3
47.20078848,9.04091566,3
47.20075172,9.04355462,3
47.20071491,9.04619356,3
47.20067803,9.04883251,3
47.20064109,9.05147145,3
47.20060409,9.05411039,3
47.20056703,9.05674932,3
47.20052991,9.05938825,3
47.20049273,9.06202718,3
47.20045549,9.06466611,4
47.20041819,9.06730503,4
47.20038082,9.06994394,4
47.20034340,9.07258285,4
47.20030592,9.07522176,4
47.20026838,9.07786067,4
47.20023077,9.08049957,4
47.20019311,9.08313847,4
47.20313117,9.00138352,4
47.20309531,9.00402262,4
47.20305940,9.00666170,4
47.20302343,9.00930079,4
47.20298740,9.01193987,4
47.20295131,9.01457895,4
47.20291515,9.01721803,4
47.20287894,9.01985710,4
47.20284267,9.02249617,4
47.20280633,9.02513524,3
47.20276994,9.02777430,3
47.20273348,9.03041336,3
47.20269696,9.03305241,3
47.20266039,9.03569146,3
47.20262375,9.03833051,3
47.20258705,9.04096956,3
47.20255029,9.04360860,3
47.20251348,9.04624764,3
47.20247660,9.04888667,3
47.20243966,9.05152570,3
47.20240266,9.05416473,3
47.20236560,9.05680375,3
47.20232847,9.05944277,3
47.20229129,9.06208179,3
47.20225405,9.06472080,4
47.20221675,9.06735981,4
47.20217938,9.06999881,4
47.20214196,9.07263781,4
47.20210448,9.07527681,4
47.20206693,9.07791581,4
47.20492975,9.00143609,4
47.20489390,9.00407527,4
47.20485799,9.00671445,4
47.20482202,9.00935362,4
47.20478598,9.01199279,4
47.20474989,9.01463196,4
47.20471374,9.01727113,4
47.20467752,9.01991029,4
47.20464125,9.02254945,4
47.20460491,9.02518860,4
47.20456851,9.02782775,4
47.20453206,9.03046690,3
47.20449554,9.03310604,3
47.20445896,9.03574518,3
47.20442232,9.03838432,3
47.20438562,9.04102345,3
47.20434886,9.04366258,3
47.20431204,9.04630171,3
47.20427516,9.04894083,3
47.20423822,9.05157995,3
47.20420122,9.05421907,3
47.20416416,9.05685818,3
47.20412704,9.05949729,3
47.20408985,9.06213639,3
47.20405261,9.06477549,4
47.20401531,9.06741459,4
47.20397794,9.07005369,4
47.20394052,9.07269278,4
47.20390303,9.07533186,4
47.20386549,9.07797095,4
47.20669249,9.00412793,4
47.20665658,9.00676719,4
47.20662060,9.00940646,4
47.20658457,9.01204572,4
47.20654847,9.01468498,4
47.20651232,9.01732423,4
47.20647610,9.01996348,4
47.20643983,9.02260273,4
47.20640349,9.02524197,4
47.20636709,9.02788121,4
47.20633063,9.03052045,4
47.20629411,9.03315968,3
47.20625753,9.03579891,3
47.20622090,9.03843813,3
47.20618419,9.04107736,3
47.20614743,9.04371657,3
47.20611061,9.04635579,3
47.20607373,9.04899500,3
47.20603679,9.05163421,3
47.20599979,9.05427341,3
47.20596272,9.05691261,3
47.20592560,9.05955181,4
47.20588842,9.06219100,4
47.20585117,9.06483019,4
47.20581387,9.06746938,4
47.20577650,9.07010856,4
47.20573907,9.07274774,4
47.20570159,9.07538692,4
47.20849108,9.00418059,4
47.20845516,9.00681994,4
47.20841919,9.00945930,4
47.20838315,9.01209865,4
47.20834706,9.01473799,4
47.20831090,9.01737733,4
47.20827468,9.02001667,4
47.20823840,9.02265601,4
47.20820207,9.02529534,4
47.20816567,9.02793467,4
47.20812921,9.03057399,4
47.20809269,9.03321332,3
47.20805611,9.03585263,3
47.20801947,9.03849195,3
47.20798276,9.04113126,3
47.20794600,9.04377057,3
47.20790918,9.04640987,3
47.20787230,9.04904917,3
47.20783535,9.05168847,3
47.20779835,9.05432776,3
47.20776129,9.05696705,4
47.20772416,9.05960634,4
47.20768698,9.06224562,4
47.20764973,9.06488490,4
47.20761242,9.06752417,4
47.20757506,9.07016345,4
47.20753763,9.07280271,4
47.20750014,9.07544198,4
47.21018173,9.01215158,4
47.21014564,9.01479101,4
47.21010948,9.01743044,4
47.21007326,9.02006987,4
47.21003698,9.02270930,4
47.21000064,9.02534872,4
47.20996424,9.02798813,4
47.20992778,9.03062755,4
47.20989126,9.03326696,4
47.20985468,9.03590636,4
47.20981804,9.03854577,4
47.20978133,9.04118517,4
47.20974457,9.04382456,4
47.20970775,9.04646396,4
47.20967086,9.04910335,3
47.20963392,9.05174273,4
47.20959691,9.05438211,4
47.20955985,9.05702149,4
47.20952272,9.05966087,4
47.20948554,9.06230024,4
47.20944829,9.06493961,4
47.20941098,9.06757897,4
47.20937361,9.07021833,4
47.21201635,9.00956499,4
47.21198032,9.01220451,4
47.21194422,9.01484404,4
47.21190806,9.01748356,4
47.21187184,9.02012307,4
47.21183556,9.02276259,4
47.21179922,9.02540209,4
47.21176282,9.02804160,4
47.21172635,9.03068110,4
47.21168983,9.03332060,4
47.21165325,9.03596010,4
47.21161661,9.03859959,4
47.21157990,9.04123908,4
47.21154314,9.04387856,4
47.21150631,9.04651805,4
47.21146943,9.04915752,4
47.21143248,9.05179700,4
47.21139548,9.05443647,4
47.21135841,9.05707594,4
47.21132128,9.05971540,4
47.21128409,9.06235486,4
47.21124685,9.06499432,4
47.21120954,9.06763377,4
47.21117217,9.07027322,4
47.21381494,9.00961783,4
47.21377890,9.01225745,4
47.21374280,9.01489706,4
47.21370664,9.01753667,4
47.21367042,9.02017628,4
47.21363413,9.02281588,4
47.21359779,9.02545548,4
47.21356139,9.02809507,4
47.21352493,9.03073466,4
47.21348840,9.03337425,4
47.21345182,9.03601384,4
47.21341517,9.03865342,4
47.21337847,9.04129299,4
47.21334170,9.04393257,4
47.21330488,9.04657214,4
47.21326799,9.04921170,4
47.21323104,9.05185127,4
47.21319404,9.05449083,4
47.21315697,9.05713038,4
47.21311984,9.05976994,4
47.21308265,9.06240949,4
47.21304540,9.06504903,4
47.21561352,9.00967069,4
47.21557748,9.01231039,4
47.21554137,9.01495009,4
47.21550521,9.01758979,4
47.21546899,9.02022948,4
47.21543271,9.02286918,4
47.21539637,9.02550886,4
47.21535996,9.02814855,4
47.21532350,9.03078823,4
47.21528697,9.03342790,4
47.21525039,9.03606758,4
47.21521374,9.03870725,4
47.21517704,9.04134691,4
47.21514027,9.04398658,4
47.21510344,9.04662623,4
47.21506655,9.04926589,4
47.21502961,9.05190554,4
47.21499260,9.05454519,4
47.21495553,9.05718484,4
47.21491840,9.05982448,4
47.21488121,9.06246411,4
47.21484396,9.06510375,4
47.21726757,9.02028270,4
47.21723128,9.02292248,4
47.21719494,9.02556225,4
47.21715853,9.02820202,4
47.21712207,9.03084179,4
47.21708554,9.03348156,4
47.21704896,9.03612132,4
47.21701231,9.03876108,4
47.21697560,9.04140083,4
47.21693883,9.04404059,4
47.21690201,9.04668033,4
47.21686512,9.04932008,4
47.21682817,9.05195982,4
47.21679116,9.05459956,4
47.21675409,9.05723929,4
47.21671696,9.05987902,4
47.21667976,9.06251875,4
47.21906614,9.02033591,4
47.21902986,9.02297578,4
47.21899351,9.02561564,4
47.21895710,9.02825551,4
47.21892064,9.03089536,4
47.21888411,9.03353522,4
47.21884752,9.03617507,4
47.21881088,9.03881492,4
47.21877417,9.04145476,4
47.21873740,9.04409460,4
47.21870057,9.04673444,4
47.21866368,9.04937427,4
47.21862673,9.05201410,4
47.21858972,9.05465393,4
47.21855264,9.05729375,4
47.21851551,9.05993357,4
47.21847832,9.06257338,4
47.22086471,9.02038913,4
47.22082843,9.02302909,4
47.22079208,9.02566904,4
47.22075567,9.02830899,4
47.22071921,9.03094894,4
47.22068268,9.03358888,4
47.22064609,9.03622882,4
47.22060944,9.03886876,4
47.22057273,9.04150869,4
47.22053596,9.04414862,4
47.22049913,9.04678854,4
47.22046224,9.04942847,4
47.22042529,9.05206838,4
47.22038827,9.05470830,4
47.22035120,9.05734821,4
47.22031407,9.05998812,4
47.22259065,9.02572244,4
47.22255424,9.02836248,4
47.22251778,9.03100251,4
47.22248125,9.03364255,4
47.22244466,9.03628257,4
47.22240801,9.03892260,4
47.22237129,9.04156262,4
47.22233452,9.04420264,4
47.22229769,9.04684265,4
47.22226080,9.04948267,4
47.22222385,9.05212267,4
47.22218683,9.05476268,4
47.22214976,9.05740268,4
47.22435281,9.02841597,4
47.22431634,9.03105609,4
47.22427981,9.03369622,4
47.22424322,9.03633633,4
47.22420657,9.03897645,4
47.22416986,9.04161656,4
47.22413308,9.04425666,4
47.22611491,9.03110968,4
47.22607838,9.03374989,4
47.22604178,9.03639010,4
47.22600513,9.03903030,4