46.672533759136,6.855784419394,4
46.672599811440,6.868852402152,4
46.672664365959,6.881920416594,4
46.672727422694,6.894988461991,4
46.672788981644,6.908056537618,4
46.672849042809,6.921124642747,4
46.672907606189,6.934192776653,4
46.672964671785,6.947260938607,4
46.673020239596,6.960329127885,4
46.673074309623,6.973397343758,4
46.681321852612,6.816477063161,4
46.681392409966,6.829547123094,4
46.681461469287,6.842617216890,4
46.681529030575,6.855687343822,4
46.681595093831,6.868757503163,4
46.681659659053,6.881827694186,4
46.681722726242,6.894897916166,4
46.681784295399,6.907968168375,4
46.681844366522,6.921038450087,4
46.681902939612,6.934108760575,4
46.681960014670,6.947179099112,4
46.682015591694,6.960249464971,4
46.682069670685,6.973319857427,4
46.682122251643,6.986390275752,4
46.682173334569,6.999460719220,4
46.690171449669,6.790229053319,4
46.690245015283,6.803301220654,4
46.690317082615,6.816373423306,4
46.690387651666,6.829445660547,4
46.690456722435,6.842517931650,4
46.690524294923,6.855590235890,4
46.690590369130,6.868662572539,4
46.690654945056,6.881734940870,4
46.690718022700,6.894807340158,4
46.690779602063,6.907879769675,4
46.690839683144,6.920952228695,4
46.690898265944,6.934024716490,4
46.690955350463,6.947097232335,4
46.691010936700,6.960169775503,4
46.691065024657,6.973242345266,4
46.691117614331,6.986314940899,4
46.691168705725,6.999387561675,4
46.691218298837,7.012460206866,4
46.691266393668,7.025532875747,4
46.699091571874,6.777046713533,4
46.699166648210,6.790121022860,4
46.699240226017,6.803195368229,4
46.699312305294,6.816269748914,4
46.699382886041,6.829344164188,4
46.699451968259,6.842418613325,4
46.699519551947,6.855493095598,4
46.699585637105,6.868567610281,4
46.699650223734,6.881642156646,4
46.699713311833,6.894716733967,4
46.699774901402,6.907791341517,4
46.699834992442,6.920865978570,4
46.699893584952,6.933940644399,4
46.699950678932,6.947015338278,4
46.700006274383,6.960090059479,4
46.700060371304,6.973164807276,4
46.700112969695,6.986239580942,4
46.700164069557,6.999314379751,4
46.700213670889,7.012389202976,4
46.700261773691,7.025464049890,4
46.700308377963,7.038538919768,4
46.700353483706,7.051613811881,4
46.708010162860,6.763860017012,4
46.708086750416,6.776936468328,4
46.708161839194,6.790012956413,4
46.708235429193,6.803089480541,4
46.708307520415,6.816166039985,4
46.708378112859,6.829242634019,4
46.708447206525,6.842319261915,4
46.709108317501,6.986164195881,4
46.709159425830,6.999241173449,4
46.709209035382,7.012318175433,4
46.709257146156,7.025395201106,4
46.709303758152,7.038472249742,4
46.709348871370,7.051549320614,4
46.709392485809,7.064626412996,4
46.709434601471,7.077703526160,4
46.709475218355,7.090780659380,4
46.716927221649,6.750668962304,4
46.717005320921,6.763747555609,4
46.717081921166,6.776826186409,4
46.717157022386,6.789904853979,4
46.717230624579,6.802983557592,4
46.717302727745,6.816062296521,4
46.718252510830,7.025326329394,4
46.718299130549,7.038405557515,4
46.718344251242,7.051484807871,4
46.718387872908,7.064564079737,4
46.718429995548,7.077643372386,4
46.718470619162,7.090722685090,4
46.718509743749,7.103802017124,4
46.725761636503,6.724392851618,4
46.725842747262,6.737473547960,4
46.725922358747,6.750554283252,4
46.726000470957,6.763635056767,4
46.726077083893,6.776715867778,4
46.726152197553,6.789796715558,4
46.727294494922,7.038338843085,4
46.727339623089,7.051420273652,4
46.727383251982,7.064501725728,4
46.727425381600,7.077583198587,4
46.727466011944,7.090664691502,4
46.727505143013,7.103746203746,4
46.727542774807,7.116827734592,4
46.734756738722,6.724273772530,4
46.734837862916,6.737356649809,4
46.734917487587,6.750439566036,4
46.734995612736,6.763522520487,4
46.735072238361,6.776605512433,4
46.736378622799,7.064439350968,4
46.736420759395,7.077523004762,4
46.736461396468,7.090606678613,4
46.736500534019,7.103690371792,4
46.736538172046,7.116774083575,4
46.736574310550,7.129857813233,4
46.743669195049,6.711069634564,4
46.743751832450,6.724154653827,4
46.743832970079,6.737239712767,4
46.743912607937,6.750324810656,4
46.743990746023,6.763409946768,4
46.745416128698,7.077462790913,4
46.745456772502,7.090548646424,4
46.745495916533,7.103634521265,4
46.745533560794,7.116720414709,4
46.745569705283,7.129806326028,4
46.752580115266,6.697861132611,4
46.752664266370,6.710948293859,4
46.752746917453,6.724035495509,4
46.752828068517,6.737122736836,4
46.752907719562,6.750210017111,4
46.754452139810,7.090490594936,4
46.754491290324,7.103578652164,4
46.754528940817,7.116666727994,4
46.754565091291,7.129754821700,4
46.754599741746,7.142842932556,4
46.761575163698,6.697737568453,4
46.761659328732,6.710826912813,4
46.761741993499,6.723916297576,4
46.761823157998,6.737005722015,4
46.763486655156,7.103522764488,4
46.763524311883,7.116613023431,4
46.763560468342,7.129703300249,4
46.763595124533,7.142793594217,4
46.770484523455,6.684522476160,4
46.770570202937,6.697613963229,4
46.770654381904,6.710705491427,4
46.770737060354,6.723797060027,4
46.770818238287,6.736888668304,4
46.772482010798,7.103466858238,4
46.772519673758,7.116559301019,4
46.772555836201,7.129651761675,4
46.772590498129,7.142744239481,4
46.772623659540,7.155836733710,4
46.779392344663,6.671303015530,4
46.779479539091,6.684396645306,4
46.779565232753,6.697490316938,4
46.779649425651,6.710584029699,4
46.779732117784,6.723677782863,4
46.781515026208,7.116505560758,4
46.781551194636,7.129600205978,4
46.781585862300,7.142694868347,4
46.781619029199,7.155789547139,4
46.788387336213,6.671174957594,4
46.788474545068,6.684270772659,4
46.788560252911,6.697366629580,4
46.788644459740,6.710462527631,4
46.788727165556,6.723558466084,4
46.790510369000,7.116451802648,4
46.790546543414,7.129548633158,4
46.790581216814,7.142645480816,4
46.790614389201,7.155742344897,4
46.790646060576,7.168839224674,4
46.797382317872,6.671046857141,4
46.797469541155,6.684144858221,4
46.797555263177,6.697242901157,4
46.797639483938,6.710340985221,4
46.799541882300,7.129497043214,4
46.799576561437,7.142596076887,4
46.799609739312,7.155695126983,4
46.799641415926,7.168794192774,4
46.806288550185,6.657818568934,4
46.806377289406,6.670918714171,4
46.806464527118,6.684018901991,4
46.806550263320,6.697119131666,4
46.806634498012,6.710219402471,4
46.808537211061,7.129445436147,4
46.808571895935,7.142546656560,4
46.808605079298,7.155647893396,4
46.808636761152,7.168749145928,4
46.815283496685,6.657688195980,4
46.815372250582,6.670790528683,4
46.815459502722,6.683892903968,4
46.815545253104,6.696995321110,4
46.817532529465,7.129393811958,4
46.817567220075,7.142497219836,4
46.817600408927,7.155600644138,4
46.817632096021,7.168704084135,4
46.824278432593,6.657557779783,4
46.824367201168,6.670662300677,4
46.824454467736,6.683766864154,4
46.824540232297,6.696871469486,4
46.826527837278,7.129342170645,4
46.826562533625,7.142447766715,4
46.826595727964,7.155553379207,4
46.826627420298,7.168659007396,4
46.826657610625,7.181764650554,4
46.833273357678,6.657427320343,4
46.833362140929,6.670534030154,4
46.833449421925,6.683640782547,4
46.833535200666,6.696747576797,4
46.835523134267,7.129290512209,4
46.835557836349,7.142398297196,4
46.835591036177,7.155506098605,4
46.835622733751,7.168613915710,4
46.835652929070,7.181721747785,4
46.842268271704,6.657296817660,4
46.842357069632,6.670405717113,4
46.842444365056,6.683514659149,4
46.842530157977,6.696623643041,4
46.844518420197,7.129238836650,4
46.844553128016,7.142348811279,4
46.844586333333,7.155458802331,4
46.844618036146,7.168568809078,4
46.844648236456,7.181678830795,4
46.851351987044,6.670277361555,4
46.851439296896,6.683388493959,4
46.851525103997,6.696499668218,4
46.853548408392,7.142299308965,4
46.853581619197,7.155411490384,4
46.853613327250,7.168523687500,4
46.853643532552,7.181635899585,4
46.860346892931,6.670148963479,4
46.860434217212,6.683262286976,4
46.860520038493,6.696375652329,4
46.862543677244,7.142249790253,4
46.862576893537,7.155364162766,4
46.862608606830,7.168478550975,4
46.862638817123,7.181592954153,4
46.869429125770,6.683136038202,4
46.869514961230,6.696251595374,4
46.869599293443,6.709367193675,4
46.871538934338,7.142200255143,4
46.871572156118,7.155316819475,4
46.871603874651,7.168433399503,4
46.871634089936,7.181549994501,4
46.878509871977,6.696127497352,4
46.878594218121,6.709245288198,4
46.880499448675,7.129031963182,4
46.880534179440,7.142150703636,4
46.880567406709,7.155269460513,4
46.880599130482,7.168388233086,4
46.887504770499,6.696003358264,4
46.887589130575,6.709123342380,4
46.887671986906,6.722243366898,4
46.889494675817,7.128980202008,4
46.889529412318,7.142101135732,4
46.889562645076,7.155222085879,4
46.889594374088,7.168343051721,4
46.896499656564,6.695879178109,4
46.896584030571,6.709001356221,4
46.896666900585,6.722123574735,4
46.898489890501,7.128928423710,4
46.898524632739,7.142051551430,4
46.898557870984,7.155174695572,4
46.898589605237,7.168297855411,4
46.905578917876,6.708879329721,4
46.905661801573,6.722003742956,4
46.905743181029,6.735128195868,4
46.907485092493,7.128876628289,4
46.907519840468,7.142001950730,4
46.907553084202,7.155127289594,4
46.907584823694,7.168252644153,4
46.914656689637,6.721883871562,4
46.914738082528,6.735010519921,4
46.916444023361,7.115697315007,4
46.916480281562,7.128824815745,4
46.916515035273,7.141952333633,4
46.916548284495,7.155079867943,4
46.923651564543,6.721763960553,4
46.923732970868,6.734892805084,4
46.923812872456,6.748021688564,4
46.925439193287,7.115643289167,4
46.925475457472,7.128772986078,4
46.925510216920,7.141902700138,4
46.925543471630,7.155032430621,4
46.932727845818,6.734775051357,4
46.932807760592,6.747906131735,4
46.932886170380,6.761037250335,4
46.934396574664,7.102457369547,4
46.934434349821,7.115589245479,4
46.934470619992,7.128721139288,4
46.934505385176,7.141853050246,4
46.934538645374,7.154984977627,4
46.941802635104,6.747790536741,4
46.941881057830,6.760923852965,4
46.941957975321,6.774057206686,4
46.943352424716,7.089267055433,4
46.943391711341,7.102401110387,4
46.943429492731,7.115535183943,4
46.943465768887,7.128669275375,4
46.943500539808,7.141803383956,4
46.950875931422,6.760810418157,4
46.950952861603,6.773945970226,4
46.951028286301,6.787081559064,4
46.952306742465,7.076072345377,4
46.952347541054,7.089208579350,4
46.952386834160,7.102344832652,4
46.952424621784,7.115481104557,4
46.952460903924,7.128617394338,4
46.952495680581,7.141753701269,4
46.959870790922,6.760696945910,4
46.959947733794,6.773834697054,4
46.960023170933,6.786972484967,4
46.960097102342,6.800110308922,4
46.961259526931,7.062873237927,4
46.961301837982,7.076011650919,4
46.961342643301,7.089150083967,4
46.961381942889,7.102288536344,4
46.961419736745,7.115427007323,4
46.961456024870,7.128565496179,4
46.968942591660,6.773723387168,4
46.969018041241,6.786863374881,4
46.969091984843,6.800003398637,4
46.969164422465,6.813143457708,4
46.970165447149,7.036529161136,4
46.970210777137,7.049669731635,4
46.970254601145,7.062810323644,4
46.970296919174,7.075950936436,4
46.970337731223,7.089091569284,4
46.970377037292,7.102232221461,4
46.978012896991,6.786754228808,4
46.978086852786,6.799896453089,4
46.978159302353,6.813038712687,4
46.978230245691,6.826181006873,4
46.978299682802,6.839323334923,4
46.979113648413,7.023319076261,4
46.979160492104,7.036461825050,4
46.979205829567,7.049604596076,4
46.979249660802,7.062747388610,4
46.979291985809,7.075890201928,4
46.979332804587,7.089033035301,4
46.987081705938,6.799789472280,4
46.987154167449,6.812933933129,4
46.987225122485,6.826078428566,4
46.987294571044,6.839222957867,4
46.987362513126,6.852367520304,4
46.987959077754,6.983814807283,4
46.988010448597,6.996959686256,4
46.988060312964,7.010104589644,4
46.988108670854,7.023249516722,4
46.988155522268,7.036394466763,4
46.988200867206,7.049539439039,4
46.988244705667,7.062684432825,4
46.988287037652,7.075829447394,4
46.996219984254,6.825975816449,4
46.996289444261,6.839122547726,4
46.996357397543,6.852269312139,4
46.996423844101,6.865416108962,4
46.996488783934,6.878562937467,4
46.996552217043,6.891709796929,4
46.996614143426,6.904856686620,4
46.996674563085,6.918003605813,4
46.996733476020,6.931150553782,4
46.996790882230,6.944297529801,4
46.996846781715,6.957444533142,4
46.996901174475,6.970591563080,4
46.996954060511,6.983738618886,4
46.997005439822,6.996885699836,4
46.997055312409,7.010032805201,4
46.997103678271,7.023179934256,4
46.997150537408,7.036327086273,4
46.997195889820,7.049474260527,4
46.997239735508,7.062621456289,4
47.005284302220,6.839022104500,4
47.005352266702,6.852171071615,4
47.005418724212,6.865320071140,4
47.005483674748,6.878469102348,4
47.005547118311,6.891618164512,4
47.005609054901,6.904767256905,4
47.005669484519,6.917916378801,4
47.005728407163,6.931065529472,4
47.005785822834,6.944214708193,4
47.005841731533,6.957363914237,4
47.005896133258,6.970513146877,4
47.005949028010,6.983662405386,4
47.006000415790,6.996811689037,4
47.006050296596,7.009960997105,4
47.006098670429,7.023110328862,4
47.006145537289,7.036259683582,4
47.006190897177,7.049409060538,4
47.014413588831,6.865224001684,4
47.014478550070,6.878375236320,4
47.014542004089,6.891526501912,4
47.014603950885,6.904677797733,4
47.014664390461,6.917829123056,4
47.014723322815,6.930980477156,4
47.014780747948,6.944131859305,4
47.014836665859,6.957283268776,4
47.014891076549,6.970434704844,4
47.014943980018,6.983586166781,4
47.014995376266,6.996737653860,4
47.015045265292,7.009889165356,4
47.015093647097,7.023040700541,4
47.023598831145,6.904588309103,4
47.023938916302,6.983509903072,4
47.023990321017,6.996663594305,4
