45.909125292766,7.688631175067,4
45.909095906906,7.701517362964,4
45.918174865199,7.662895557145,4
45.918148428248,7.675783887420,4
45.918120514372,7.688672204324,4
45.918091123571,7.701560507130,4
45.918060255845,7.714448795113,4
45.927218559961,7.637151440179,4
45.927195072910,7.650041910651,4
45.927170108687,7.662932369205,4
45.927143667290,7.675822815116,4
45.927115748720,7.688713247655,4
45.927086352977,7.701603666098,4
45.927055480062,7.714494069716,4
45.927023129973,7.727384457784,4
45.936235837680,7.624291434119,4
45.936213824102,7.637184032142,4
45.936190333103,7.650076618975,4
45.936165364682,7.662969193891,4
45.936138918841,7.675861756162,4
45.936110995577,7.688754305063,4
45.936081594893,7.701646839867,4
45.936050716787,7.714539359846,4
45.936018361260,7.727431864275,4
45.935984528311,7.740324352427,4
45.935874164938,7.779001711951,4
45.935834422304,7.791894127727,4
45.935793202249,7.804786523592,4
45.935750504772,7.817678898819,4
45.935706329874,7.830571252683,4
45.945231117797,7.624321920168,4
45.945209100519,7.637216635279,4
45.945185605571,7.650111339198,4
45.945160632954,7.663006031201,4
45.945134182667,7.675900710559,4
45.944944449882,7.753268480492,4
45.944829634949,7.791952135904,4
45.944788407965,7.804846648856,4
45.944745703312,7.817741141170,4
45.944701520989,7.830635612121,4
45.944655860996,7.843530060981,4
45.954246953017,7.611455573279,4
45.954226409956,7.624352416666,4
45.954204388978,7.637249249588,4
45.954180890082,7.650146071320,4
45.954155913268,7.663042881135,4
45.953696724145,7.830699993616,4
45.953651056479,7.843596560288,4
45.963221713924,7.624382923611,4
45.963199689246,7.637281875072,4
45.963176186401,7.650180815342,4
45.962646263771,7.843663082378,4
45.962599110265,7.856561744770,4
45.962550478592,7.869460383619,4
45.972217029468,7.624413441005,4
45.972195001090,7.637314511729,4
45.972171494296,7.650215571262,4
45.971687165652,7.830828822776,4
45.971641482638,7.843729627250,4
45.971594321211,7.856630408906,4
45.971545681368,7.869531167018,4
45.971495563111,7.882431900859,4
45.981251984522,7.598637556755,4
45.981232909770,7.611540767669,4
45.981212356354,7.624443968847,4
45.981166813534,7.650250339082,4
45.981141824129,7.663153506687,4
45.980589543498,7.856699096549,4
45.980540895486,7.869601974650,4
45.980490768810,7.882504828481,4
45.990247329173,7.598663853616,4
45.990228251216,7.611569185245,4
45.989584776895,7.856767807701,4
45.989536120712,7.869672806517,4
45.989485985618,7.882577781061,4
45.989434371613,7.895482730609,4
45.999242684698,7.598690159473,4
45.999223603539,7.611597612542,4
45.998531356815,7.869743662616,4
45.998481213302,7.882650758601,4
45.998429590630,7.895557829589,4
46.008255655821,7.585806890082,4
46.008238050866,7.598716474327,4
46.008218966503,7.611626049562,4
46.007476451628,7.882723761100,4
46.007424820289,7.895632954254,4
46.017233427443,7.598742798178,4
46.017214339876,7.611654496304,4
46.017193772653,7.624566184693,4
46.016570541406,7.856974082204,4
46.016521860712,7.869885447516,4
46.016471700363,7.882796788558,4
46.026228814195,7.598769131026,4
46.026189152750,7.624596764775,4
46.026167102171,7.637510566316,4
46.026143571687,7.650424356667,4
46.026118561298,7.663338135100,4
46.025517128041,7.869956376317,4
46.035162488510,7.637543281188,4
46.035138954077,7.650459195881,4
46.035113939491,7.663375098657,4
46.035087444753,7.676290988788,4
46.034512405312,7.870027329351,4
46.034410570786,7.895858482355,4
46.044179942538,7.624657956282,4
46.044157884558,7.637576007233,4
46.044134346177,7.650494046994,4
46.044109327394,7.663412074838,4
46.044082828210,7.676330090037,4
46.043507692292,7.870098306618,4
46.043457506687,7.883016020687,4
46.043405840680,7.895933709759,4
46.053129747752,7.650528910007,4
46.053104724772,7.663449063644,4
46.053078221143,7.676369204637,4
46.052502988748,7.870169308119,4
46.062148704847,7.637641492845,4
46.062125158569,7.650563784918,4
46.062100131393,7.663486065074,4
46.062073623318,7.676408332586,4
46.062045634346,7.689330586728,4
46.062016164476,7.702252826772,4
46.061985213708,7.715175051992,4
46.061547015990,7.857318343202,4
46.071011566025,7.702296222561,4
46.070542338866,7.857387265925,4
46.080006976349,7.702339633151,4
46.079976015201,7.715266113586,4
46.079537670519,7.857456212157,4
46.079488932634,7.870382458024,4
46.089031879912,7.689454434588,4
46.089002395216,7.702383058543,4
46.088971428877,7.715311667673,4
46.088580275125,7.844596783790,4
46.097934397442,7.728287960288,4
46.097900462131,7.741218667012,4
46.097575631550,7.844663647617,4
46.106570996051,7.844730534225,4
46.106523715796,7.857663191900,4
46.115566368394,7.844797443617,4
46.124920694603,7.728431154909,4
46.124886742231,7.741368254250,4
46.124851307222,7.754305336586,4
46.124607561809,7.831927432828,4
46.124561748346,7.844864375790,4
46.133948617226,7.715539671013,4
46.133916142052,7.728478918954,4
46.133882183993,7.741418150618,4
46.133846743049,7.754357365278,4
46.133602956810,7.831992255461,4
46.133557135674,7.844931330746,4
46.142911596643,7.728526699252,4
46.142877632897,7.741468063965,4
46.142842186018,7.754409411674,4
46.142805256007,7.767350741652,4
46.142642704630,7.819115869726,4
46.142598358953,7.832057100151,4
46.142552530144,7.844998308485,4
46.151837635897,7.754461475773,4
46.151800699701,7.767404939526,4
46.151638121107,7.819178602698,4
46.151593768005,7.832121966897,4
46.160833092450,7.754513557576,4
46.160796150072,7.767459155829,4
46.160757724063,7.780404735624,4
46.160633544260,7.819241357001,4
46.160589183733,7.832186855701,4
46.169791606884,7.767513390561,4
46.169753174444,7.780461105582,4
46.169713258126,7.793408801419,4
46.169671857929,7.806356477346,4
46.169628973855,7.819304132635,4
46.169584605903,7.832251766561,4
46.178748631033,7.780517494694,4
46.178708708035,7.793467326483,4
46.178667300910,7.806417138361,4
46.178624409659,7.819366929601,4
46.178580034282,7.832316699478,4
46.187704163920,7.793525871427,4
46.187662749867,7.806477819981,4
46.187619851439,7.819429747899,4
46.187575468636,7.832381654452,4
46.196658204565,7.806538522208,4
46.196615298960,7.819492587527,4
