46.124552407737,7.029822682777,5
46.133500192903,7.016816253538,5
46.133547793500,7.029755301356,5
46.133593911214,7.042694372136,5
46.133638546042,7.055633465152,5
46.142446486134,7.003805558964,5
46.142495577836,7.016746716141,5
46.142543186406,7.029687897007,5
46.142589311842,7.042629100836,5
46.142633954145,7.055570326901,5
46.142677113316,7.068511574476,5
46.151391286453,6.990790597603,5
46.151441869757,7.003733864139,5
46.151490969679,7.016677155090,5
46.151538586220,7.029620469731,5
46.151584719379,7.042563807335,5
46.151629369157,7.055507167175,5
46.151672535554,7.068450548523,5
46.159799150936,6.861264236289,5
46.159864579004,6.874209353198,5
46.160334592882,6.977771368006,5
46.160386668284,6.990716743899,5
46.160437260055,7.003662144935,5
46.160580133592,7.042498491632,5
46.160624790845,7.055443985971,5
46.160667964468,7.068389501820,5
46.168794440868,6.861169005224,5
46.168859879888,6.874116257359,5
46.168923835030,6.887063541176,5
46.168986306293,6.900010855950,5
46.169276404442,6.964747868723,5
46.169329972438,6.977695353973,5
46.169620218975,7.055380783292,5
46.169663399825,7.068328434366,5
46.169705096797,7.081276106224,5
46.177789737009,6.861073741800,5
46.177855186981,6.874023129886,5
46.177919152826,6.886972549654,5
46.177981634544,6.899922000379,5
46.178042632137,6.912871481333,5
46.178102145602,6.925820991789,5
46.178160174942,6.938770531022,5
46.178216720155,6.951720098304,5
46.178271781242,6.964669692908,5
46.178325358203,6.977619314109,5
46.178658841390,7.068267346161,5
46.178700545340,7.081217153970,5
46.178740765164,7.094166981834,5
46.186718093829,6.848026953662,5
46.186785039126,6.860978446015,5
46.186850500049,6.873929970778,5
46.187037976569,6.912784732256,5
46.187097499993,6.925736379389,5
46.187155539043,6.938688055298,5
46.187212093718,6.951639759257,5
46.187654288931,7.068206237205,5
46.187695999859,7.081158181691,5
46.187736226413,7.094110146232,5
46.187774968591,7.107062130103,5
46.187812226395,7.120014132576,5
46.187847999825,7.132966152926,5
46.187882288880,7.145918190424,5
46.195713390488,6.847929488116,5
46.195780346985,6.860883117871,5
46.196150908886,6.938605551568,5
46.196649742214,7.068145107499,5
46.196691460120,7.081099189386,5
46.196731693404,7.094053291330,5
46.196770442064,7.107007412603,5
46.196807706101,7.119961552479,5
46.196843485516,7.132915710231,5
46.196877780307,7.145869885132,5
46.196910590475,7.158824076455,5
46.204570302648,6.821920553851,5
46.204640240088,6.834876254736,5
46.204708692656,6.847831989484,5
46.204775660353,6.860787757367,5
46.205686925890,7.081040177057,5
46.205765921045,7.106952676529,5
46.205803191316,7.119908954533,5
46.205838976715,7.132865250412,5
46.205873277243,7.145821563441,5
46.205906092899,7.158777892893,5
46.205967269598,7.184690598157,5
46.213565586947,6.821818744427,5
46.213635536083,6.834776584166,5
46.213704000100,6.847734457767,5
46.213770978997,6.860692364504,5
46.214798681806,7.119856338738,5
46.214834473190,7.132814773471,5
46.214868779454,7.145773225353,5
46.214901600599,7.158731693659,5
46.214932936624,7.171690177660,5
46.214962787529,7.184648676630,5
46.214991153315,7.197607189843,5
46.222489430087,6.808756955739,5
46.222560876288,6.821716900467,5
46.222630837121,6.834676879784,5
46.222699312586,6.847636892964,5
46.223864286708,7.145724870868,5
46.223897113341,7.158685478752,5
46.223928454606,7.171646102332,5
46.223958310502,7.184606740882,5
46.223986681031,7.197567393674,5
46.231337339152,6.782728873547,5
46.231411768531,6.795690887221,5
46.231484712293,6.808652936938,5
46.231556170438,6.821615021970,5
46.231626142968,6.834577141592,5
46.231694629880,6.847539295077,5
46.232825481033,7.132713768219,5
46.232859798771,7.145676499985,5
46.232892630892,7.158639248174,5
46.232923977396,7.171602012058,5
46.232953838285,7.184564790912,5
46.232982213557,7.197527584009,5
46.233009103212,7.210490390621,5
46.240332601298,6.782620537423,5
46.240407043118,6.795584692127,5
46.240479999073,6.808548882874,5
46.240551469164,6.821513108937,5
46.240621453390,6.834477369589,5
46.241919504762,7.171557906838,5
46.241949370642,7.184522826722,5
46.241977750657,7.197487760849,5
46.242004644808,7.210452708492,5
46.242030053094,7.223417668924,5
46.249327867787,6.782512164587,5
46.249402322048,6.795478461046,5
46.249475290197,6.808444793549,5
46.249546772232,6.821411161367,5
46.250944907342,7.184480848311,5
46.250973292100,7.197447924193,5
46.251000190746,7.210415013592,5
46.251025603278,7.223382115779,5
46.251049529697,7.236349230030,5
46.251071970004,7.249316355616,5
46.258323138384,6.782403755037,5
46.258397605087,6.795372193978,5
46.258470585428,6.808340668961,5
46.258542079409,6.821309179261,5
46.259968837652,7.197408074043,5
46.259995740793,7.210377305922,5
46.260021157571,7.223346550591,5
46.260045087989,7.236315807323,5
46.260067532045,7.249285075390,5
46.267164994739,6.756354255513,5
46.267242447103,6.769324763395,5
46.267318412857,6.782295308774,5
46.267392892001,6.795265890922,5
46.267465884536,6.808236509112,5
46.268964387080,7.197368210397,5
46.268991294715,7.210339585483,5
46.269016715740,7.223310973359,5
46.269040650156,7.236282373297,5
46.269063097962,7.249253784571,5
46.276160247227,6.756241484672,5
46.276237712528,6.769214136487,5
46.276313690972,6.782186825798,5
46.276388182558,6.795159551878,5
46.276461187286,6.808132314001,5
46.278012277551,7.223275384082,5
46.278036215965,7.236248927953,5
46.278058667521,7.249222483159,5
46.278079632219,7.262196048975,5
46.285076537776,6.743153917417,5
46.285155503123,6.756128675667,5
46.285232981362,6.769103472140,5
46.285308972496,6.782078306109,5
46.285383476523,6.795053176847,5
46.287007842771,7.223239782761,5
46.287031785183,7.236215471290,5
46.287054240489,7.249191171154,5
46.294071783661,6.743038924865,5
46.294150762194,6.756015828498,5
46.294228253372,6.768992770354,5
46.294304257196,6.781969749706,5
46.294378773664,6.794946765828,5
46.296003411167,7.223204169396,5
46.296027357577,7.236182003308,5
46.296049816632,7.249159848556,5
46.296070788333,7.262137704413,5
46.303067032488,6.742923893422,5
46.303146024208,6.755902943165,5
46.303223528324,6.768882031130,5
46.303299544837,6.781861156591,5
46.304946618879,7.197208620859,5
46.304973544493,7.210188576028,5
46.304998982505,7.223168543986,5
46.305022932913,7.236148524007,5
46.305045395718,7.249128515365,5
46.305066370920,7.262108517331,5
46.312062284025,6.742808823090,5
46.312141288930,6.755790019667,5
46.312218805985,6.768771254467,5
46.312294835188,6.781752526762,5
46.312369376540,6.794733835827,5
46.313994556551,7.223132906533,5
46.314018510958,7.236115033388,5
46.314040977513,7.249097171580,5
46.314061956217,7.262079320381,5
46.321057538036,6.742693713868,5
46.321136556129,6.755677058005,5
46.321214086121,6.768660440365,5
46.321290128014,6.781643860221,5
46.322990133073,7.223097257035,5
46.323014091478,7.236081531451,5
46.323036561783,7.249065817202,5
46.323057543988,7.262050113563,5
46.330131825569,6.755564058179,5
46.330209368500,6.768549588825,5
46.330285423083,6.781535156966,5
46.330359989317,6.794520761877,5
46.332009674241,7.236048018194,5
46.332032148295,7.249034452232,5
46.332053134002,7.262020896878,5
46.339127097018,6.755451020189,5
46.339204652887,6.768438699846,5
46.339280720160,6.781426416998,5
46.339355298836,6.794414170920,5
46.341005259012,7.236014493619,5
46.341027736817,7.249003076668,5
46.341048726025,7.261991670326,5
46.341068226637,7.274980273866,5
46.348043312591,6.742348152864,5
46.348122370243,6.755337944034,5
46.348199939050,6.768327773428,5
46.348276019013,6.781317640317,5
46.350044319823,7.261962433906,5
46.350063823688,7.274953187183,5
46.350081838709,7.287943949616,5
46.357117645010,6.755224829716,5
46.357195226756,6.768216809571,5
46.357271319408,6.781208826923,5
46.357345922967,6.794200881044,5
46.359039915164,7.261933187618,5
46.359059422282,7.274926091358,5
46.359077440308,7.287919004253,5
46.366112921086,6.755111677233,5
46.366190515770,6.768105808276,5
46.366266621112,6.781099976816,5
46.366341237113,6.794094182125,5
46.368055022185,7.274898986390,5
46.368073043215,7.287894050474,5
46.368089574904,7.300889122987,5
46.375108198238,6.754998486586,5
46.375185805859,6.767994769543,5
46.375261923891,6.780991089996,5
46.377050623163,7.274871872281,5
46.377068647198,7.287869088278,5
46.377085181643,7.300866312704,5
46.384103476231,6.754885257774,5
46.384181096791,6.767883693370,5
46.384257227513,6.780882166462,5
46.384331868397,6.793880676324,5
46.386026708106,7.261845389549,5
46.386046224983,7.274844749029,5
46.386064252023,7.287844117665,5
46.386080789225,7.300843494731,5
46.393098754834,6.754771990799,5
46.393176388332,6.767772579759,5
46.393252531744,6.780773206216,5
46.393327185069,6.793773869442,5
46.395001297065,7.248814600829,5
46.395022307282,7.261816103791,5
46.395041827413,7.274817616636,5
46.395059857457,7.287819138637,5
46.395076397416,7.300820669066,5
46.402094033812,6.754658685659,5
46.402171680248,6.767661428709,5
46.402247836350,6.780664209256,5
46.402322502117,6.793667026572,5
46.402395677549,6.806669879931,5
46.403974389061,7.235779504671,5
46.403996893115,7.248783151114,5
46.404017906834,7.261786808166,5
46.404037430218,7.274790475101,5
46.404055463267,7.287794151191,5
46.411166972307,6.767550240221,5
46.411243141098,6.780555175583,5
46.411317819307,6.793560147715,5
46.411391006932,6.806565155890,5
46.412969981504,7.235745889547,5
46.412992489307,7.248751690805,5
46.413013506527,7.261757502673,5
46.413033033165,7.274763324423,5
46.413051069219,7.287769155330,5
46.420162264274,6.767439014294,5
46.420238445756,6.780446105198,5
46.420313136405,6.793453232871,5
46.420386336224,6.806460396586,5
46.421941571471,7.222704317640,5
46.421965573855,7.235712263104,5
46.421988085408,7.248720219903,5
46.422009106130,7.261728187312,5
46.429233750088,6.780336998099,5
46.429308453180,6.793346282038,5
46.429381665191,6.806355602021,5
46.429453386123,6.819364957319,5
46.430937159500,7.222668523611,5
46.430961165882,7.235678625342,5
46.430983681185,7.248688738408,5
46.431004705409,7.261698862084,5
46.438229053864,6.780227854287,5
46.438303769396,6.793239295219,5
46.438376993601,6.806250772193,5
46.438448726478,6.819262284484,5
46.439932746971,7.222632717539,5
46.439956757352,7.235644976261,5
46.439979276404,7.248657246320,5
46.440000304129,7.261669526988,5
46.447224356847,6.780118673761,5
46.447299084822,6.793132272411,5
46.447372321220,6.806145907104,5
46.447444066041,6.819159577113,5
46.447514319287,6.832173281710,5
46.448902827695,7.209582495044,5
46.448928333651,7.222596899422,5
46.448952348030,7.235611315862,5
46.448974870832,7.248625743639,5
46.448995902059,7.261640182025,5
46.456294399223,6.793025213616,5
46.456367647814,6.806041006753,5
46.456439404580,6.819056835205,5
46.456509669522,6.832072698246,5
46.456578442639,6.845088595150,5
46.456645723932,6.858104525190,5
46.457871407078,7.196527956407,5
46.457898409104,7.209544506439,5
46.457923919306,7.222561069261,5
46.457947937683,7.235577644145,5
46.457970464236,7.248594230365,5
46.457991498964,7.261610827194,5
46.465289712366,6.792918118834,5
46.465362973150,6.805936071139,5
46.465434741862,6.818954058760,5
46.465505018500,6.831972080971,5
46.465573803065,6.844990137044,5
46.465641095558,6.858008226253,5
46.465706895977,6.871026347871,5
46.465771204323,6.884044501172,5
46.466866982734,7.196487795864,5
46.466893989256,7.209506505065,5
46.466919503704,7.222525227055,5
46.466943526079,7.235543961108,5
46.466987094611,7.261581462496,5
46.474358296996,6.805831100264,5
46.474430077652,6.818851247779,5
46.474500365987,6.831871429884,5
46.474569162000,6.844891645852,5
46.474636465692,6.857911894955,5
46.474702277063,6.870932176468,5
46.474766596112,6.883952489664,5
46.474829422841,6.896972833816,5
46.474890757247,6.909993208197,5
46.475862556900,7.196447621825,5
46.475889567916,7.209468490921,5
46.475915086611,7.222489372806,5
46.475939112984,7.235510266753,5
46.483495711749,6.831770744987,5
46.483564519210,6.844793121575,5
46.483631834102,6.857815531299,5
46.483697656425,6.870837973432,5
46.483761986177,6.883860447247,5
46.483824823360,6.896882952019,5
46.483886167974,6.909905487020,5
46.483946020017,6.922928051524,5
46.484004379491,6.935950644803,5
46.484799620610,7.170361416134,5
46.484829621260,7.183384418091,5
46.484858129341,7.196407434291,5
46.484885144851,7.209430464007,5
46.484910667793,7.222453506512,5
46.492627200555,6.857719135282,5
46.492693033829,6.870743738760,5
46.492757374284,6.883768373922,5
46.492820221922,6.896793040039,5
46.492881576742,6.909817736386,5
46.492941438744,6.922842462235,5
46.492999807928,6.935867216861,5
46.493056684293,6.948891999535,5
46.493112067841,6.961916809533,5
46.493165958571,6.974941646126,5
46.493696207525,7.131241495228,5
46.493730691620,7.144266611443,5
46.493763682898,7.157291744080,5
46.493795181358,7.170316892414,5
46.493825187000,7.183342055716,5
46.493853699824,7.196367233262,5
46.493880719829,7.209392424323,5
46.493906247017,7.222417628174,5
46.501752760200,6.883676269688,5
46.501815618293,6.896703097876,5
46.501876983319,6.909729956294,5
46.501936855279,6.922756844215,5
46.501995234173,6.935783760912,5
46.502052120000,6.948810705657,5
46.502107512761,6.961837677726,5
46.502161412456,6.974864676391,5
46.502213819084,6.987891700925,5
46.502264732646,7.000918750601,5
46.502618290754,7.105135965950,5
46.502655766719,7.118163209211,5
46.502691749617,7.131190470347,5
46.502726239450,7.144217748633,5
46.502759236216,7.157245043342,5
46.502790739915,7.170272353746,5
46.502820750549,7.183299679120,5
46.502849268116,7.196327018737,5
46.502876292616,7.209354371869,5
46.510872387472,6.909642146745,5
46.510932269390,6.922671197463,5
46.510990657994,6.935700276956,5
46.511047553283,6.948729384499,5
46.511102955257,6.961758519364,5
46.511156863916,6.974787680825,5
46.511209279261,6.987816868156,5
46.511260201291,7.000846080629,5
46.511309630007,7.013875317519,5
46.511357565407,7.026904578098,5
46.511448956265,7.052963167416,5
46.511534373864,7.079021842772,5
46.511613818204,7.105080598352,5
46.511651300402,7.118110004410,5
46.511687289286,7.131139428343,5
46.511721784855,7.144168869426,5
46.511754787109,7.157198326931,5
46.511786296048,7.170227800133,5
46.511816311673,7.183257288303,5
46.511844833983,7.196286790717,5
46.511871862979,7.209316306646,5
46.520042983907,6.948648036059,5
46.520098395094,6.961679334447,5
46.520152312719,6.974710659430,5
46.520204736780,6.987742010283,5
46.520255667278,7.000773386279,5
46.520305104214,7.013804786691,5
46.520353047586,7.026836210792,5
46.520399497395,7.039867657856,5
46.520444453642,7.052899127155,5
46.520487916325,7.065930617964,5
46.520529885445,7.078962129556,5
46.520570361002,7.091993661204,5
46.520609342997,7.105025212181,5
46.520646831428,7.118056781760,5
46.520682826296,7.131088369216,5
46.520750335344,7.157151594849,5
46.529147758630,6.974633612205,5
46.529200191408,6.987667127306,5
46.529251130374,7.000700667550,5
46.529300575530,7.013734232210,5
46.529348526873,7.026767820559,5
46.529394984406,7.039801431870,5
46.529439948127,7.052835065418,5
46.529483418037,7.065868720475,5
46.529525394135,7.078902396314,5
46.529565876422,7.091936092210,5
46.529604864898,7.104969807435,5
46.529642359563,7.118003541262,5
46.538246590346,7.000627924442,5
46.538296043721,7.013663654075,5
46.538344003036,7.026699407398,5
46.538390468292,7.039735183683,5
46.538435439488,7.052770982204,5
46.538478916624,7.065806802234,5
46.538520899701,7.078842643047,5
46.538561388718,7.091878503916,5
46.538600383675,7.104914384115,5
46.538637884573,7.117950282916,5
46.547339475842,7.026630971309,5
46.547385948820,7.039668913293,5
46.547430927491,7.052706877513,5
46.547474411854,7.065744863243,5
46.547516401909,7.078782869755,5
46.547595899094,7.104858942220,5
