45.93571493,8.91362054,6
45.94504381,8.88807833,6
45.94487695,8.90097061,6
45.94470862,8.91386281,6
45.94453881,8.92675493,6
45.94436751,8.93964696,6
45.94419475,8.95253891,6
45.94402050,8.96543077,6
45.95452936,8.84963276,6
45.95436691,8.86252741,6
45.95420298,8.87542197,6
45.95403757,8.88831645,6
45.95387069,8.90121086,6
45.95370232,8.91410517,6
45.95353248,8.92699941,6
45.95336116,8.93989356,6
45.95318836,8.95278763,6
45.95301409,8.96568161,6
45.95283833,8.97857551,6
45.95266110,8.99146931,6
45.96400177,8.81117385,6
45.96384373,8.82407085,6
45.96368421,8.83696777,6
45.96352321,8.84986461,6
45.96336073,8.86276137,6
45.96319678,8.87565806,6
45.96303134,8.88855466,6
45.96286443,8.90145118,6
45.96269604,8.91434762,6
45.96252617,8.92724397,6
45.96235482,8.94014024,6
45.96218199,8.95303643,6
45.96200769,8.96593253,6
45.96183191,8.97882855,6
45.96165464,8.99172447,6
45.96147590,9.00462031,6
45.96129568,9.01751607,6
45.97406080,8.72110346,6
45.97391308,8.73400310,6
45.97376389,8.74690267,6
45.97361321,8.75980217,6
45.97346106,8.77270160,6
45.97330742,8.78560095,6
45.97315231,8.79850022,6
45.97299572,8.81139942,6
45.97283765,8.82429853,6
45.97267810,8.83719758,6
45.97251708,8.85009654,6
45.97235457,8.86299542,6
45.97219059,8.87589422,6
45.97202513,8.88879295,6
45.97185819,8.90169159,6
45.97168977,8.91459014,6
45.97134849,8.94038701,6
45.97117564,8.95328532,6
45.97100130,8.96618354,6
45.97082549,8.97908167,6
45.97064820,8.99197972,6
45.97046943,9.00487768,6
45.97028918,9.01777555,6
45.97010745,9.03067334,6
45.96992424,9.04357103,6
45.98348930,8.68260853,6
45.98334599,8.69551051,6
45.98320120,8.70841242,6
45.98305494,8.72131425,6
45.98290720,8.73421602,6
45.98275797,8.74711771,6
45.98260727,8.76001933,6
45.98245509,8.77292088,6
45.98230143,8.78582235,6
45.98214630,8.79872374,6
45.98198968,8.81162506,6
45.98183158,8.82452630,6
45.98167201,8.83742746,6
45.98151096,8.85032854,6
45.98134842,8.86322955,6
45.98118441,8.87613047,6
45.97981908,8.97933489,6
45.97964176,8.99223505,6
45.97946296,9.00513514,6
45.97928268,9.01803513,6
45.97910092,9.03093503,6
45.97891769,9.04383485,6
45.99276574,8.65700462,6
45.99262537,8.66990886,6
45.99248352,8.68281303,6
45.99234019,8.69571714,6
45.99219538,8.70862117,6
45.99204909,8.72152513,6
45.99190132,8.73442901,6
45.99175207,8.74733283,6
45.99160135,8.76023657,6
45.99144914,8.77314024,6
45.99129546,8.78604383,6
45.99114029,8.79894734,6
45.99098365,8.81185078,6
45.99082553,8.82475414,6
45.99066593,8.83765743,6
45.99050484,8.85056063,6
45.98845650,9.00539268,6
45.98827619,9.01829479,6
45.98809441,9.03119682,6
45.98791114,9.04409875,6
46.00189894,8.64429852,6
46.00176002,8.65720495,6
46.00161962,8.67011132,6
46.00147775,8.68301761,6
46.00133439,8.69592383,6
46.00118956,8.70882999,6
46.00104325,8.72173607,6
46.00089545,8.73464208,6
46.00074618,8.74754802,6
46.00059543,8.76045388,6
46.00044320,8.77335967,6
46.00028949,8.78626538,6
46.00013430,8.79917102,6
45.99708790,9.03145869,6
45.99690460,9.04436275,6
46.01089325,8.64449680,6
46.01075431,8.65740535,6
46.01061389,8.67031384,6
46.01047199,8.68322226,6
46.01032861,8.69613060,6
46.01018375,8.70903888,6
46.00608141,9.03172066,6
46.00589808,9.04462684,6
46.02002505,8.63178440,6
46.01988757,8.64469514,6
46.01974861,8.65760582,6
46.01960816,8.67051643,6
46.01946624,8.68342697,6
46.02901941,8.63198069,6
46.02888190,8.64489356,6
46.02874292,8.65780636,6
46.02860245,8.67071909,6
46.02370018,9.05806562,6
46.02351383,9.07097587,6
46.02332600,9.08388603,6
46.02313669,9.09679609,6
46.02294590,9.10970606,6
46.03828439,8.60634685,6
46.03814982,8.61926198,6
46.03801377,8.63217704,6
46.03787625,8.64509204,6
46.03773724,8.65800697,6
46.03231941,9.08415676,6
46.03213007,9.09706895,6
46.03193924,9.10998104,6
46.04727881,8.60653902,6
46.04714422,8.61945628,6
46.04700815,8.63237347,6
46.04687060,8.64529059,6
46.04131283,9.08442759,6
46.04112346,9.09734190,6
46.04093260,9.11025612,6
46.04074026,9.12317025,6
46.05627324,8.60673126,6
46.05613863,8.61965064,6
46.05600253,8.63256996,6
46.05030626,9.08469851,6
46.05011685,9.09761495,6
46.04992597,9.11053129,6
46.04973360,9.12344755,6
46.04953975,9.13636370,6
46.06526768,8.60692356,6
46.06513304,8.61984507,6
46.06499693,8.63276651,6
46.05929970,9.08496952,6
46.05911026,9.09788808,6
46.05891934,9.11080656,6
46.05872694,9.12372494,6
46.05853306,9.13664322,6
46.07426213,8.60711593,6
46.07412747,8.62003957,6
46.07399133,8.63296314,6
46.06810367,9.09816131,6
46.06791272,9.11108192,6
46.06772029,9.12400243,6
46.06752637,9.13692284,6
46.06733098,9.14984316,6
46.08325658,8.60730837,6
46.08312190,8.62023413,6
46.08298574,8.63315983,6
46.07709710,9.09843464,6
46.07690611,9.11135737,6
46.07671365,9.12428001,6
46.07651970,9.13720255,6
46.07632427,9.15012500,6
46.09225105,8.60750086,6
46.09211634,8.62042876,6
46.09198016,8.63335659,6
46.08589951,9.11163292,6
46.08570702,9.12455768,6
46.08551304,9.13748236,6
46.08531757,9.15040693,6
46.10124552,8.60769343,6
46.10111079,8.62062346,6
46.10097458,8.63355341,6
46.09489292,9.11190856,6
46.09470039,9.12483546,6
46.09450638,9.13776226,6
46.09431088,9.15068896,6
46.11024000,8.60788606,6
46.11010525,8.62081822,6
46.10996902,8.63375031,6
46.10983131,8.64668233,6
46.10388634,9.11218429,6
46.10369377,9.12511332,6
46.10349973,9.13804225,6
46.10330420,9.15097109,6
46.11923449,8.60807876,6
46.11909972,8.62101305,6
46.11896346,8.63394727,6
46.11882572,8.64688142,6
46.11287976,9.11246012,6
46.11268717,9.12539128,6
46.11249309,9.13832235,6
46.11229753,9.15125331,6
46.12822898,8.60827152,6
46.12809419,8.62120794,6
46.12795791,8.63414429,6
46.12187319,9.11273604,6
46.12168056,9.12566934,6
46.12148645,9.13860253,6
46.12129086,9.15153563,6
46.13774792,8.55670948,6
46.13761904,8.56964830,6
46.13748867,8.58258704,6
46.13735682,8.59552573,6
46.13722348,8.60846435,6
46.13708867,8.62140290,6
46.13086663,9.11301206,6
46.13067397,9.12594749,6
46.13047983,9.13888282,6
46.13028420,9.15181805,6
46.13008709,9.16475319,6
46.14674252,8.55689384,6
46.14661361,8.56983479,6
46.14648322,8.58277567,6
46.14635135,8.59571649,6
46.14621799,8.60865724,6
46.13966738,9.12622573,6
46.13947321,9.13916319,6
46.13927755,9.15210056,6
46.13908041,9.16503783,6
46.15573712,8.55707826,6
46.15560819,8.57002134,6
46.15547778,8.58296436,6
46.15534589,8.59590731,6
46.14866080,9.12650407,6
46.14846659,9.13944367,6
46.14827090,9.15238317,6
46.14807373,9.16532258,6
46.14787507,9.17826188,6
46.16460278,8.57020796,6
46.16447235,8.58315311,6
46.16434043,8.59609820,6
46.15745999,9.13972424,6
46.15726426,9.15266587,6
46.15706706,9.16560741,6
46.15686836,9.17854886,6
46.17346692,8.58334193,6
46.17333498,8.59628916,6
46.16625763,9.15294867,6
46.16606039,9.16589235,6
46.18232954,8.59648017,6
46.18219609,8.60942947,6
46.17544679,9.14028566,6
46.17525100,9.15323157,6
46.17505373,9.16617738,6
46.19145609,8.58371976,6
46.19132410,8.59667126,6
46.18444020,9.14056651,6
46.18424438,9.15351456,6
46.18404707,9.16646251,6
46.20058120,8.57095507,6
46.20045068,8.58390877,6
46.20031867,8.59686241,6
46.19362799,9.12789718,6
46.19343362,9.14084746,6
46.19323776,9.15379765,6
46.19304043,9.16674774,6
46.20957581,8.57114201,6
46.20944527,8.58409785,6
46.20931324,8.59705362,6
46.20262144,9.12817609,6
46.20242704,9.14112851,6
46.20223115,9.15408083,6
46.20203378,9.16703306,6
46.21843987,8.58428698,6
46.21830782,8.59724490,6
46.21817429,8.61020275,6
46.21803927,8.62316053,6
46.21790276,8.63611825,6
46.21142047,9.14140965,6
46.21122455,9.15436411,6
46.21102714,9.16731848,6
46.21082825,9.18027275,6
46.22743448,8.58447619,6
46.22730241,8.59743624,6
46.22716885,8.61039623,6
46.22703381,8.62335615,6
46.22689728,8.63631601,6
46.22041390,9.14169089,6
46.22021795,9.15464749,6
46.22002051,9.16760400,6
46.21982158,9.18056041,6
46.23629699,8.59762765,6
46.23616341,8.61058978,6
46.23602835,8.62355184,6
46.23589180,8.63651384,6
46.23575376,8.64947577,6
46.22940734,9.14197222,6
46.22921135,9.15493096,6
46.22901388,9.16788961,6
46.24515798,8.61078339,6
46.24502290,8.62374760,6
46.24488632,8.63671174,6
46.24474826,8.64967581,6
46.23820476,9.15521453,6
46.23800725,9.16817532,6
46.23780826,9.18113602,6
46.25388085,8.63690971,6
46.25374277,8.64987592,6
46.24719817,9.15549820,6
46.24700063,9.16846113,6
46.24680161,9.18142397,6
46.26287538,8.63710774,6
46.26273728,8.65007610,6
46.25658227,9.12985151,6
46.25638767,9.14281678,6
46.25619159,9.15578196,6
46.25599402,9.16874703,6
46.25579496,9.18171201,6
46.27200656,8.62433527,6
46.27186992,8.63730584,6
46.27173179,8.65027634,6
46.27159217,8.66324677,6
46.26633940,9.07826049,6
46.26615072,9.09122828,6
46.26596055,9.10419597,6
46.26576889,9.11716358,6
46.26557575,9.13013108,6
46.26538112,9.14309850,6
46.26518500,9.15606581,6
46.26498740,9.16903303,6
46.26478831,9.18200016,6
46.28100112,8.62453129,6
46.28086446,8.63750400,6
46.28072631,8.65047665,6
46.27552024,9.06556155,6
46.27533302,9.07853158,6
46.27514430,9.09150151,6
46.27495410,9.10447135,6
46.27476241,9.11744109,6
46.27456924,9.13041075,6
46.27437458,9.14338030,6
46.27417843,9.15634977,6
46.27398079,9.16931913,6
46.28999569,8.62472738,6
46.28985900,8.63770224,6
46.28972083,8.65067703,6
46.28958116,8.66365175,6
46.28944001,8.67662641,6
46.28929738,8.68960100,6
46.28915325,8.70257551,6
46.28900764,8.71554996,6
46.28469966,9.05285833,6
46.28451389,9.06583059,6
46.28432664,9.07880275,6
46.28413789,9.09177483,6
46.28394766,9.10474682,6
46.28375594,9.11771871,6
46.29899026,8.62492353,6
46.29885355,8.63790054,6
46.29871535,8.65087748,6
46.29857566,8.66385435,6
46.29843449,8.67683115,6
46.29829183,8.68980788,6
46.29814768,8.70278454,6
46.29800204,8.71576114,6
46.29785492,8.72873766,6
46.29770631,8.74171410,6
46.29529862,8.93635166,6
46.29512621,8.94932686,6
46.29495231,8.96230197,6
46.29406049,9.02717622,6
46.29387766,9.04015080,6
46.29369335,9.05312530,6
46.29350755,9.06609971,6
46.29332026,9.07907402,6
46.30770987,8.65107799,6
46.30757016,8.66405701,6
46.30742897,8.67703596,6
46.30728628,8.69001484,6
46.30714211,8.70299365,6
46.30699645,8.71597238,6
46.30684930,8.72895105,6
46.30670066,8.74192965,6
46.30463300,8.91064448,6
46.30446353,8.92362199,6
46.30429258,8.93659941,6
46.30412013,8.94957675,6
46.30394620,8.96255401,6
46.30377079,8.97553118,6
46.30359388,8.98850826,6
46.30341549,9.00148526,6
46.30323561,9.01446217,6
46.30305424,9.02743899,6
46.30287138,9.04041572,6
46.31599086,8.71618370,6
46.31584368,8.72916452,6
46.31569502,8.74214526,6
46.31554487,8.75512593,6
46.31461273,8.83300838,6
46.31445216,8.84598851,6
46.31396153,8.88492845,6
46.31379502,8.89790827,6
46.31362701,8.91088801,6
46.31345752,8.92386767,6
46.31328653,8.93684724,6
46.31311406,8.94982673,6
46.31294010,8.96280613,6
46.31276466,8.97578545,6
46.31258772,8.98876468,6
46.31240930,9.00174382,6
46.31222939,9.01472288,6
46.31204799,9.02770185,6
46.31186510,9.04068073,6
46.32498527,8.71639510,6
46.32483807,8.72937806,6
46.32468938,8.74236095,6
46.32453921,8.75534377,6
46.32438755,8.76832651,6
46.32423440,8.78130918,6
46.32376601,8.82025674,6
46.32360691,8.83323910,6
46.32344632,8.84622139,6
46.32328423,8.85920360,6
46.32312066,8.87218573,6
46.32295561,8.88516777,6
46.32278906,8.89814974,6
46.32262103,8.91113163,6
46.32245150,8.92411343,6
46.32228049,8.93709515,6
46.32210799,8.95007679,6
46.32193400,8.96305834,6
46.32175853,8.97603980,6
46.32158156,8.98902118,6
46.32140311,9.00200248,6
46.32122317,9.01498368,6
46.32104174,9.02796480,6
46.33368375,8.74257671,6
46.33353355,8.75556168,6
46.33338186,8.76854657,6
46.33322868,8.78153139,6
46.33307402,8.79451613,6
46.33276022,8.82048539,6
46.33260109,8.83346991,6
46.33244047,8.84645434,6
46.33227836,8.85943870,6
46.33211477,8.87242298,6
46.33194968,8.88540717,6
46.33178311,8.89839129,6
46.33161504,8.91137532,6
46.33144549,8.92435928,6
46.33127445,8.93734315,6
46.33092791,8.96331063,6
46.33075240,8.97629425,6
46.33057541,8.98927778,6
46.33039693,9.00226122,6
46.33021695,9.01524457,6
46.34237617,8.76876670,6
46.34222297,8.78175367,6
46.34206828,8.79474057,6
46.34191210,8.80772738,6
46.34175443,8.82071412,6
46.34159528,8.83370079,6
46.34143463,8.84668737,6
46.34127249,8.85967388,6
46.34110887,8.87266031,6
46.34094376,8.88564665,6
46.34077716,8.89863292,6
46.35137049,8.76898691,6
46.35121726,8.78197603,6
46.35106255,8.79496507,6
46.35090634,8.80795404,6
46.35074865,8.82094293,6
46.35058946,8.83393175,6
46.36005681,8.79518966,6
