46.097469676320,7.004163667409,6
46.097518726923,7.017094166597,6
46.097566295635,7.030024689474,6
46.097612382455,7.042955235313,6
46.097656987385,7.055885803389,6
46.106414482102,6.991159489559,6
46.106465023065,7.004092094477,6
46.106514081888,7.017024723812,6
46.106561658571,7.029957376836,6
46.106607753115,7.042890052822,6
46.106652365519,7.055822751044,6
46.106695495783,7.068755470776,6
46.106737143908,7.081688211290,6
46.106777309893,7.094620971861,6
46.115460377652,7.004020497167,6
46.115509444695,7.016955257374,6
46.115557029350,7.029890041270,6
46.115603131617,7.042824848129,6
46.115647751496,7.055759677223,6
46.115690888986,7.068694527827,6
46.115732544089,7.081629399214,6
46.115772716804,7.094564290657,6
46.115811407131,7.107499201429,6
46.124405181950,6.991012008089,6
46.124455739848,7.003948875478,6
46.124504815111,7.016885767283,6
46.124598517727,7.042759621233,6
46.124643145081,7.055696581926,6
46.124686289798,7.068633564128,6
46.124727951879,7.081570567112,6
46.124768131324,7.094507590153,6
46.124806828132,7.107444632523,6
46.133239946644,6.952121384325,6
46.133294961665,6.965060306429,6
46.133348493801,6.977999255129,6
46.133400543053,6.990938229698,6
46.133451109420,7.003877229410,6
46.133681697986,7.068572579677,6
46.133723367045,7.081511714985,6
46.133763553219,7.094450870349,6
46.133802256509,7.107390045043,6
46.133839476914,7.120329238339,6
46.141873996796,6.874395449973,6
46.142235287995,6.952041181682,6
46.142290312229,6.964982236835,6
46.142343853330,6.977923318584,6
46.142395911299,6.990864426203,6
46.142718789353,7.081452842833,6
46.142758982257,7.094394131246,6
46.142797692028,7.107335438988,6
46.142834918667,7.120276765333,6
46.150598715807,6.822530685130,6
46.150668583068,6.835473568131,6
46.150736966947,6.848416484994,6
46.150803867445,6.861359434994,6
46.150869284562,6.874302417403,6
46.150933218298,6.887245431494,6
46.150995668652,6.900188476542,6
46.151230636255,6.951960951759,6
46.151285669702,6.964904140687,6
46.151339219769,6.977847356210,6
46.151714218570,7.081393950655,6
46.151754418204,7.094337372843,6
46.151793134457,7.107280814360,6
46.151830367328,7.120224274479,6
46.151866116818,7.133167752475,6
46.151900382927,7.146111247620,6
46.151933165654,7.159054759187,6
46.151964465001,7.171998286451,6
46.159522602366,6.809484100013,6
46.159593964953,6.822429082924,6
46.159663843910,6.835374100425,6
46.159732239238,6.848319151789,6
46.159928523443,6.887154501790,6
46.159990984251,6.900099681337,6
46.160051961431,6.913044891114,6
46.160111454980,6.925990130394,6
46.160169464900,6.938935398450,6
46.160225991191,6.951880694555,6
46.160281033851,6.964826017983,6
46.160709654462,7.081335038452,6
46.160749860826,7.094280595140,6
46.160788583560,7.107226171157,6
46.160825822665,7.120171765776,6
46.160861578140,7.133117378272,6
46.160895849985,7.146063007917,6
46.160928638201,7.159008653985,6
46.160959942787,7.171954315749,6
46.160989763743,7.184899992482,6
46.168517846009,6.809380328045,6
46.168589220541,6.822327446183,6
46.168659111194,6.835274598909,6
46.168727517970,6.848221785499,6
46.169047293679,6.912958200952,6
46.169106797187,6.925905575458,6
46.169164816817,6.938852978739,6
46.169221352569,6.951800410070,6
46.169745309890,7.094223798137,6
46.169784039106,7.107171509380,6
46.169821284444,7.120119239225,6
46.169857045904,7.133066986946,6
46.169891323486,7.146014751817,6
46.169924117189,7.158962533111,6
46.169955427015,7.171910330100,6
46.169985252963,7.184858142059,6
46.177513095861,6.809276520816,6
46.177584482337,6.822225774905,6
46.177654384688,6.835175063582,6
46.177722802912,6.848124386123,6
46.178779500861,7.107116829028,6
46.178816752432,7.120066694825,6
46.178852519877,7.133016578498,6
46.178886803195,7.145966479320,6
46.178919602387,7.158916396564,6
46.178950917453,7.171866329505,6
46.178980748392,7.184816277415,6
46.179009095205,7.197766239567,6
46.179035957891,7.210716215236,6
46.186361101721,6.783270003468,6
46.186435468892,6.796221322875,6
46.186508351688,6.809172678325,6
46.186579750110,6.822124069090,6
46.186649664157,6.835075494445,6
46.187915093560,7.158870244346,6
46.187946413865,7.171822313963,6
46.187976249796,7.184774398550,6
46.188004601352,7.197726497379,6
46.188031468534,7.210678609725,6
46.188056851341,7.223630734859,6
46.188080749773,7.236582872057,6
46.195280474421,6.770208430871,6
46.195356338656,6.783161850910,6
46.195430718269,6.796115307719,6
46.195503613258,6.809068800571,6
46.195575023624,6.822022328739,6
46.195644949368,6.834975891496,6
46.196941916020,7.171778283475,6
46.196971756943,7.184732505464,6
46.197000113242,7.197686741696,6
46.197026984918,7.210640991444,6
46.197052371972,7.223595253981,6
46.197076274402,7.236549528580,6
46.204119495711,6.744187100351,6
46.204198342379,6.757142582800,6
46.204275704175,6.770098103472,6
46.204351581100,6.783053661639,6
46.204425973154,6.796009256576,6
46.204498880337,6.808964887556,6
46.205937423684,7.171734238041,6
46.205995630641,7.197646972517,6
46.206022506812,7.210603360393,6
46.206047898112,7.223559761058,6
46.206071804540,7.236516173785,6
46.206094226097,7.249472597849,6
46.213034359642,6.731114875453,6
46.213114704616,6.744072457806,6
46.213193564470,6.757030079109,6
46.213270939205,6.769987738634,6
46.213346828820,6.782945435655,6
46.213421233315,6.795903169445,6
46.213494152691,6.808860939278,6
46.215018033981,7.210565716572,6
46.215043429527,7.223524256090,6
46.215067339954,7.236482807671,6
46.215089765261,7.249441370589,6
46.215110705448,7.262399944115,6
46.222109918563,6.743957776372,6
46.222188791604,6.756917537253,6
46.222266179277,6.769877336357,6
46.222342081582,6.782837172958,6
46.222416498518,6.795797046327,6
46.224013566192,7.210528059982,6
46.224038965985,7.223488739079,6
46.224062880410,7.236449430239,6
46.224085309466,7.249410132735,6
46.224106253155,7.262370845840,6
46.224125711476,7.275331568829,6
46.224143684429,7.288292300973,6
46.231024765476,6.730881193811,6
46.231105137319,6.743843056048,6
46.231184023547,6.756804957234,6
46.231261424158,6.769766896642,6
46.233034507252,7.223453210023,6
46.233058425674,7.236416041488,6
46.233080858481,7.249378884289,6
46.233101805671,7.262341737699,6
46.233121267245,7.275304600991,6
46.233139243203,7.288267473440,6
46.240100360651,6.743728296834,6
46.240179260065,6.756692339050,6
46.240256673614,6.769656419489,6
46.242053975515,7.236382641418,6
46.242076412071,7.249347625249,6
46.242097362763,7.262312619689,6
46.242116827590,7.275277624012,6
46.242134806553,7.288242637490,6
46.242151299650,7.301207659398,6
46.249015189612,6.730647353708,6
46.249095588325,6.743613498730,6
46.249174500925,6.756579682702,6
46.249251927413,6.769545904896,6
46.251092924197,7.262283491812,6
46.251112392277,7.275250637890,6
46.251130374245,7.288217793125,6
46.251146870099,7.301184956788,6
46.257845124579,6.704593918981,6
46.257928509450,6.717562126405,6
46.258010407960,6.730530374233,6
46.258090820108,6.743498661737,6
46.258169745895,6.756466988190,6
46.258247185320,6.769435352865,6
46.260088489740,7.262254354067,6
46.260107961073,7.275223642627,6
46.260125946045,7.288192940343,6
46.260142444656,7.301162246487,6
46.266840319188,6.704472613477,6
46.266923717991,6.717442964109,6
46.267005630183,6.730413355143,6
46.267086055766,6.743383785853,6
46.269084059158,7.262225206455,6
46.269103533745,7.275196638222,6
46.269121521722,7.288168079144,6
46.269138023089,7.301139528496,6
46.269153037847,7.314110985550,6
46.275750617848,6.691378813472,6
46.275835517439,6.704351266907,6
46.275918930173,6.717323761471,6
46.276000856049,6.730296296438,6
46.276081295067,6.743268871080,6
46.278099110059,7.275169624674,6
46.278117101040,7.288143209529,6
46.278133605164,7.301116802813,6
46.284745805328,6.691255281178,6
46.284830719099,6.704229879270,6
46.284914145765,6.717204518492,6
46.284996085324,6.730179198117,6
46.287075208688,7.262166881628,6
46.287094689781,7.275142601985,6
46.287112683768,7.288118331497,6
46.287129190648,7.301094069439,6
46.287144210422,7.314069815084,6
46.293740995983,6.691131707091,6
46.293825923935,6.704108450567,6
46.293909364532,6.717085235173,6
46.293991317774,6.730062060181,6
46.296090272679,7.275115570153,6
46.296108269671,7.288093445049,6
46.296124779308,7.301071328375,6
46.296139801590,7.314049219403,6
46.302736189581,6.691008091213,6
46.302821131713,6.703986980798,6
46.302904586241,6.716965911512,6
46.302986553166,6.729944882629,6
46.305085858520,7.275088529180,6
46.305103858516,7.288068550185,6
46.305120370909,7.301048579619,6
46.305135395700,7.314028616756,6
46.311731385888,6.690884433543,6
46.311816342199,6.703865469962,6
46.311899810659,6.716846547511,6
46.311981791267,6.729827665463,6
46.314081447069,7.275061479065,6
46.314099450070,7.288043646904,6
46.314115965220,7.301025823173,6
46.314130992518,7.314008007145,6
46.314144531966,7.326990198092,6
46.320811555161,6.703743918060,6
46.320895037553,6.716727143169,6
46.320977031844,6.729710408681,6
46.323077038094,7.275034419807,6
46.323095044100,7.288018735207,6
46.323111562006,7.301003059036,6
46.323126591813,7.313987390568,6
46.329806770366,6.703622325091,6
46.329890266689,6.716607698486,6
46.329972274663,6.729593112283,6
46.330052794290,6.742578565757,6
46.332072631361,7.275007351408,6
46.332090640372,7.287993815093,6
46.332107161035,7.300980287208,6
46.332122193349,7.313966767025,6
46.332135737316,7.326953253819,6
46.338801987579,6.703500691056,6
46.338885497833,6.716488213462,6
46.338967519491,6.729475776270,6
46.339048052553,6.742463378755,6
46.341086238653,7.287968886563,6
46.341102762072,7.300957507689,6
46.341117796895,7.313946136517,6
46.341131343121,7.326934772322,6
46.347712193537,6.690389384941,6
46.347797206568,6.703379015954,6
46.347880730754,6.716368688097,6
46.347962766095,6.729358400642,6
46.350098364885,7.300934720479,6
46.350113402216,7.313925499044,6
46.350126950702,7.326916284586,6
46.356792427099,6.703257299786,6
46.356875965216,6.716249122391,6
46.356958014241,6.729240985399,6
46.357038574172,6.742232888083,6
46.359093969240,7.300911925578,6
46.359109009079,7.313904854606,6
46.359122559825,7.326897790610,6
46.365787648939,6.703135542552,6
46.365871200988,6.716129516345,6
46.365953263695,6.729123530540,6
46.366033837061,6.742117584412,6
46.368104617251,7.313884203202,6
46.368118170257,7.326879290394,6
46.368130233922,7.339874383835,6
46.374782871855,6.703013744251,6
46.374866437835,6.716009869957,6
46.374948514225,6.729006036066,6
46.375029101026,6.742002241851,6
46.377100226499,7.313863544833,6
46.377113781765,7.326860783938,6
46.383778095612,6.702891904883,6
46.383861675524,6.715890183229,6
46.383943765598,6.728888501977,6
46.384024365834,6.741886860401,6
46.386095836589,7.313842879499,6
46.386109394115,7.326842271243,6
46.386121461802,7.339841669236,6
46.386132039652,7.352841072752,6
46.392773319979,6.702770024450,6
46.392856913822,6.715770456159,6
46.392939017579,6.728770928272,6
46.393019631250,6.741771440061,6
46.395091447288,7.313822207199,6
46.395105007073,7.326823752308,6
46.395117076773,7.339825303666,6
46.395127656386,7.352826860546,6
46.401768544721,6.702648102949,6
46.401852152496,6.715650688749,6
46.401934269936,6.728653314952,6
46.402014897041,6.741655980831,6
46.404072005982,7.300797835711,6
46.404087058362,7.313801527934,6
46.404100620407,7.326805227133,6
46.404112692118,7.339808932581,6
46.404123273494,7.352812643551,6
46.410847391312,6.715530880998,6
46.410929522435,6.728535662017,6
46.411010162975,6.741540482711,6
46.411089312933,6.754545342355,6
46.413067614690,7.300774994665,6
46.413082669579,7.313780841704,6
46.413096233884,7.326786695718,6
46.413108307606,7.339792555982,6
46.419842630037,6.715411032906,6
46.419924774843,6.728417969466,6
46.420005428818,6.741424945701,6
46.420084591962,6.754431960886,6
46.422028636021,7.274736164604,6
46.422046675080,7.287744151051,6
46.422063223308,7.300752145928,6
46.422078280704,7.313760148508,6
46.422091847269,7.326768158063,6
46.428920026927,6.728300237300,6
46.429000694337,6.741309369802,6
46.429079870667,6.754318541254,6
46.429157555917,6.767327750928,6
46.431024238552,7.274708995642,6
46.431042280616,7.287719138357,6
46.431058831600,7.300729289500,6
46.431073891505,7.313739448347,6
46.431087460330,7.326749614169,6
46.437915278452,6.728182465518,6
46.437995959297,6.741193755013,6
46.438075148814,6.754205083457,6
46.438152847003,6.767216450124,6
46.440019840526,7.274681817539,6
46.440037885595,7.287694117246,6
46.440054439336,7.300706425382,6
46.440069501748,7.313718741220,6
46.446910529187,6.728064654122,6
46.446991223467,6.741078101334,6
46.447070426170,6.754091587496,6
46.447148137297,6.767105111881,6
46.449015441709,7.274654630294,6
46.449033489782,7.287669087718,6
46.449050046279,7.300683553572,6
46.449065111200,7.313698027129,6
46.455986486612,6.740962408766,6
46.456065702501,6.753978053371,6
46.456143426567,6.766993736199,6
46.456219658807,6.780009456523,6
46.458011041867,7.274627433906,6
46.458029092945,7.287644049774,6
46.458045652199,7.300660674072,6
46.458060719628,7.313677306072,6
46.464981748499,6.740846677307,6
46.465060977575,6.753864481082,6
46.465138714578,6.766882323079,6
46.465214959509,6.779900202572,6
46.466966056382,7.248562706497,6
46.467006640767,7.274600228377,6
46.467024694850,7.287619003414,6
46.467041256861,7.300637786880,6
46.474056251158,6.753750870628,6
46.474134001099,6.766770872520,6
46.474210258719,6.779790911907,6
46.474285024018,6.792810988064,6
46.475961647036,7.248531172037,6
46.475982688767,7.261552087930,6
46.476002238176,7.274573013705,6
46.476020295265,7.287593948637,6
46.476036860031,7.300614891998,6
46.476051932477,7.313635843061,6
46.483051523016,6.753637222010,6
46.483129285896,6.766659384522,6
46.483205556206,6.779681584530,6
46.483280333946,6.792703821307,6
46.483353619117,6.805726094126,6
46.483425411717,6.818748402262,6
46.484934698164,7.235476561079,6
46.484957235966,7.248499626983,6
46.484978281199,7.261522703496,6
46.484997833861,7.274545789892,6
46.485015893954,7.287568885444,6
46.485032461478,7.300591989425,6
46.492046792916,6.753523535228,6
46.492124568734,6.766547859085,6
46.492200851734,6.779572220439,6
46.492275641916,6.792596618562,6
46.492348939280,6.805621052727,6
46.492420743825,6.818645522208,6
46.492491055553,6.831670026279,6
46.492559874463,6.844694564212,6
46.493930281387,7.235442844087,6
46.493952822939,7.248468071336,6
46.493973871673,7.261493309195,6
46.493993427588,7.274518556937,6
46.501119849382,6.766436296210,6
46.501196145071,6.779462819635,6
46.501270947695,6.792489379829,6
46.501344257252,6.805515976066,6
46.501416073742,6.818542607618,6
46.501486397166,6.831569273760,6
46.501555227524,6.844595973765,6
46.501622564816,6.857622706905,6
46.501688409041,6.870649472455,6
46.502901824050,7.222381737791,6
46.502925862418,7.235409115776,6
46.502948407720,7.248436505097,6
46.502969459955,7.261463905027,6
46.502989019124,7.274491314839,6
46.510266251049,6.792382105109,6
46.510339572799,6.805410864142,6
46.510411401235,6.818439658492,6
46.510481736355,6.831468487430,6
46.510550578161,6.844497350232,6
46.510617926653,6.857526246169,6
46.510683781830,6.870555174516,6
46.510748143692,6.883584134545,6
46.510811012239,6.896613125530,6
46.511897398659,7.222345835365,6
46.511921441025,7.235375376146,6
46.511943990077,7.248404928264,6
46.511965045814,7.261434490990,6
46.519477072886,6.831367667289,6
46.519545926141,6.844398693613,6
46.519613285832,6.857429753073,6
46.519679151960,6.870460844942,6
46.519743524526,6.883491968494,6
46.519806403528,6.896523123001,6
46.519867788967,6.909554307738,6
46.519927680844,6.922585521978,6
46.519986079157,6.935616764994,6
46.520717327602,7.144119973821,6
46.520781849523,7.170183231573,6
46.520811870140,7.183214883266,6
46.520840397193,7.196246549201,6
46.520867430683,7.209278228653,6
46.520892970610,7.222309920894,6
46.520917016975,7.235341625198,6
46.520939569776,7.248373340838,6
46.520960629014,7.261405067087,6
46.528541271229,6.844300003909,6
46.528608642120,6.857333227617,6
46.528674519200,6.870366483734,6
46.528738902468,6.883399771534,6
46.528801791925,6.896433090289,6
46.528863187571,6.909466439274,6
46.528923089406,6.922499817762,6
46.528981497429,6.935533225025,6
46.529038411641,6.948566660338,6
46.529093832041,6.961600122974,6
46.529678360416,7.131037292966,6
46.529712867458,7.144071061819,6
46.529745880688,7.157104847095,6
46.529777400107,7.170138648066,6
46.529807425715,7.183172464007,6
46.529835957511,7.196206294191,6
46.529862995497,7.209240137890,6
46.529888539670,7.222273994379,6
46.529912590033,7.235307862931,6
46.529935146584,7.248341742818,6
46.537734277286,6.883307543665,6
46.537797177198,6.896343027394,6
46.537858583051,6.909378541352,6
46.537918494843,6.922414084813,6
46.537976912576,6.935449657050,6
46.538033836250,6.948485257337,6
46.538089265863,6.961520884946,6
46.538143201417,6.974556539151,6
46.538195642912,6.987592219225,6
46.538673891411,7.130986199593,6
46.538708404189,7.144022133419,6
46.538741422908,7.157058083668,6
46.538772947567,7.170094049613,6
46.538802978166,7.183130030528,6
46.538831514706,7.196166025685,6
46.538858557186,7.209202034358,6
46.538884105606,7.222238055820,6
46.538908159967,7.235274089345,6
46.546792559114,6.896252934316,6
46.546853975172,6.909290613973,6
46.546913896923,6.922328323133,6
46.546972324366,6.935366061069,6
46.547029257501,6.948403827054,6
46.547084696328,6.961441620362,6
46.547138640846,6.974479440266,6
46.547191091057,6.987517286040,6
46.547242046960,7.000555156956,6
46.547291508555,7.013593052288,6
46.547556897656,7.091820896323,6
46.547633406225,7.117897006720,6
46.547669419048,7.130935089096,6
46.547703937563,7.143973188622,6
46.547736961770,7.157011304570,6
46.547768491668,7.170049436214,6
46.547798527259,7.183087582827,6
46.547827068542,7.196125743683,6
46.555967732565,6.935282437081,6
46.556024675161,6.948322369491,6
46.556080123201,6.961362329224,6
46.556134076685,6.974402315552,6
46.556186535612,6.987442327750,6
46.556237499983,7.000482365091,6
46.556286969797,7.013522426847,6
46.556334945056,7.026562512293,6
46.556381425758,7.039602620702,6
46.556426411903,7.052642751347,6
46.556469903493,7.065682903500,6
46.556511900526,7.078723076437,6
46.556552403002,7.091763269430,6
46.556591410923,7.104803481752,6
46.556628924287,7.117843712676,6
46.556664943094,7.130883961477,6
46.556699467345,7.143924227427,6
46.556732497040,7.156964509799,6
46.565129508698,6.974325165008,6
46.565181976342,6.987367344356,6
46.565232949181,7.000409548847,6
46.565282427216,7.013451777754,6
46.565330410445,7.026494030350,6
46.565376898871,7.039536305909,6
46.565421892491,7.052578603703,6
46.565465391307,7.065620923007,6
46.565507395318,7.078663263094,6
46.565547904524,7.091705623237,6
46.565586918926,7.104748002709,6
46.565624438523,7.117790400783,6
46.565660463316,7.130832816734,6
46.565694993304,7.143875249834,6
46.574177413015,6.987292335858,6
46.574228394322,7.000336708225,6
46.574277880576,7.013381105007,6
46.574325871777,7.026425525479,6
46.574372367926,7.039469968913,6
46.574417369021,7.052514434584,6
46.574460875063,7.065558921763,6
46.574502886053,7.078603429726,6
46.574543401989,7.091647957744,6
46.574582422872,7.104692505092,6
46.574619948703,7.117737071042,6
46.574655979480,7.130781654868,6
46.583321328818,7.026356997680,6
46.583367832690,7.039403609716,6
46.583412841260,7.052450243987,6
46.583456354529,7.065496899768,6
46.583498372496,7.078543576332,6
46.583538895162,7.091590272951,6
46.583577922527,7.104636988900,6
46.583615454590,7.117683723452,6
