45.819355449437,7.585300580601,7
45.819337906540,7.598165751734,7
45.819318889450,7.611030913857,7
45.819298398168,7.623896066242,7
45.819276432692,7.636761208163,7
45.819252993023,7.649626338893,7
45.819228079162,7.662491457706,7
45.819201691107,7.675356563875,7
45.819173828859,7.688221656674,7
45.819144492418,7.701086735375,7
45.819113681785,7.713951799252,7
45.819081396958,7.726816847578,7
45.828381229762,7.559590026163,7
45.828366632793,7.572457320792,7
45.828350561382,7.585324607863,7
45.828333015530,7.598191886651,7
45.828313995237,7.611059156428,7
45.828293500502,7.623926416467,7
45.828271531327,7.636793666043,7
45.828248087709,7.649660904428,7
45.828223169651,7.662528130895,7
45.828196777151,7.675395344719,7
45.828168910210,7.688262545172,7
45.828139568827,7.701129731528,7
45.828108753003,7.713996903059,7
45.828076462738,7.726864059040,7
45.827892894792,7.791199580251,7
45.827851757879,7.804066627668,7
45.827809146524,7.816933654448,7
45.837401136734,7.533871019152,7
45.837389486686,7.546740435096,7
45.837376361948,7.559609844936,7
45.837361762520,7.572479247945,7
45.837345688403,7.585348643396,7
45.837328139596,7.598218030564,7
45.837309116099,7.611087408721,7
45.837288617913,7.623956777141,7
45.837266645037,7.636826135097,7
45.837164006636,7.688303447746,7
45.837134660312,7.701172742482,7
45.837103839298,7.714042022394,7
45.837071543594,7.726911286755,7
45.837002528117,7.752649765918,7
45.836965808345,7.765518979267,7
45.836927613882,7.778388174159,7
45.836887944730,7.791257349867,7
45.836846800889,7.804126505664,7
45.836804182357,7.816995640823,7
45.836760089136,7.829864754619,7
45.836714521226,7.842733846324,7
45.846406465007,7.521015096108,7
45.846396287935,7.533886626534,7
45.846384635925,7.546758151584,7
45.846371508976,7.559629670529,7
45.846356907090,7.572501182644,7
45.846340830266,7.585372687201,7
45.846323278504,7.598244183474,7
45.846304251804,7.611115670737,7
45.846283750165,7.623987148263,7
45.846098940434,7.714087157255,7
45.846066639292,7.726958530722,7
45.846032863212,7.739829887911,7
45.845997612193,7.752701228096,7
45.845960886237,7.765572550551,7
45.845922685343,7.778443854548,7
45.845883009511,7.791315139362,7
45.845841858741,7.804186404264,7
45.845799233032,7.817057648530,7
45.845755132386,7.829928871431,7
45.845709556802,7.842800072242,7
45.845662506280,7.855671250235,7
45.845613980820,7.868542404685,7
45.855410336129,7.508154954119,7
45.855401632530,7.521028599027,7
45.855391453744,7.533902239285,7
45.855379799772,7.546775874166,7
45.855366670614,7.559649502942,7
45.855352066269,7.572523124888,7
45.855335986738,7.585396739277,7
45.855027967832,7.739879257962,7
45.854992710878,7.752752707978,7
45.854955978739,7.765626140264,7
45.854917771412,7.778499554093,7
45.854878088900,7.791372948737,7
45.854794298316,7.817119677568,7
45.854750190245,7.829993010300,7
45.854704606987,7.842866320942,7
45.854657548543,7.855739608767,7
45.854609014913,7.868612873048,7
45.864396814428,7.521042106591,7
45.864386633929,7.533917857405,7
45.864374977995,7.546793602843,7
45.864361846627,7.559669342176,7
45.863987823939,7.752804205564,7
45.863951085615,7.765679748406,7
45.863912871857,7.778555272792,7
45.863789377976,7.817181727937,7
45.863745262479,7.830057171226,7
45.863699671548,7.842932592425,7
45.863652605182,7.855807990807,7
45.863604063382,7.868683365644,7
45.863554046147,7.881558716211,7
45.863502553477,7.894434041780,7
45.863449585372,7.907309341625,7
45.873392010469,7.521055618798,7
45.873381828256,7.533933480895,7
45.873370170360,7.546811337614,7
45.872982951141,7.752855720852,7
45.872694750251,7.842998886690,7
45.872647675964,7.855876396354,7
45.872599125993,7.868753882474,7
45.872549100339,7.881631344323,7
45.872497599002,7.894508781175,7
45.872444621983,7.907386192302,7
45.872390169280,7.920263576979,7
45.882387220418,7.521069135648,7
45.882377036492,7.533949109753,7
45.881642760654,7.855944825410,7
45.881594202513,7.868824423537,7
45.881544168441,7.881703997394,7
45.881492658437,7.894583546254,7
45.881439672502,7.907463069389,7
45.881385210636,7.920342566074,7
45.891372258404,7.533964743981,7
45.891360596584,7.546846825442,7
45.890589292708,7.868894988834,7
45.890539250218,7.881776675425,7
45.890487731547,7.894658337018,7
45.890434736697,7.907539972887,7
45.890380265668,7.920421582305,7
45.890147619752,7.971947740939,7
45.900355829976,7.546864578497,7
45.899482818100,7.894733153466,7
45.899429814334,7.907616902794,7
45.899375334141,7.920500625672,7
45.899319377520,7.933384321372,7
45.899261944471,7.946267989168,7
45.899203034994,7.959151628333,7
45.899142649088,7.972035238141,7
45.899080786755,7.984918817865,7
45.899017447994,7.997802366779,7
45.909381643777,7.508223394928,7
45.909372931387,7.521109714061,7
45.909337934157,7.559768640648,7
45.908477917861,7.894807995600,7
45.908424905181,7.907693859112,7
45.908370415824,7.920579696174,7
45.908314449791,7.933465506059,7
45.908257007081,7.946351288039,7
45.908198087696,7.959237041389,7
45.908137691634,7.972122765382,7
45.908075818895,7.985008459291,7
45.908012469481,7.997894122388,7
45.907947643390,8.010779753949,7
45.918376908494,7.508234815443,7
45.918368194638,7.521123249486,7
45.918358003858,7.534011678878,7
45.918318569969,7.572676931883,7
45.917473030598,7.894882863418,7
45.917420009002,7.907770841840,7
45.917365510482,7.920658793812,7
45.917132747155,7.972210322661,7
45.917070864011,7.985098131479,7
45.917007503943,7.997985909487,7
45.916942666950,8.010873655958,7
45.916876353032,8.023761370165,7
45.927389468877,7.469574570203,7
45.927385185075,7.482465129473,7
45.927379424101,7.495355686273,7
45.927372185953,7.508246239876,7
45.926065921869,7.985187834432,7
45.926002551147,7.998077728075,7
45.925937703253,8.010967590182,7
45.925871378185,8.023857420024,7
45.936384761750,7.469579649470,7
45.936380477229,7.482472325102,7
45.936374715285,7.495364998263,7
45.936367475921,7.508257668226,7
45.935060992236,7.985277568147,7
45.934997610861,7.998169578152,7
45.934932752064,8.011061556620,7
45.934866415846,8.023953502823,7
45.945380066899,7.469584730478,7
45.945375781657,7.482479523197,7
45.945370018746,7.495374313444,7
45.945362778164,7.508269100495,7
45.943992682849,7.998261459718,7
45.943927813151,8.011155555273,7
45.943861465783,8.024049618563,7
45.943793640745,8.036943648863,7
45.954378192135,7.456692900953,7
45.954375384091,7.469589813228,7
45.954371098129,7.482486723759,7
45.954365334248,7.495383631819,7
45.954358092450,7.508280536681,7
45.953051169563,7.985457127870,7
45.952987766881,7.998353372774,7
45.952922886280,8.011249586140,7
45.952856527762,8.024145767243,7
45.952788691326,8.037041915355,7
45.963373521607,7.456695866906,7
45.963370713091,7.469594897719,7
45.963366426408,7.482493926787,7
45.963360661560,7.495392953385,7
45.961982862720,7.998445317318,7
45.961917971218,8.011343649223,7
45.961851601550,8.024241948863,7
45.961783753715,8.037140215513,7
45.972368862654,7.456698833875,7
45.972366053667,7.469599983951,7
45.972361766264,7.482501132283,7
45.972356000447,7.495402278144,7
45.970977970136,7.998537293352,7
45.970913067732,8.011437744520,7
45.970846686914,8.024338163424,7
45.970778827680,8.037238549337,7
45.981364215044,7.456701801860,7
45.981361405584,7.469605071925,7
45.981357117462,7.482508340246,7
45.979973088894,7.998629300874,7
45.979908175588,8.011531872031,7
45.979841783619,8.024434410924,7
45.979773912988,8.037336916827,7
45.979704563693,8.050239389012,7
45.990359578543,7.456704770860,7
45.990356768611,7.469610161640,7
45.990352479768,7.482515550675,7
45.988903294553,8.011626031757,7
45.988836891434,8.024530691365,7
45.988769009404,8.037435317982,7
45.988699648462,8.050339910882,7
45.999356136245,7.430892714111,7
45.999356284161,7.443800227639,7
45.999354952917,7.456707740876,7
45.999352142514,7.469615253096,7
45.999347852951,7.482522763572,7
45.997898424393,8.011720223698,7
45.997832010124,8.024627004746,7
45.997764116695,8.037533752803,7
45.997694744107,8.050440467143,7
46.008351521460,7.430891440812,7
46.008351669401,7.443801076505,7
46.008350337933,7.456710711908,7
46.008347527058,7.469620346293,7
46.006893564876,8.011814447854,7
46.006827139457,8.024723351067,7
46.006759234629,8.037632221290,7
46.006689850394,8.050541057795,7
46.006618986751,8.063449859857,7
46.017346917084,7.430890167077,7
46.017347065049,7.443801925662,7
46.017345733359,7.456713683956,7
46.017342922012,7.469625441232,7
46.015888715767,8.011908704224,7
46.015822279198,8.024819730329,7
46.015754362972,8.037730723443,7
46.015684967090,8.050641682839,7
46.026342470874,7.443802775109,7
46.026341138960,7.456716657019,7
46.026338327141,7.469630537913,7
46.026334035417,7.482544417062,7
46.024883876834,8.012002992809,7
46.024817429115,8.024916142531,7
46.024749501491,8.037829259261,7
46.024680093962,8.050742342275,7
46.035337886640,7.443803624846,7
46.035336554503,7.456719631099,7
46.035333742212,7.469635636334,7
46.035329449768,7.482551639826,7
46.033879047844,8.012097313609,7
46.033812588974,8.025012587673,7
46.033744649951,8.037927828746,7
46.033675230775,8.050843036101,7
46.044333312116,7.443804474873,7
46.044331979755,7.456722606194,7
46.044329166992,7.469640736497,7
46.044324873828,7.482558865057,7
46.042874228562,8.012191666623,7
46.042807758542,8.025109065755,7
46.042739808121,8.038026431896,7
46.042670377298,8.050943764319,7
46.053327414482,7.456725582304,7
46.053324601248,7.469645838401,7
46.053320307364,7.482566092755,7
46.053314532830,7.495486344637,7
46.051869418755,8.012286051852,7
46.051802937585,8.025205576777,7
46.051734975766,8.038125068711,7
46.051665533296,8.051044526928,7
46.062322858452,7.456728559431,7
46.062320044746,7.469650942047,7
46.062315750141,7.482573322919,7
46.062309974639,7.495495701320,7
46.060929629613,7.999458785588,7
46.060864618191,8.012380469296,7
46.060798125871,8.025302120740,7
46.060730152653,8.038223739193,7
46.060660698537,8.051145323929,7
46.071315497252,7.469656047434,7
46.071311201928,7.482580555551,7
46.071305425457,7.495505061197,7
46.071298167840,7.508429563645,7
46.069924848960,7.999551108001,7
46.069859826636,8.012474918954,7
46.069793323166,8.025398697642,7
46.069725338549,8.038322443340,7
46.080310958535,7.469661154562,7
46.080306662490,7.482587790649,7
46.080300885051,7.495514424265,7
46.080293626217,7.508441054684,7
46.078920077082,7.999643461904,7
46.078855043856,8.012569400827,7
46.078788529236,8.025495307486,7
46.078720533221,8.038421181154,7
46.089306428359,7.469666263432,7
46.089302131595,7.482595028214,7
46.089296353187,7.495523790526,7
46.089289093136,7.508452549640,7
46.089280351443,7.521381304831,7
46.089270128106,7.534310055370,7
46.087978876231,7.986807748140,7
46.087915313747,7.999735847296,7
46.087850269619,8.012663914914,7
46.087783743848,8.025591950269,7
46.098297609008,7.482602268246,7
46.098291829632,7.495533159979,7
46.098284568364,7.508464048515,7
46.098275825205,7.521394933127,7
46.098265600155,7.534325813087,7
46.098253893214,7.547256687671,7
46.097036223105,7.973967776213,7
46.096974131858,7.986898035600,7
46.096910558720,7.999828264177,7
46.096845503690,8.012758461217,7
46.096778966770,8.025688625992,7
46.107287314152,7.495542532625,7
46.107280051668,7.508475551308,7
46.107271307044,7.521408566066,7
46.107261080280,7.534341576174,7
46.107249371377,7.547274580904,7
46.107236180334,7.560207579530,7
46.106092116725,7.961123544671,7
46.106031497213,7.974055964289,7
46.105969395561,7.986988353824,7
46.105905811769,7.999920712547,7
46.105840745837,8.012853039734,7
46.116275542814,7.508487058018,7
46.116266796724,7.521422203649,7
46.116256568247,7.534357344629,7
46.116244857382,7.547292480232,7
46.116231664129,7.560227609730,7
46.116216988488,7.573162732398,7
46.116200830458,7.586097847509,7
46.115026779162,7.974144182404,7
46.114964667105,7.987078702810,7
46.114901072660,8.000013192406,7
46.114835995827,8.012947650465,7
46.125262294014,7.521435845875,7
46.125252063823,7.534373118453,7
46.125240350996,7.547310385654,7
46.125227155533,7.560247646750,7
46.125212477433,7.573184901016,7
46.125196316697,7.586122147725,7
46.125178673325,7.599059386150,7
46.124082708547,7.961295748468,7
46.124022068721,7.974232430556,7
46.123959946259,7.987169082561,7
46.123896341160,8.000105703755,7
46.134247566775,7.534388897647,7
46.134235851986,7.547328297171,7
46.134222654312,7.560267690591,7
46.134207973754,7.573207077180,7
46.134191810311,7.586146456212,7
46.134174163984,7.599085826960,7
46.133078015638,7.961381894335,7
46.133017365655,7.974320708747,7
46.132955232788,7.987259493075,7
46.132891617035,8.000198246592,7
46.132826518399,8.013136968572,7
46.143218160234,7.560287741251,7
46.143203477217,7.573229260890,7
46.143187311068,7.586170772971,7
46.143169661785,7.599112276768,7
46.142132506878,7.948527092696,7
46.142073329871,7.961468069514,7
46.142012669732,7.974409016976,7
46.141950526459,7.987349934353,7
46.152213673065,7.560307798732,7
46.152198987589,7.573251452145,7
46.152182818733,7.586195098001,7
46.152165166495,7.599138735572,7
46.152146030876,7.612082364133,7
46.151068651013,7.961554274007,7
46.151007980717,7.974497355242,7
46.150945827039,7.987440406394,7
46.161194504637,7.573273650946,7
46.161178333074,7.586219431302,7
46.161160677881,7.599165203374,7
46.161141539058,7.612110966435,7
46.160123175655,7.948695262718,7
46.160063978831,7.961640507811,7
46.160003298378,7.974585723547,7
46.159941134295,7.987530909198,7
46.170190028127,7.573295857293,7
46.170173853857,7.586243772875,7
46.170156195709,7.599191680172,7
46.170137053682,7.612139578459,7
46.169118519823,7.948779390609,7
46.169059313091,7.961726770928,7
46.168998622481,7.974674121889,7
46.168936447993,7.987621442767,7
46.179169380849,7.586268122719,7
46.179151719745,7.599218165967,7
46.179132574516,7.612168200205,7
46.179111945160,7.625118224706,7
46.178171602715,7.935914002187,7
46.178113870200,7.948863547087,7
46.178054653560,7.961813063357,7
46.177993952793,7.974762550270,7
46.188164913816,7.586292480834,7
46.188147249758,7.599244660759,7
46.188128101325,7.612196831674,7
46.188107468517,7.625148992851,7
46.187166968728,7.935996050575,7
46.187109226553,7.948947732152,7
46.187050000004,7.961899385099,7
46.186989289080,7.974851008689,7
46.197160452526,7.586316847220,7
46.197142785512,7.599271164548,7
46.197123633876,7.612225472865,7
46.197102997616,7.625179771445,7
46.197080876733,7.638134059561,7
46.197057271228,7.651088336486,7
46.196218607695,7.923124279941,7
46.196162340483,7.936078126825,7
46.196104588648,7.949031945804,7
46.196045352191,7.961985736153,7
46.195984631110,7.974939497145,7
46.206138326776,7.599297677334,7
46.206119171936,7.612254123779,7
46.206098532224,7.625210560487,7
46.206076407641,7.638166986730,7
46.206052798187,7.651123401783,7
46.205213994371,7.923204245924,7
46.205157717747,7.936160230936,7
46.205099956252,7.949116188043,7
46.205040709886,7.962072116520,7
46.215133873315,7.599324199117,7
46.215114715271,7.612282784415,7
46.215094072108,7.625241359976,7
46.215071943825,7.638199925073,7
46.215048330422,7.651158478980,7
46.215023231900,7.664117020969,7
46.214209386322,7.923284239043,7
46.214153100287,7.936242362908,7
46.214095329132,7.949200458869,7
46.214036072857,7.962158526199,7
46.224089617034,7.625272169914,7
46.224067485050,7.638232874590,7
46.224043867699,7.651193568075,7
46.224018764980,7.664154249643,7
46.223992176893,7.677114918567,7
46.223964103438,7.690075574121,7
46.223204783316,7.923364259297,7
46.223148487869,7.936324522741,7
46.223090707054,7.949284758282,7
46.233063031085,7.638265835280,7
46.233039409785,7.651228669070,7
46.233014302869,7.664191490942,7
46.232987710337,7.677154300171,7
46.232959632188,7.690117096029,7
46.232930068423,7.703079877790,7
46.232899019042,7.716042644726,7
46.232200185119,7.923444306688,7
46.232143880260,7.936406710436,7
46.232086089784,7.949369086281,7
46.242034956447,7.651263781964,7
46.242009845334,7.664228744866,7
46.241983248357,7.677193695125,7
46.241955165514,7.690158632013,7
46.241925596808,7.703123554804,7
46.241894542236,7.716088462771,7
46.241862001800,7.729053355187,7
46.241827975499,7.742018231325,7
46.241792463333,7.754983090460,7
46.241635556025,7.806842342426,7
46.241195591497,7.923524381214,7
46.241139277226,7.936488925993,7
46.241081477090,7.949453442867,7
46.251005392141,7.664266011415,7
46.250978790719,7.677233103429,7
46.250950703183,7.690200182073,7
46.250921129534,7.703167246619,7
46.250890069773,7.716134296342,7
46.250857523898,7.729101330514,7
46.250823491910,7.742068348408,7
46.250787973809,7.755035349298,7
46.250750969596,7.768002332458,7
46.250712479269,7.780969297160,7
46.250672502829,7.793936242679,7
46.250631040277,7.806903168286,7
46.250588091611,7.819870073257,7
46.250245839787,7.910637769164,7
46.250191002217,7.923604482876,7
46.250134678535,7.936571169410,7
46.259916666370,7.703210953236,7
46.259885601418,7.716180145440,7
46.259853050105,7.729149322093,7
46.259819012430,7.742118482469,7
46.259783488394,7.755087625840,7
46.259746477997,7.768056751481,7
46.259707981238,7.781025858665,7
46.259667998119,7.793994946664,7
46.259626528637,7.806964014753,7
46.259583572795,7.819933062205,7
46.259539130591,7.832902088292,7
46.259396885811,7.871809031105,7
46.259346498162,7.884777964469,7
46.259294624152,7.897746872837,7
46.259241263780,7.910715755481,7
46.259186417047,7.923684611674,7
46.259130083952,7.936653440689,7
46.268848580187,7.729197329925,7
46.268814536826,7.742168633507,7
46.268779006855,7.755139920086,7
46.268741990274,7.768111188933,7
46.268703487083,7.781082439324,7
46.268663497283,7.794053670530,7
46.268622020874,7.807024881826,7
46.268579057854,7.819996072484,7
46.268534608225,7.832967241778,7
46.268488671987,7.845938388982,7
46.268441249138,7.858909513369,7
46.268392339680,7.871880614211,7
46.268341943613,7.884851690783,7
46.268290060935,7.897822742357,7
46.268236691648,7.910793768207,7
46.268181835751,7.923764767607,7
46.277774528957,7.755192232034,7
46.277737506193,7.768165644814,7
46.277698996571,7.781139039137,7
46.277659000091,7.794112414276,7
46.277617516752,7.807085769504,7
46.277574546556,7.820059104095,7
46.277530089502,7.833032417321,7
46.277484145590,7.846005708457,7
46.277436714820,7.858978976776,7
46.277387797191,7.871952221551,7
46.277337392705,7.884925442055,7
46.277285501361,7.897898637562,7
46.277232123159,7.910871807344,7
46.286570038667,7.820122157037,7
46.286525574187,7.833097614921,7
46.286479622602,7.846073050715,7
46.286432183910,7.859048463692,7
46.286383258111,7.872023853124,7
46.286332845207,7.884999218286,7
46.286280945196,7.897974558451,7
46.295427656175,7.859117974115,7
46.295378722207,7.872095508931,7
