46.390952486668,7.810454803488,7
46.390909128046,7.823455209577,7
46.390770112259,7.862456295882,7
46.390720793689,7.875456611573,7
46.399948007500,7.810516402165,7
46.399904641651,7.823518962054,7
46.399859785568,7.836521500434,7
46.399813439249,7.849524016577,7
46.399765602695,7.862526509758,7
46.399716275905,7.875528979250,7
46.399665458880,7.888531424325,7
46.409102116029,7.758558963375,7
46.409064704889,7.771563756560,7
46.409025803266,7.784568531143,7
46.408985411158,7.797573286396,7
46.408943528567,7.810578021593,7
46.408900155492,7.823582736007,7
46.408855291934,7.836587428912,7
46.408808937892,7.849592099581,7
46.408761093366,7.862596747288,7
46.408711758357,7.875601371305,7
46.408660932864,7.888605970906,7
46.408608616887,7.901610545364,7
46.408554810427,7.914615093953,7
46.418168026072,7.732598032776,7
46.418133590163,7.745605016238,7
46.418097663522,7.758611982550,7
46.418060246149,7.771618930986,7
46.418021338043,7.784625860819,7
46.417980939206,7.797632771323,7
46.417939049637,7.810639661771,7
46.417895669336,7.823646531437,7
46.417804436537,7.849660205513,7
46.417756584040,7.862667008470,7
46.417707240811,7.875673787738,7
46.417656406850,7.888680542590,7
46.417604082157,7.901687272300,7
46.417550266731,7.914693976140,7
46.417494960574,7.927700653384,7
46.417438163685,7.940707303305,7
46.417379876064,7.953713925177,7
46.417320097711,7.966720518273,7
46.427196535720,7.719637601986,7
46.427163585055,7.732646757847,7
46.427129143409,7.745655897284,7
46.427093210783,7.758665019573,7
46.427055787177,7.771674123986,7
46.427016872590,7.784683209796,7
46.426976467023,7.797692276276,7
46.426934570476,7.810701322701,7
46.426891182948,7.823710348343,7
46.426651880604,7.888755139379,7
46.426599547195,7.901764025065,7
46.426545722805,7.914772884882,7
46.426490407434,7.927781718102,7
46.426433601084,7.940790524000,7
46.426375303753,7.953799301849,7
46.426315515441,7.966808050921,7
46.436192099727,7.719684186752,7
46.436159143573,7.732695499314,7
46.436124696191,7.745706795454,7
46.436088757580,7.758718074445,7
46.436051327740,7.771729335560,7
46.436012406672,7.784740578072,7
46.435971994375,7.797751801254,7
46.435930090850,7.810763004381,7
46.435485853830,7.927862810102,7
46.435429038018,7.940873772702,7
46.435370730977,7.953884707252,7
46.435310932707,7.966895613027,7
46.445219133200,7.706717301503,7
46.445187663035,7.719730787189,7
46.445154701393,7.732744257179,7
46.445120248275,7.745757710747,7
46.445084303679,7.758771147166,7
46.444424474254,7.940957049410,7
46.444366157503,7.953970141388,7
46.444306349276,7.966983204590,7
46.454273176450,7.680730427599,7
46.454244684496,7.693746100650,7
46.454214700817,7.706761759459,7
46.454183225413,7.719777403299,7
46.454150258283,7.732793031442,7
46.454115799427,7.745808643163,7
46.453419909559,7.941040354124,7
46.453361583099,7.954055604256,7
46.453301764913,7.967070825611,7
46.463295757361,7.667752737297,7
46.463268752638,7.680770582744,7
46.463240255941,7.693788414674,7
46.463210267270,7.706806232362,7
46.463178786626,7.719824035080,7
46.463145814008,7.732841822103,7
46.462415343700,7.941123686845,7
46.462357007530,7.954141095855,7
46.462297179386,7.967158476089,7
46.462235859268,7.980175826821,7
46.472316853642,7.654770728494,7
46.472291336646,7.667790746334,7
46.472264327427,7.680810751384,7
46.472235825987,7.693830742919,7
46.472205832325,7.706850720211,7
46.472174346441,7.719870682534,7
46.472141368335,7.732890629161,7
46.472106898006,7.745910559365,7
46.471352430563,7.954226616187,7
46.471292592461,7.967246156025,7
46.471231262137,7.980265666361,7
46.481312435542,7.654806589970,7
46.481286914299,7.667828768140,7
46.481259900586,7.680850933520,7
46.481231394403,7.693873085385,7
46.481201395749,7.706895223007,7
46.480406207555,7.941290436306,7
46.480347851965,7.954312165250,7
46.480288003905,7.967333865419,7
46.480226663374,7.980355536085,7
46.490308015577,7.654842463490,7
46.490282490088,7.667866802716,7
46.490255471880,7.680891129152,7
46.490226960954,7.693915442072,7
46.489343271503,7.954397743046,7
46.489283413485,7.967421604270,7
46.489222062747,7.980445435991,7
46.489159219291,7.993469237483,7
46.499327630284,7.641851835986,7
46.499303593515,7.654878349055,7
46.499278063779,7.667904850061,7
46.499251041077,7.680931338278,7
46.498278820966,7.967509372579,7
46.498217460023,7.980535366081,7
46.498154606112,7.993561329354,7
46.497888260799,8.045664865619,7
46.497817942053,8.058690666846,7
46.497746130341,8.071716433483,7
46.508323209889,7.641885571088,7
46.508299169122,7.654914246664,7
46.508273635139,7.667942910177,7
46.508246607942,7.680971560900,7
46.507274226117,7.967597170345,7
46.507212854967,7.980625326354,7
46.507085633020,8.006681546957,7
46.507019782224,8.019709610098,7
46.506952438213,8.032737640829,7
46.506883600986,8.045765638425,7
46.506813270543,8.058793602158,7
46.506741446886,8.071821531302,7
46.517341338230,7.628888467365,7
46.517318786929,7.641919317509,7
46.517294742164,7.654950156317,7
46.517269203935,7.667980983062,7
46.517242172243,7.681011797017,7
46.516208247346,7.980715316809,7
46.516145372526,7.993745605821,7
46.516081004242,8.006775863877,7
46.516015142494,8.019806090250,7
46.515947787283,8.032836284214,7
46.515878938608,8.045866445041,7
46.515808596469,8.058896572006,7
46.515736760867,8.071926664382,7
46.526336916223,7.628920061147,7
46.526314361171,7.641953075249,7
46.526290312408,7.654986078014,7
46.526264769933,7.668019068717,7
46.525203636928,7.980805337448,7
46.525140751653,7.993837790418,7
46.524874273432,8.045967285469,7
46.524803919597,8.058999576391,7
46.535332491184,7.628951665522,7
46.535309932383,7.641986844307,7
46.535285879622,7.655022011755,7
46.535260332900,7.668057167141,7
46.534260425249,7.967860740389,7
46.534199023479,7.980895388270,7
46.533869605226,8.046068159707,7
46.533799239694,8.059102615313,7
46.544328062881,7.628983280490,7
46.544305500330,7.642020624684,7
46.544281443570,7.655057957541,7
46.544255892602,7.668095278336,7
46.542933816774,8.033132412878,7
46.542864933754,8.046169067756,7
46.542722685089,8.072242275196,7
46.553323631080,7.629014906052,7
46.553301064779,7.642054416379,7
46.553277004022,7.655093915371,7
46.553251448807,7.668133402300,7
46.551996553264,8.020192334456,7
46.551929153253,8.033231188604,7
46.551860258786,8.046270009616,7
46.551789869861,8.059308796765,7
46.551717986479,8.072347549325,7
46.551644608640,8.085386266568,7
46.551493369592,8.111463592201,7
46.551415508382,8.124502199137,7
46.562319195548,7.629046542206,7
46.562296625497,7.642088219394,7
46.562272560741,7.655129885245,7
46.562247001280,7.668171539034,7
46.560785179464,8.059411939296,7
46.560639894106,8.085493742819,7
46.560565009369,8.098534590880,7
46.560488629926,8.111575402171,7
46.560410755778,8.124616175967,7
46.560331386925,8.137656911540,7
46.571335834898,7.616034333571,7
46.571314756051,7.629078188954,7
46.571292182251,7.642122033727,7
46.571268113497,7.655165867164,7
46.569405999210,8.124730190961,7
46.569326617170,8.137773094120,7
46.580331394705,7.616063822601,7
46.580310312357,7.629109846294,7
46.580287734807,7.642155859378,7
46.580263662055,7.655201861126,7
46.578915139371,8.033527714293,7
46.578401238444,8.124844244120,7
46.578321843217,8.137889315589,7
46.589346540481,7.603045118885,7
46.589326950081,7.616093321498,7
46.589305864232,7.629141514228,7
46.589283282932,7.642189696348,7
46.587474386209,8.111911056714,7
46.587396473246,8.124958335443,7
46.587317064833,8.138005575949,7
46.587236160970,8.151052777505,7
46.587153761657,8.164099939386,7
46.598322500793,7.616122830263,7
46.598301411442,7.629173192755,7
46.598278826392,7.642223544637,7
46.596469629285,8.112023016439,7
46.596391703384,8.125072464930,7
46.596312281785,8.138121875198,7
46.596231364487,8.151171246516,7
46.596148951491,8.164220578159,7
46.607337643513,7.603099806033,7
46.607318046607,7.616152348895,7
46.607296953754,7.629204881875,7
46.607274364955,7.642257404245,7
46.605307493839,8.138238213337,7
46.605226563106,8.151289755143,7
46.605144136427,8.164341257273,7
46.616333187449,7.603127163319,7
46.616313587290,7.616181877395,7
46.616292490936,7.629236581588,7
46.614302700762,8.138354590365,7
46.614221756594,8.151408303385,7
46.625346832989,7.590097634577,7
46.625328726020,7.603154529748,7
46.625309122608,7.616211415762,7
46.625288022753,7.629268291894,7
46.623297902320,8.138471006284,7
46.623216944718,8.151526891242,7
46.623134490672,8.164582736525,7
46.634342368967,7.590122837484,7
46.634324258994,7.603181905318,7
46.634304652329,7.616240963997,7
46.634283548972,7.629300012793,7
46.632372572626,8.125529364520,7
46.632293098281,8.138587461092,7
46.632212127244,8.151645518715,7
46.632129659514,8.164703536662,7
46.643337899115,7.590148048806,7
46.643319786137,7.603209290031,7
46.643300176218,7.616270522100,7
46.643279069360,7.629331744285,7
46.641367775942,8.125643684828,7
46.641288288410,8.138703954790,7
46.641207303938,8.151764185803,7
46.641124822526,8.164824377139,7
46.652350041992,7.577109844776,7
46.652333423198,7.590173268545,7
46.652315307215,7.603236683886,7
46.652295694043,7.616300090070,7
46.652274583683,7.629363486371,7
46.650283472475,8.138820487378,7
46.650202474568,8.151882892506,7
46.650119979473,8.164945257958,7
46.661345562534,7.577132898091,7
46.661328940983,7.590198496701,7
46.661310821995,7.603264086882,7
46.661291205571,7.616329667907,7
46.659197638901,8.152001638825,7
46.659115130122,8.165066179118,7
46.659031123906,8.178130679008,7
46.670341076544,7.577155959096,7
46.670324452237,7.590223733273,7
46.670306330245,7.603291499021,7
46.670286710567,7.616359255612,7
46.668192796702,8.152120424759,7
46.668110274240,8.165187140618,7
46.668026254093,8.178253816075,7
46.679301831729,7.603318920301,7
46.679282208798,7.616388853185,7
46.677105411594,8.165308142460,7
46.677021377515,8.178376994209,7
46.688315454219,7.590274231667,7
46.688297326216,7.603346350724,7
46.688277700032,7.616418460625,7
46.686100541950,8.165429184642,7
46.686016493940,8.178500213409,7
46.697292813472,7.603373790289,7
46.697273184035,7.616448077933,7
46.697252056167,7.629522355695,7
46.695178228586,8.152477020252,7
46.695095665075,8.165550267165,7
46.695011603133,8.178623473675,7
46.694926042761,8.191696639056,7
46.706306427276,7.590324763726,7
46.706288293264,7.603401238995,7
46.706268660573,7.616477705108,7
46.706247529204,7.629554161339,7
46.704334016283,8.126444995584,7
46.704254436445,8.139520499590,7
46.704173357930,8.152595964648,7
46.704090780735,8.165671390029,7
46.704006704862,8.178746775008,7
46.703921130310,8.191822118857,7
46.715301902374,7.590350042380,7
46.715283765358,7.603428696844,7
46.715264129414,7.616507342151,7
46.715242994543,7.629585977576,7
46.715220360746,7.642664602392,7
46.713407258646,8.113481899782,7
46.713329164550,8.126559621205,7
46.713249571526,8.139637304407,7
46.713168479575,8.152714948658,7
46.713085888698,8.165792553234,7
46.713001798893,8.178870117407,7
46.724279229520,7.603456163834,7
46.724259590323,7.616536989062,7
46.724238451951,7.629617804407,7
46.724215814404,7.642698609142,7
46.722402411921,8.113594383648,7
46.722324304886,8.126674284992,7
46.722244698675,8.139754148113,7
46.722163593290,8.152833972284,7
46.722080988729,8.165913756780,7
46.721996884993,8.178993500873,7
46.733274685519,7.603483639967,7
46.733255043069,7.616566645840,7
46.733233901195,7.629649641830,7
46.733211259897,7.642732627211,7
46.731474177580,8.100624785468,7
46.731397557030,8.113706904953,7
46.731319437057,8.126788986942,7
46.731239817660,8.139871030708,7
46.731158698840,8.152953035525,7
46.742250487416,7.616596312486,7
46.742229342041,7.629681489847,7
46.742206696993,7.642766656599,7
46.742182552274,7.655851812015,7
46.740469326981,8.100735162841,7
46.740392693742,8.113819463697,7
46.740314560831,8.126903727057,7
46.740234928248,8.139987952194,7
46.751245923132,7.616625988999,7
46.751224774255,7.629713348457,7
46.751202125458,7.642800697305,7
46.751177976741,7.655888034818,7
46.751152328103,7.668975360268,7
46.749539613761,8.087759057204,7
46.749464467752,8.100845576926,7
46.749387821823,8.113932059879,7
46.749309675974,8.127018505335,7
46.749230030204,8.140104912569,7
46.760220197605,7.629745217659,7
46.760197545058,7.642834749330,7
46.760173392343,7.655924269665,7
46.760147739459,7.669013777937,7
46.760120586406,7.682103273420,7
46.760091933184,7.695192755386,7
46.758534758108,8.087867325181,7
46.758459599658,8.100956027725,7
46.758382941039,8.114044693500,7
46.758304782252,8.127133321778,7
46.769215611858,7.629777097455,7
46.769192955561,7.642868812674,7
46.769168798847,7.655960516556,7
46.769143141717,7.669052208376,7
46.769115984169,7.682143887406,7
46.769087326204,7.695235552921,7
46.769057167823,7.708327204192,7
46.769025509024,7.721418840495,7
46.768992349808,7.734510461101,7
46.767603563833,8.074884707011,7
46.767529893358,8.087975629145,7
46.767454722467,8.101066515237,7
46.767378051158,8.114157364559,7
46.767299879432,8.127248176386,7
46.778188356733,7.642902887336,7
46.778164196021,7.655996775492,7
46.778138534643,7.669090651585,7
46.778111372601,7.682184514888,7
46.778082709893,7.695278364676,7
46.778052546520,7.708372200221,7
46.778020882481,7.721466020796,7
46.777987717777,7.734559825676,7
46.776810745957,8.035711334477,7
46.776741565285,8.048804544653,7
46.776670883947,8.061897720966,7
46.776598701945,8.074990862690,7
46.776525019277,8.088083969097,7
46.776449835944,8.101177039462,7
46.776373151945,8.114270073058,7
46.787133918006,7.669129107563,7
46.787106751468,7.682225155865,7
46.787078084017,7.695321190652,7
46.787047915653,7.708417211196,7
46.787016246374,7.721513216770,7
46.786983076182,7.734609206648,7
46.786948405077,7.747705180104,7
46.786912233057,7.760801136410,7
46.785939791093,8.009620081392,7
46.785873600800,8.022715542111,7
46.785805909594,8.035810970422,7
46.785736717474,8.048906365596,7
46.785666024440,8.062001726908,7
46.785593830492,8.075097053630,7
46.785520135631,8.088192345036,7
46.785444939857,8.101287600400,7
46.785368243168,8.114382818995,7
46.796073448344,7.695364030849,7
46.796043274988,7.708462237117,7
46.796011600470,7.721560428416,7
46.795978424789,7.734658604018,7
46.795943747947,7.747756763198,7
46.795907569943,7.760854905229,7
46.795869890777,7.773953029384,7
46.795062866086,7.983519991763,7
46.794999667165,7.996617700846,7
46.794934967083,8.009715378972,7
46.794868765839,8.022813025417,7
46.794801063433,8.035910639451,7
46.794731859865,8.049008220350,7
46.794661155134,8.062105767386,7
46.794588949242,8.075203279833,7
46.794515242188,8.088300756963,7
46.805038624292,7.708507277985,7
46.805006944534,7.721607655733,7
46.804973763365,7.734708017786,7
46.804939080787,7.747808363416,7
46.804902896798,7.760908691896,7
46.804865211398,7.774009002501,7
46.804826024589,7.787109294503,7
46.804785336369,7.800209567175,7
46.804179967722,7.957411067052,7
46.804119761168,7.970511022317,7
46.804058053203,7.983610948078,7
46.803994843828,7.996710843611,7
46.803930133043,8.009810708188,7
46.803863920847,8.022910541082,7
46.803796207241,8.036010341566,7
46.803726992225,8.049110108915,7
46.813969091677,7.734757447951,7
46.813934403362,7.747859980756,7
46.813898213388,7.760962496412,7
46.813860521755,7.774064994192,7
46.813821328464,7.787167473370,7
46.813780633514,7.800269933218,7
46.813738436906,7.813372373010,7
46.813602837128,7.852679564783,7
46.813554633885,7.865781917085,7
46.813504928983,7.878884245697,7
46.813453722423,7.891986549893,7
46.813401014203,7.905088828946,7
46.813346804325,7.918191082130,7
46.813291092789,7.931293308718,7
46.813233879594,7.944395507983,7
46.813175164740,7.957497679200,7
46.813114948227,7.970599821640,7
46.813053230056,7.983701934577,7
46.812990010226,7.996804017285,7
46.812925288738,8.009906069037,7
46.812859065591,8.023008089106,7
46.812791340785,8.036110076766,7
46.822929715439,7.747911615220,7
46.822893519480,7.761016318777,7
46.822855821615,7.774121004458,7
46.822816621842,7.787225671536,7
46.822775920162,7.800330319285,7
46.822733716575,7.813434946978,7
46.822690011082,7.826539553889,7
46.822644803681,7.839644139290,7
46.822598094373,7.852748702455,7
46.822549883159,7.865853242657,7
46.822500170037,7.878957759170,7
46.822448955008,7.892062251267,7
46.822396238073,7.905166718222,7
46.822342019230,7.918271159307,7
46.822286298480,7.931375573796,7
46.822229075823,7.944479960962,7
46.822170351260,7.957584320079,7
46.822110124789,7.970688650420,7
46.822048396411,7.983792951259,7
46.821985166127,7.996897221868,7
46.831888814842,7.761070158990,7
46.831851110743,7.774177033298,7
46.831811904488,7.787283889003,7
46.831771196079,7.800390725378,7
46.831728985514,7.813497541698,7
46.831685272794,7.826604337235,7
46.831640057918,7.839711111262,7
46.831593340887,7.852817863054,7
46.831545121701,7.865924591883,7
46.831495400360,7.879031297022,7
46.831444176863,7.892137977746,7
46.831391451211,7.905244633327,7
46.831337223403,7.918351263039,7
46.831281493440,7.931457866154,7
46.831224261322,7.944564441947,7
46.831165527049,7.957670989691,7
46.831105290620,7.970777508658,7
46.840766461031,7.800451151496,7
46.840724243488,7.813560157168,7
46.840680523542,7.826669142057,7
46.840635301191,7.839778105437,7
46.840588576437,7.852887046581,7
46.840540349279,7.865995964762,7
46.840490619718,7.879104859253,7
46.840439387753,7.892213729329,7
46.840386653384,7.905322574262,7
46.840332416612,7.918431393326,7
46.840276677436,7.931540185794,7
46.840219435856,7.944648950939,7
46.849719490265,7.813622793389,7
46.849675763091,7.826733968356,7
46.849535565660,7.866067361294,7
46.849381844360,7.905400541027,7
