46.061584926978,7.030293710751,7
46.061675557936,7.056137798003,7
46.061718652068,7.069059874256,7
46.070327720763,6.965606050033,7
46.070381190145,6.978530087706,7
46.070532711415,7.017302353033,7
46.070580256213,7.030226489823,7
46.070626319864,7.043150649576,7
46.070670902368,7.056074831564,7
46.070714003726,7.068999035062,7
46.070755623938,7.081923259343,7
46.070795763004,7.094847503679,7
46.079323016432,6.965528166327,7
46.079376494779,6.978454331970,7
46.079428491732,6.991380523482,7
46.079479007290,7.004306740137,7
46.079528041453,7.017232981207,7
46.079575594222,7.030159245967,7
46.079621665596,7.043085533690,7
46.079666255576,7.056011843649,7
46.079709364161,7.068938175117,7
46.079750991351,7.081864527368,7
46.079791137146,7.094790899674,7
46.079829801547,7.107717291310,7
46.079866984553,7.120643701549,7
46.088318320643,6.965450256066,7
46.088371807955,6.978378550404,7
46.088423813624,6.991306870612,7
46.088474337651,7.004235215962,7
46.088523380034,7.017163585729,7
46.088570940774,7.030091979184,7
46.088617019872,7.043020395603,7
46.088661617326,7.055948834257,7
46.088704733137,7.068877294421,7
46.088746367305,7.081805775367,7
46.088786519831,7.094734276370,7
46.088825190713,7.107662796701,7
46.088862379952,7.120591335636,7
46.088898087549,7.133519892446,7
46.097202194934,6.939511552245,7
46.097258654994,6.952441922085,7
46.097367129440,6.978302743009,7
46.097419143826,6.991233192638,7
46.097700110422,7.068816392974,7
46.097741751569,7.081747003341,7
46.097781910824,7.094677633765,7
46.097820588188,7.107608283518,7
46.097857783660,7.120538951874,7
46.097893497241,7.133469638105,7
46.097927728931,7.146400341486,7
46.106197496855,6.939429328579,7
46.106253966377,6.952361828567,7
46.106308953758,6.965294355877,7
46.106362459000,6.978226909783,7
46.106815993738,7.107553751760,7
46.106853195444,7.120486550263,7
46.106888915010,7.133419366641,7
46.106923152436,7.146352200169,7
46.114822802574,6.861739906216,7
46.114952066807,6.887608841227,7
46.115134845248,6.926412474096,7
46.115192806618,6.939347076907,7
46.115249285601,6.952281707767,7
46.115304282196,6.965216365950,7
46.115357796403,6.978151050728,7
46.115409828222,6.991085761376,7
46.115848615070,7.120434130803,7
46.115884340620,7.133369078054,7
46.115918583783,7.146304042454,7
46.115951344558,7.159239023277,7
46.115982622945,7.172174019796,7
46.116012418944,7.185109031284,7
46.123818057962,6.861644836950,7
46.123883442224,6.874581420212,7
46.123947343850,6.887518035157,7
46.124070699193,6.913391357187,7
46.124130152910,6.926328062820,7
46.124188123990,6.939264797228,7
46.124244612435,6.952201559686,7
46.124299618243,6.965138349467,7
46.124353141414,6.978075165843,7
46.124844042304,7.120381693495,7
46.124879773840,7.133318772344,7
46.124914022739,7.146255868342,7
46.124946789002,7.159192980763,7
46.124978072629,7.172130108879,7
46.125007873619,7.185067251965,7
46.125036191973,7.198004409294,7
46.132389808864,6.783918147842,7
46.132536911023,6.809795204343,7
46.132608237776,6.822733785931,7
46.132678081643,6.835672402108,7
46.132746442627,6.848611052148,7
46.132813320725,6.861549735324,7
46.132878715939,6.874488450910,7
46.132942628268,6.887427198178,7
46.133005057712,6.900365976402,7
46.133066004272,6.913304784855,7
46.133125467947,6.926243622811,7
46.133183448738,6.939182489543,7
46.133875214435,7.133268449511,7
46.133909469071,7.146207677832,7
46.133942240822,7.159146922576,7
46.133973529688,7.172086183016,7
46.134003335670,7.185025458426,7
46.134031658767,7.197964748078,7
46.134058498980,7.210904051246,7
46.141385007846,6.783810215562,7
46.141459312809,6.796750858840,7
46.141532134640,6.809691538162,7
46.141603473337,6.822632252799,7
46.141673328901,6.835573002025,7
46.141741701332,6.848513785114,7
46.141808590631,6.861454601339,7
46.141937919828,6.887336330290,7
46.142000359728,6.900277241564,7
46.142061316494,6.913218183066,7
46.142120790127,6.926159154071,7
46.142178780628,6.939100153852,7
46.142870662172,7.133218109554,7
46.142904922544,7.146159470925,7
46.142937699784,7.159100848718,7
46.142968993890,7.172042242207,7
46.142998804863,7.184983650665,7
46.143027132704,7.197925073366,7
46.143053977411,7.210866509583,7
46.150304412950,6.770759506286,7
46.150380213737,6.783702246570,7
46.150454531141,6.796645023623,7
46.150527365165,6.809587836718,7
46.151056635625,6.913131551819,7
46.151116119216,6.926074656599,7
46.151174119426,6.939017790154,7
46.151994280965,7.184941828684,7
46.152022613549,7.197885385159,7
46.152049462751,7.210828955151,7
46.152074828572,7.223772537932,7
46.152098711011,7.236716132776,7
46.152121110069,7.249659738955,7
46.159222315721,6.757704528793,7
46.159299612827,6.770649366080,7
46.159375426303,6.783594240864,7
46.159449756149,6.796539152417,7
46.161018101070,7.197845683457,7
46.161044954767,7.210791387949,7
46.161070324834,7.223737105230,7
46.161094211272,7.236682834574,7
46.161116614080,7.249628575254,7
46.161137533258,7.262574326543,7
46.161156968807,7.275520087714,7
46.168138715180,6.744645281632,7
46.168217509102,6.757592215922,7
46.168294819145,6.770539188436,7
46.168370645311,6.783486198445,7
46.168444987599,6.796433245224,7
46.170013595033,7.197805968260,7
46.170040453225,7.210753807977,7
46.170065827538,7.223701660484,7
46.170089717974,7.236649525053,7
46.170112124532,7.249597400959,7
46.170133047212,7.262545287474,7
46.170152486014,7.275493183871,7
46.176971834987,6.718632771737,7
46.177053610348,6.731581763354,7
46.177133901583,6.744530794646,7
46.177212708691,6.757479864888,7
46.177290031673,6.770428973353,7
46.177365870528,6.783378119313,7
46.177440225258,6.796327302043,7
46.179061336452,7.223666203694,7
46.179085230886,7.236616204214,7
46.179107641193,7.249566216071,7
46.179128567375,7.262516238537,7
46.179148009430,7.275466270886,7
46.179165967358,7.288416312390,7
46.185798969035,6.692611837856,7
46.185883726829,6.705562884618,7
46.185967000247,6.718513972508,7
46.186048789291,6.731465100802,7
46.186129093961,6.744416268771,7
46.186207914256,6.757367475690,7
46.186285250176,6.770318720831,7
46.188103163830,7.249535020590,7
46.188124093513,7.262487179733,7
46.188143538821,7.275439348758,7
46.188161499755,7.288391526940,7
46.188177976313,7.301343713550,7
46.194794111926,6.692488723482,7
46.194878883900,6.705441907645,7
46.194962171250,6.718395132938,7
46.195043973977,6.731348398634,7
46.195124292082,6.744301704006,7
46.195203125563,6.757255048327,7
46.197098692209,7.249503814516,7
46.197119625394,7.262458111061,7
46.197139073955,7.275412417489,7
46.197157037893,7.288366733072,7
46.197173517208,7.301321057085,7
46.197188511901,7.314275388801,7
46.203789260326,6.692365567315,7
46.203874046480,6.705320889607,7
46.203957347761,6.718276253028,7
46.204039164172,6.731231656851,7
46.206115162783,7.262429032522,7
46.206134614597,7.275385477077,7
46.206152581541,7.288341930789,7
46.206169063612,7.301298392930,7
46.206184060813,7.314254862773,7
46.206197573142,7.327211339593,7
46.212784414002,6.692242369357,7
46.212869214335,6.705199830502,7
46.212952529548,6.718157332776,7
46.215130160516,7.275358527524,7
46.215148130464,7.288317120089,7
46.215164615292,7.301275721083,7
46.215179615001,7.314234329780,7
46.215193129590,7.327192945453,7
46.215205159059,7.340151567376,7
46.221779572720,6.692119129607,7
46.221864387233,6.705078730331,7
46.221947716378,6.718038372184,7
46.222029560154,6.730998054440,7
46.224160172014,7.301253041546,7
46.224175174230,7.314213789822,7
46.224188691079,7.327174545074,7
46.224200722560,7.340135306575,7
46.224211268673,7.353096073599,7
46.230774736247,6.691995848064,7
46.230859564939,6.704957589093,7
46.230942908016,6.717919371251,7
46.233155733544,7.301230354318,7
46.233170738269,7.314193242898,7
46.233184257378,7.327156138455,7
46.233196290870,7.340119040261,7
46.233206838746,7.353081947589,7
46.239595761010,6.665944886907,7
46.239683575612,6.678908684527,7
46.239769904349,6.691872524730,7
46.239854747222,6.704836406788,7
46.239938104229,6.717800329976,7
46.240019975373,6.730764293567,7
46.242166306884,7.314172689009,7
46.242179828252,7.327137725596,7
46.242191863756,7.340102768432,7
46.242202413395,7.353067816791,7
46.248501588959,6.652851342203,7
46.248590904350,6.665817238269,7
46.248678733629,6.678783177645,7
46.248765076794,6.691749159603,7
46.248849933846,6.704715183418,7
46.248933304785,6.717681248361,7
46.251161879840,7.314152128155,7
46.251175403469,7.327119306497,7
46.251187440984,7.340086491089,7
46.251197992386,7.353053681203,7
46.257496721483,6.652721507841,7
46.257586051799,6.665689546388,7
46.257673895754,6.678657628245,7
46.257760253347,6.691625752685,7
46.260157456906,7.314131560335,7
46.260170982794,7.327100881159,7
46.260183022321,7.340070208232,7
46.260193575486,7.353039540827,7
46.266401026032,6.639621491792,7
46.266491857882,6.652591629510,7
46.266581203123,6.665561811264,7
46.266669061755,6.678532036328,7
46.266755433776,6.691502303975,7
46.269166565995,7.327082449580,7
46.269178607533,7.340053919860,7
46.269189162462,7.353025395662,7
46.269198230781,7.365996876261,7
46.275396150900,6.639489425560,7
46.275486997924,6.652461707211,7
46.275576358090,6.665434032897,7
46.275664231398,6.678406401893,7
46.278148622430,7.314090403800,7
46.278162152838,7.327064011762,7
46.278174196388,7.340037625974,7
46.278184753079,7.353011245709,7
46.284391279178,6.639357314634,7
46.284482141375,6.652331740943,7
46.284571516465,6.665306211287,7
46.284659404450,6.678280724941,7
46.287157743090,7.327045567704,7
46.287169788651,7.340021326574,7
46.287180347106,7.352997090967,7
46.287189418455,7.365972860156,7
46.293477288001,6.652201730706,7
46.293566678016,6.665178346434,7
46.293654580677,6.678155005471,7
46.296153336517,7.327027117407,7
46.296165384090,7.340005021660,7
46.296175944308,7.352982931436,7
46.296185017172,7.365960846008,7
46.302381545026,6.639092958699,7
46.302472437569,6.652071676500,7
46.302561842510,6.665050438338,7
46.302649759847,6.678029243484,7
46.305148932887,7.327008660869,7
46.305160982471,7.339988711232,7
46.305171544453,7.352968767117,7
46.305180618831,7.365948827798,7
46.305188205606,7.378928892548,7
46.311376682130,6.638960713691,7
46.311467589847,6.651941578326,7
46.311557009712,6.664922486998,7
46.311644941726,6.677903438979,7
46.314156583561,7.339972395289,7
46.314167147306,7.352954598009,7
46.314176223199,7.365936805524,7
46.320462744600,6.651811436184,7
46.320552179389,6.664794492415,7
46.320640126080,6.677777591956,7
46.320726584670,6.690760734080,7
46.323140133520,7.326971729075,7
46.323152187127,7.339956073832,7
46.323162752635,7.352940424112,7
46.323171830043,7.365924779188,7
46.323179419351,7.378909138333,7
46.329457901595,6.651681250072,7
46.329547351309,6.664666454590,7
46.329635312676,6.677651702416,7
46.329721785695,6.690636992826,7
46.332147792935,7.339939746861,7
46.332158360206,7.352926245427,7
46.332167439129,7.365912748788,7
46.332175029703,7.378899256219,7
46.338362107363,6.638563710500,7
46.338453060599,6.651551019992,7
46.338542525238,6.664538373521,7
46.338630501281,6.677525770359,7
46.338716988728,6.690513209779,7
46.341143400752,7.339923414376,7
46.341153969786,7.352912061953,7
46.341163050223,7.365900714325,7
46.341170642065,7.378889370767,7
46.347357252969,6.638431286714,7
46.347448221378,6.651420745943,7
46.347537700943,6.664410249209,7
46.347625691662,6.677399795784,7
46.350139010344,7.339907076376,7
46.350149581141,7.352897873690,7
46.350158663094,7.365888675799,7
46.356352400118,6.638298818234,7
46.356443383700,6.651290427926,7
46.356532878189,6.664282081654,7
46.356620883585,6.677273778691,7
46.356707399889,6.690265518311,7
46.359134621479,7.339890732863,7
46.359145194039,7.352883680638,7
46.359154277506,7.365876633210,7
46.365347548575,6.638166305060,7
46.365438547330,6.651160065940,7
46.365528056745,6.664153870856,7
46.365616076817,6.677147719081,7
46.365702607549,6.690141609888,7
46.368140808246,7.352869482798,7
46.368149893228,7.365864586558,7
46.368157488869,7.378859694387,7
46.374433712037,6.651029659985,7
46.374523236376,6.664025616814,7
46.374611271125,6.677021616953,7
46.374697816285,6.690017659674,7
46.377125847441,7.339858029293,7
46.377136423528,7.352855280170,7
46.377145510025,7.365852535843,7
46.377153106932,7.378849795585,7
46.383428877585,6.650899210062,7
46.383518416849,6.663897319530,7
46.383606466275,6.676895472307,7
46.383693025862,6.689893667667,7
46.386141127664,7.365840481064,7
46.386148725838,7.378839893446,7
46.392332999467,6.637768497373,7
46.392424043742,6.650768716170,7
46.392513597931,6.663768979002,7
46.392601662033,6.676769285144,7
46.392688236049,6.689769633869,7
46.395136745912,7.365828422223,7
46.395144345353,7.378829987969,7
46.395150454706,7.391831557057,7
46.395155073974,7.404833128762,7
46.401419210275,6.650638178309,7
46.401508779389,6.663640595232,7
46.401596858167,6.676643055464,7
46.401683446612,6.689645558279,7
46.404132364536,7.365816359318,7
46.404139965243,7.378820079154,7
46.404146075615,7.391823802333,7
46.404150695652,7.404827528128,7
46.410414376950,6.650507596480,7
46.410503960989,6.663512168218,7
46.410592054444,6.676516783266,7
46.410678657316,6.689521440896,7
46.410763769605,6.702526140383,7
46.413118890745,7.352798421768,7
46.413127983302,7.365804292350,7
46.413135585275,7.378810167002,7
46.413141696665,7.391816044997,7
46.413146317473,7.404821925607,7
46.419499142497,6.663383697961,7
46.419587250629,6.676390468550,7
46.419673867930,6.689397281722,7
46.419758994399,6.702404136749,7
46.422103923003,7.339776173868,7
46.422114507905,7.352784195196,7
46.422123601977,7.365792221320,7
46.422131205216,7.378800251513,7
46.422137317625,7.391808285048,7
46.428494323682,6.663255184461,7
46.428582446490,6.676264111317,7
46.428669078219,6.689273080755,7
46.428754218868,6.702282092050,7
46.428837868437,6.715291144473,7
46.431099538075,7.339759786241,7
46.431110124741,7.352769963835,7
46.431119220327,7.365780146226,7
46.431126824833,7.378790332685,7
46.431132938260,7.391800522488,7
46.437577641793,6.676137711566,7
46.437664287950,6.689148837997,7
46.437749442779,6.702160006284,7
46.437833106280,6.715171215700,7
46.440083072833,7.326731064035,7
46.440095152590,7.339743393099,7
46.440105741019,7.352755727686,7
46.440114838120,7.365768067069,7
46.440122443892,7.378780410521,7
46.446572836305,6.676011269298,7
46.446659496890,6.689024553447,7
46.446744665899,6.702037879451,7
46.446828343331,6.715051246585,7
46.449078684545,7.326712507661,7
46.449090766313,7.339726994443,7
46.449101356505,7.352741486748,7
46.449110455121,7.365755983848,7
46.455654704806,6.688900227104,7
46.455739887994,6.701915711552,7
46.455823579358,6.714931237130,7
46.455905778897,6.727946803110,7
46.458074295233,7.326693945048,7
46.458086379012,7.339710590273,7
46.458096970968,7.352727241021,7
46.458106071098,7.365743896565,7
46.464649911464,6.688775858970,7
46.464735108832,6.701793502587,7
46.464818814127,6.714811187333,7
46.464901027350,6.727828912482,7
46.467056326798,7.313656578049,7
46.467069904662,7.326675376194,7
46.467081990454,7.339694180589,7
46.467092584172,7.352712990506,7
46.467101685817,7.365731805219,7
46.473645116630,6.688651449043,7
46.473730328179,6.701671252555,7
46.473814047405,6.714691097196,7
46.473896274311,6.727710982239,7
46.473977008895,6.740730906959,7
46.476065512601,7.326656801101,7
46.476077600404,7.339677765390,7
46.476088195885,7.352698735202,7
46.482725545801,6.701548961457,7
46.482809278959,6.714570966718,7
46.482891519548,6.727593012381,7
46.482972267567,6.740615097721,7
46.485047536431,7.313615101108,7
46.485061118815,7.326638219768,7
46.485073208629,7.339661344677,7
46.485083805874,7.352684475109,7
46.491720761465,6.701426629292,7
46.491804508555,6.714450795899,7
46.491886762827,6.727475002908,7
46.491967524281,6.740499249593,7
46.494011490686,7.287543813834,7
46.494028060966,7.300569079161,7
46.494043138428,7.313594352190,7
46.494056723072,7.326619632195,7
46.494068814897,7.339644918450,7
46.494079413905,7.352670210227,7
46.500799735960,6.714330584739,7
46.500882003915,6.727356953819,7
46.500962778803,6.740383362576,7
46.501042060626,6.753409810282,7
46.503007085227,7.287518733808,7
46.503023658263,7.300546161206,7
46.503038738233,7.313573596306,7
46.503052325137,7.326601038383,7
46.503064418974,7.339628486709,7
46.503075019745,7.352655940557,7
46.509794960940,6.714210333238,7
46.509877242578,6.727238865115,7
46.509958030902,6.740267436669,7
46.510037325911,6.753296047171,7
46.510115127605,6.766324695897,7
46.510191435984,6.779353382118,7
46.511984608236,7.274464063600,7
46.512002677343,7.287493645365,7
46.512019253136,7.300523235560,7
46.512034335614,7.313552833457,7
46.512047924778,7.326582438331,7
46.518790183263,6.714090041396,7
46.518872478584,6.727120736796,7
46.518953280342,6.740151471872,7
46.519032588538,6.753182245897,7
46.519110403170,6.766213058144,7
46.519186724239,6.779243907888,7
46.519261551746,6.792274794401,7
46.519334885689,6.805305716957,7
46.519406726069,6.818336674828,7
46.520980194690,7.274436803218,7
46.520998266802,7.287468548506,7
46.521014845351,7.300500302223,7
46.521029930338,7.313532063643,7
46.521043521761,7.326563832039,7
46.527867711699,6.727002568861,7
46.527948526892,6.740035468185,7
46.528027848274,6.753068406458,7
46.528105675844,6.766101382953,7
46.528182009603,6.779134396945,7
46.528256849551,6.792167447706,7
46.528330195687,6.805200534509,7
46.528402048013,6.818233656629,7
46.528472406526,6.831266813338,7
46.529956209324,7.261375633315,7
46.529975778252,7.274409533695,7
46.529993853369,7.287443443231,7
46.530010434675,7.300477361195,7
46.530025522170,7.313511286863,7
46.537023104885,6.752954528854,7
46.537100945394,6.765989670323,7
46.537177291843,6.779024849289,7
46.537252144232,6.792060065023,7
46.537325502562,6.805095316800,7
46.537397366832,6.818130603893,7
46.537467737042,6.831165925575,7
46.537536613193,6.844201281120,7
46.537603995284,6.857236669801,7
46.537669883315,6.870272090892,7
46.538930720268,7.248310134206,7
46.538951786509,7.261346189676,7
46.538971358690,7.274382255030,7
46.538989436812,7.287418329539,7
46.539006020875,7.300454412477,7
46.546247435555,6.791952646352,7
46.546320806078,6.804990063829,7
46.546392682293,6.818027516621,7
46.546463064200,6.831065004002,7
46.546531951798,6.844102525246,7
46.546599345089,6.857140079626,7
46.546665244072,6.870177666415,7
46.546729648747,6.883215284887,7
46.547854115517,7.209163918055,7
46.547879668184,7.222202105217,7
46.547903726542,7.235240304441,7
46.547926290593,7.248278515001,7
46.547947360336,7.261316736170,7
46.547966935771,7.274354967222,7
46.547985016898,7.287393207430,7
46.548001603716,7.300431456068,7
46.555316106003,6.804884775595,7
46.555387994163,6.817924394812,7
46.555458387766,6.830964048618,7
46.555527286813,6.844003736286,7
46.555594691304,6.857043457091,7
46.555660601238,6.870083210305,7
46.555725016616,6.883122995201,7
46.555787937438,6.896162811054,7
46.555849363703,6.909202657136,7
46.555909295412,6.922242532721,7
46.556764032179,7.170004807868,7
46.556794072761,7.183045120906,7
46.556822618787,7.196085448186,7
46.556849670257,7.209125788983,7
46.556875227170,7.222166142569,7
46.556899289527,7.235206508218,7
46.556921857328,7.248246885202,7
46.556942930572,7.261287272796,7
46.556962509260,7.274327670273,7
46.556980593392,7.287368076905,7
46.564522618004,6.843904914241,7
46.564590033694,6.856946802196,7
46.564655954580,6.869988722560,7
46.564720380661,6.883030674607,7
46.564783311937,6.896072657609,7
46.564844748409,6.909114670841,7
46.564904690076,6.922156713576,7
46.564963136939,6.935198785087,7
46.565020088997,6.948240884647,7
46.565075546250,6.961283011530,7
46.565728028487,7.156917699357,7
46.565759568865,7.169960164576,7
46.565789614439,7.183002644764,7
46.565818165208,7.196045139194,7
46.565845221173,7.209087647141,7
46.565870782332,7.222130167877,7
46.565894848688,7.235172700676,7
46.565917420238,7.248215244811,7
46.565938496984,7.261257799555,7
46.565958078925,7.274300364181,7
46.573585372027,6.856850114941,7
46.573651303864,6.869894203181,7
46.573715740648,6.882938323103,7
46.573778682379,6.895982473982,7
46.573840129058,6.909026655089,7
46.573900080683,6.922070865700,7
46.573958537255,6.935115105086,7
46.574015498775,6.948159372522,7
46.574070965241,6.961203667280,7
46.574124936654,6.974247988635,7
46.574690515204,7.143826255844,7
46.574723555875,7.156870873243,7
46.574755101494,7.169915506337,7
46.574785152059,7.182960154401,7
46.574813707571,7.196004816707,7
46.574840768031,7.209049492529,7
46.574866333437,7.222094181141,7
46.574890403790,7.235138881815,7
46.574912979091,7.248183593826,7
46.582646648857,6.869799652168,7
46.582774048530,6.895892260171,7
46.582835505415,6.908938609880,7
46.582895466998,6.921984989091,7
46.582953933281,6.935031397079,7
46.583010904261,6.948077833116,7
46.583066379941,6.961124296475,7
46.583120360319,6.974170786431,7
46.583172845396,6.987217302256,7
46.583223835171,7.000263843224,7
46.583273329645,7.013310408607,7
46.583651491353,7.130730475880,7
46.583686032813,7.143777245457,7
46.583719078973,7.156824031456,7
46.583750629831,7.169870833152,7
46.583780685388,7.182917649817,7
46.583809245643,7.195964480724,7
46.583836310597,7.209011325148,7
46.591890848789,6.921899083751,7
46.591949324781,6.934947661065,7
46.592006305224,6.947996266429,7
46.592061790116,6.961044899115,7
46.592115779459,6.974093558398,7
46.592168273253,6.987142243549,7
46.592219271496,7.000190953844,7
46.592268774190,7.013239688554,7
46.592316781335,7.026288446954,7
46.592363292929,7.039337228316,7
46.592408308974,7.052386031915,7
46.592451829469,7.065434857022,7
46.592493854415,7.078483702913,7
46.592534383811,7.091532568859,7
46.592573417657,7.104581454135,7
46.592610955954,7.117630358013,7
46.592646998701,7.130679279768,7
46.592681545898,7.143728218671,7
46.592714597546,7.156777173998,7
46.592746153644,7.169826145020,7
46.592776214192,7.182875131012,7
46.601057195534,6.960965475200,7
46.601111193842,6.974016304535,7
46.601163696352,6.987067159739,7
46.601214703064,7.000118040085,7
46.601264213977,7.013168944848,7
46.601312229093,7.026219873300,7
46.601358748411,7.039270824715,7
46.601403771931,7.052321798366,7
46.601447299653,7.065372793526,7
46.601489331576,7.078423809468,7
46.601529867702,7.091474845467,7
46.601568908030,7.104525900795,7
46.601606452560,7.117576974726,7
46.601642501292,7.130628066533,7
46.601677054225,7.143679175489,7
46.601710111361,7.156730300867,7
46.610159114460,6.986992050824,7
46.610210129640,7.000045101948,7
46.610259648773,7.013098177489,7
46.610307671861,7.026151276719,7
46.610354198902,7.039204398912,7
46.610399229896,7.052257543340,7
46.610442764845,7.065310709278,7
46.610484803746,7.078363895999,7
46.610525346602,7.091417102775,7
46.610564393411,7.104470328881,7
46.610601944174,7.117523573590,7
46.610637998891,7.130576836174,7
46.610672557561,7.143630115908,7
46.619303109404,7.026082657210,7
46.619349644168,7.039137950906,7
46.619394682637,7.052193266838,7
46.619438224812,7.065248604280,7
46.619480270692,7.078303962504,7
46.619520820278,7.091359340784,7
46.619559873568,7.104414738393,7
46.619597430565,7.117470154605,7
46.619633491266,7.130525588693,7
