46.26930115,6.54617887,7
46.26979400,6.61103264,7
46.26988811,6.62400354,7
46.27743016,6.44225080,7
46.27819312,6.53305860,7
46.27829616,6.54603135,7
46.27839772,6.55900415,7
46.27869348,6.59792284,7
46.27878909,6.61089584,7
46.27888322,6.62386888,7
46.27897585,6.63684196,7
46.27924484,6.67576149,7
46.27933153,6.68873475,7
46.28619362,6.41613719,7
46.28631007,6.42911160,7
46.28642503,6.44208607,7
46.28653850,6.45506060,7
46.28665049,6.46803518,7
46.28676099,6.48100981,7
46.28697753,6.50695924,7
46.28708356,6.51993403,7
46.28718811,6.53290888,7
46.28729118,6.54588378,7
46.28739275,6.55885872,7
46.28749284,6.57183372,7
46.28768856,6.59778385,7
46.28778419,6.61075899,7
46.28787833,6.62373418,7
46.28797098,6.63670941,7
46.28806214,6.64968468,7
46.28815182,6.66266000,7
46.28824001,6.67563536,7
46.28832672,6.68861077,7
46.28841194,6.70158622,7
46.29507050,6.40299161,7
46.29518845,6.41596811,7
46.29530492,6.42894467,7
46.29541990,6.44192128,7
46.29553339,6.45489795,7
46.29564540,6.46787468,7
46.29575592,6.48085146,7
46.29586495,6.49382829,7
46.29597249,6.50680518,7
46.29607855,6.51978212,7
46.29618311,6.53275911,7
46.29628619,6.54573615,7
46.29638779,6.55871325,7
46.29648789,6.57169039,7
46.29658651,6.58466758,7
46.29668364,6.59764481,7
46.29677928,6.61062210,7
46.29687344,6.62359943,7
46.29696611,6.63657680,7
46.29705729,6.64955422,7
46.29714698,6.66253169,7
46.29723519,6.67550920,7
46.29732191,6.68848675,7
46.29740714,6.70146434,7
46.29749088,6.71444198,7
46.29757314,6.72741965,7
46.30382490,6.37686320,7
46.30394585,6.38984173,7
46.30406531,6.40282032,7
46.30418329,6.41579897,7
46.30429978,6.42877768,7
46.30441477,6.44175644,7
46.30452829,6.45473526,7
46.30464031,6.46771413,7
46.30475085,6.48069306,7
46.30485990,6.49367204,7
46.30496746,6.50665107,7
46.30507353,6.51963016,7
46.30517811,6.53260929,7
46.30528121,6.54558848,7
46.30558158,6.58452634,7
46.30567873,6.59750573,7
46.30596124,6.63644416,7
46.30605244,6.64942372,7
46.30614215,6.66240334,7
46.30623037,6.67538299,7
46.30631710,6.68836269,7
46.30640235,6.70134243,7
46.30648610,6.71432221,7
46.30656837,6.72730203,7
46.30664915,6.74028189,7
46.31269722,6.36370695,7
46.31281968,6.37668757,7
46.31294065,6.38966825,7
46.31306013,6.40264898,7
46.31317813,6.41562978,7
46.31329463,6.42861063,7
46.31340965,6.44159154,7
46.31352318,6.45457250,7
46.31417312,6.53245942,7
46.31531229,6.68823858,7
46.31539755,6.70122047,7
46.31548133,6.71420240,7
46.31556361,6.72718437,7
46.31564440,6.74016638,7
46.31572371,6.75314843,7
46.32156801,6.35054640,7
46.32169198,6.36352911,7
46.32181446,6.37651187,7
46.32193545,6.38949470,7
46.32205495,6.40247758,7
46.32217297,6.41546053,7
46.32228949,6.42844353,7
46.32447655,6.71408255,7
46.32455885,6.72706667,7
46.32463966,6.74005082,7
46.32471898,6.75303502,7
46.32479681,6.76601925,7
46.32487316,6.77900352,7
46.33043728,6.33738155,7
46.33056276,6.35036635,7
46.33068674,6.36335120,7
46.33080924,6.37633612,7
46.33093025,6.38932109,7
46.33104978,6.40230613,7
46.33355409,6.72694892,7
46.33363491,6.73993523,7
46.33371425,6.75292157,7
46.33379209,6.76590796,7
46.33386845,6.77889438,7
46.33394332,6.79188083,7
46.33401670,6.80486733,7
46.33442572,6.88278701,7
46.33448868,6.89577373,7
46.33455016,6.90876049,7
46.33461014,6.92174728,7
46.33930502,6.32421241,7
46.33943200,6.33719929,7
46.33955750,6.35018624,7
46.33968151,6.36317324,7
46.33980403,6.37616031,7
46.33992506,6.38914743,7
46.34263017,6.73981960,7
46.34270952,6.75280809,7
46.34278737,6.76579662,7
46.34286374,6.77878519,7
46.34293863,6.79177380,7
46.34301202,6.80476244,7
46.34308392,6.81775112,7
46.34315434,6.83073983,7
46.34335665,6.86970617,7
46.34342111,6.88269502,7
46.34348408,6.89568389,7
46.34354557,6.90867280,7
46.34360556,6.92166173,7
46.34366407,6.93465070,7
46.34817122,6.31103897,7
46.34829972,6.32402794,7
46.34842673,6.33701697,7
46.34855225,6.35000607,7
46.34867627,6.36299522,7
46.34879881,6.37598443,7
46.35193393,6.79166673,7
46.35200734,6.80465752,7
46.35207926,6.81764835,7
46.35214968,6.83063921,7
46.35221862,6.84363011,7
46.35228607,6.85662104,7
46.35235203,6.86961200,7
46.35241650,6.88260300,7
46.35247948,6.89559402,7
46.35254098,6.90858508,7
46.35260098,6.92157616,7
46.35265950,6.93456728,7
46.35271652,6.94755842,7
46.35703590,6.29786123,7
46.35716591,6.31085228,7
46.35729443,6.32384340,7
46.35742145,6.33683459,7
46.35754699,6.34982583,7
46.36107459,6.81754554,7
46.36114503,6.83053856,7
46.36121398,6.84353160,7
46.36128144,6.85652468,7
46.36147489,6.89550412,7
46.36153639,6.90849733,7
46.36159640,6.92149056,7
46.36165493,6.93448383,7
46.36171197,6.94747712,7
46.36589905,6.28467918,7
46.36603056,6.29767233,7
46.36616059,6.31066554,7
46.36628913,6.32365881,7
46.36641618,6.33665214,7
46.37053180,6.90840955,7
46.37059183,6.92140493,7
46.37065036,6.93440035,7
46.37476066,6.27149283,7
46.37489369,6.28448807,7
46.37502523,6.29748336,7
46.37515528,6.31047872,7
46.37528384,6.32347415,7
46.37541091,6.33646964,7
46.37958725,6.92131928,7
46.37964580,6.93431685,7
46.37970285,6.94731444,7
46.38375528,6.27129950,7
46.38388833,6.28429689,7
46.38401989,6.29729434,7
46.38414996,6.31029185,7
46.38427855,6.32328943,7
46.38864123,6.93423331,7
46.38869830,6.94723306,7
46.39261534,6.25810663,7
46.39274990,6.27110610,7
46.39288297,6.28410564,7
46.39301456,6.29710525,7
46.39314465,6.31010491,7
46.39769374,6.94715165,7
46.39774932,6.96015358,7
46.40147386,6.24490945,7
46.40160994,6.25791101,7
46.40174452,6.27091264,7
46.40187762,6.28391433,7
46.40200922,6.29691609,7
46.40668919,6.94707022,7
46.40674478,6.96007430,7
46.40679888,6.97307842,7
46.41046844,6.24471161,7
46.41060454,6.25771533,7
46.41073914,6.27071911,7
46.41087226,6.28372296,7
46.41100389,6.29672687,7
46.41568463,6.94698875,7
46.41574023,6.95999500,7
46.41932540,6.23150790,7
46.41946301,6.24451370,7
46.41959913,6.25751958,7
46.41973376,6.27052552,7
46.41986691,6.28353152,7
46.42473569,6.95991566,7
46.42831995,6.23130777,7
46.42845759,6.24431573,7
46.42859373,6.25732376,7
46.42872839,6.27033186,7
46.42886155,6.28334002,7
46.43367552,6.94682575,7
46.43373114,6.95983630,7
46.43378527,6.97284688,7
46.43731450,6.23110757,7
46.43745216,6.24411769,7
46.43758833,6.25712788,7
46.43772301,6.27013813,7
46.44272660,6.95975691,7
46.44278073,6.97276965,7
46.44630906,6.23090731,7
46.44644674,6.24391959,7
46.44658293,6.25693193,7
46.44671763,6.26994435,7
46.45172205,6.95967750,7
46.45177620,6.97269239,7
46.45182885,6.98570731,7
46.45530361,6.23070698,7
46.45544131,6.24372142,7
46.45557752,6.25673592,7
46.45571224,6.26975049,7
46.46071750,6.95959806,7
46.46077166,6.97261511,7
46.46429815,6.23050658,7
46.46443588,6.24352318,7
46.46457212,6.25653984,7
46.46470686,6.26955657,7
46.46971295,6.95951859,7
46.46976711,6.97253780,7
46.46981979,6.98555704,7
46.47315346,6.21728743,7
46.47329270,6.23030612,7
46.47343045,6.24332487,7
46.47356671,6.25634370,7
46.47370148,6.26936259,7
46.47870840,6.95943909,7
46.47876257,6.97246047,7
46.47881525,6.98548187,7
46.48214798,6.21708473,7
46.48228725,6.23010558,7
46.48242502,6.24312650,7
46.48256130,6.25614749,7
46.48770384,6.95935957,7
46.48775803,6.97238311,7
46.48781072,6.98540667,7
46.49128179,6.22990498,7
46.49141959,6.24292806,7
46.49155589,6.25595121,7
46.49675348,6.97230572,7
46.49680618,6.98533144,7
46.49685739,6.99835719,7
46.50027633,6.22970432,7
46.50041415,6.24272956,7
46.50055048,6.25575487,7
46.50574893,6.97222831,7
46.50580164,6.98525619,7
46.50585286,6.99828410,7
46.50927087,6.22950358,7
46.50940871,6.24253099,7
46.50954506,6.25555846,7
46.51474438,6.97215087,7
46.51479710,6.98518092,7
46.51484832,6.99821099,7
46.51489805,7.01124109,7
46.51826540,6.22930278,7
46.51840327,6.24233235,7
46.51853964,6.25536198,7
46.52379255,6.98510561,7
46.52384379,6.99813785,7
46.52389352,7.01117011,7
46.52725994,6.22910191,7
46.52739783,6.24213364,7
46.52753422,6.25516544,7
46.53278800,6.98503029,7
46.53283925,6.99806469,7
46.53625447,6.22890098,7
46.53639238,6.24193487,7
46.53652879,6.25496884,7
46.54173071,6.97191840,7
46.54178345,6.98495494,7
46.54183470,6.99799150,7
46.54524899,6.22869997,7
46.54538693,6.24173604,7
46.54552337,6.25477217,7
46.54565831,6.26780836,7
46.55072615,6.97184085,7
46.55077890,6.98487956,7
46.55083016,6.99791829,7
46.55087992,7.01095705,7
46.55438147,6.24153713,7
46.55451793,6.25457543,7
46.55465290,6.26761379,7
46.55972158,6.97176329,7
46.55977434,6.98480416,7
46.55982561,6.99784506,7
46.55987538,7.01088598,7
46.56337601,6.24133816,7
46.56351250,6.25437863,7
46.56364749,6.26741916,7
46.56378098,6.28045975,7
46.56876978,6.98472873,7
46.56882105,6.99777180,7
46.56887083,7.01081489,7
46.56891912,7.02385801,7
46.57237055,6.24113912,7
46.57250706,6.25418176,7
46.57264207,6.26722446,7
46.57277559,6.28026722,7
46.57771243,6.97160807,7
46.57776521,6.98465328,7
46.57781649,6.99769852,7
46.57786628,7.01074377,7
46.58136508,6.24094002,7
46.58150161,6.25398482,7
46.58163665,6.26702969,7
46.58177019,6.28007462,7
46.58676064,6.98457780,7
46.58681193,6.99762521,7
46.58686173,7.01067263,7
46.59035961,6.24074085,7
46.59049616,6.25378782,7
46.59063122,6.26683486,7
46.59076478,6.27988196,7
46.59089685,6.29292913,7
46.59575606,6.98450230,7
46.59580736,6.99755187,7
46.59585717,7.01060147,7
46.59590548,7.02365109,7
46.59949071,6.25359075,7
46.59962579,6.26663996,7
46.59975937,6.27968923,7
46.59989146,6.29273857,7
46.60475148,6.98442677,7
46.60480279,6.99747852,7
46.60485261,7.01053028,7
46.60490092,7.02358208,7
46.60848525,6.25339362,7
46.60862035,6.26644500,7
46.60875396,6.27949644,7
46.60888607,6.29254795,7
46.61374690,6.98435122,7
46.61379821,6.99740513,7
46.61384804,7.01045907,7
46.61389636,7.02351304,7
46.61747979,6.25319642,7
46.61761491,6.26624997,7
46.61774854,6.27930359,7
46.61788067,6.29235727,7
46.62274231,6.98427564,7
46.62279363,6.99733173,7
46.62284346,7.01038784,7
46.62289180,7.02344397,7
46.62647432,6.25299916,7
46.62660946,6.26605488,7
46.62674311,6.27911067,7
46.62687527,6.29216652,7
46.63173771,6.98420004,7
46.63178904,6.99725830,7
46.63183888,7.01031658,7
46.63188722,7.02337489,7
46.63560401,6.26585972,7
46.63573768,6.27891768,7
46.63586986,6.29197571,7
46.63600054,6.30503380,7
46.64068027,6.97106400,7
46.64073311,6.98412441,7
46.64078445,6.99718484,7
46.64083430,7.01024530,7
46.64446336,6.25260443,7
46.64459855,6.26566450,7
46.64473225,6.27872464,7
46.64486444,6.29178484,7
46.64499514,6.30484510,7
46.64967565,6.97098617,7
46.64972850,6.98404875,7
46.64977985,6.99711136,7
46.64982971,7.01017399,7
46.65359309,6.26546921,7
46.65372680,6.27853152,7
46.65385902,6.29159390,7
46.65398974,6.30465634,7
46.65867103,6.97090832,7
46.65872388,6.98397307,7
46.65877524,6.99703786,7
46.65882511,7.01010266,7
46.66258761,6.26527386,7
46.66272135,6.27833835,7
46.66285359,6.29140290,7
46.66298434,6.30446751,7
46.66311358,6.31753219,7
46.66761203,6.95776353,7
46.66766640,6.97083044,7
46.66771926,6.98389737,7
46.66777063,6.99696433,7
46.67171590,6.27814510,7
46.67184816,6.29121183,7
46.67197893,6.30427862,7
46.67655152,6.94461440,7
46.67660739,6.95768345,7
46.67666176,6.97075253,7
46.67671464,6.98382164,7
46.67676601,6.99689077,7
46.68071043,6.27795180,7
46.68084272,6.29102070,7
46.68097351,6.30408967,7
46.68110279,6.31715870,7
46.68554685,6.94453211,7
46.68560273,6.95760334,7
46.68565712,6.97067460,7
46.68571000,6.98374588,7
46.68970496,6.27775843,7
46.68983727,6.29082951,7
46.68996808,6.30390065,7
46.69009739,6.31697186,7
46.69022520,6.33004313,7
46.69035151,6.34311447,7
46.69448480,6.93137642,7
46.69454218,6.94444980,7
46.69459807,6.95752321,7
46.69465247,6.97059664,7
46.69470536,6.98367010,7
46.69883181,6.29063825,7
46.69896264,6.30371158,7
46.69909198,6.31678496,7
46.69921981,6.32985841,7
46.69934614,6.34293192,7
46.70348011,6.93129190,7
46.70353751,6.94436746,7
46.70359341,6.95744304,7
46.70364781,6.97051866,7
46.70795720,6.30352243,7
46.70808655,6.31659800,7
46.70821441,6.32967363,7
46.70834076,6.34274932,7
46.70846562,6.35582507,7
46.71241651,6.91812964,7
46.71247542,6.93120735,7
46.71253282,6.94428509,7
46.71258873,6.95736286,7
46.71264314,6.97044065,7
46.71708113,6.31641097,7
46.71720900,6.32948878,7
46.71733538,6.34256665,7
46.71746026,6.35564458,7
46.71758363,6.36872257,7
46.72135139,6.90496302,7
46.72141180,6.91804289,7
46.72147072,6.93112278,7
46.72152813,6.94420269,7
46.72158405,6.95728264,7
46.72607569,6.31622389,7
46.72620359,6.32930388,7
46.72632998,6.34238393,7
46.72645488,6.35546404,7
46.72657828,6.36854421,7
46.73028473,6.89179205,7
46.73034666,6.90487406,7
46.73040708,6.91795610,7
46.73046601,6.93103817,7
46.73052343,6.94412027,7
46.73057936,6.95720240,7
46.73519816,6.32911891,7
46.73532458,6.34220114,7
46.73544950,6.35528343,7
46.73557292,6.36836578,7
46.73569484,6.38144820,7
46.73921655,6.87861671,7
46.73927998,6.89170087,7
46.73934192,6.90478507,7
46.73940235,6.91786929,7
46.73946129,6.93095354,7
46.73951872,6.94403782,7
46.74444411,6.35510277,7
46.74456755,6.36818730,7
46.74468949,6.38127189,7
46.74480993,6.39435655,7
46.74814684,6.86543701,7
46.74821178,6.87852332,7
46.74827523,6.89160967,7
46.74833717,6.90469604,7
46.74839762,6.91778245,7
46.74845656,6.93086888,7
46.75356217,6.36800876,7
46.75368413,6.38109553,7
46.75380459,6.39418237,7
46.75392355,6.40726926,7
46.75404101,6.42035621,7
46.75415697,6.43344322,7
46.75707560,6.85225294,7
46.75714205,6.86534141,7
46.75720701,6.87842990,7
46.75727046,6.89151843,7
46.75733242,6.90460699,7
46.75739287,6.91769558,7
46.76255678,6.36783016,7
46.76267876,6.38091912,7
46.76279924,6.39400813,7
46.76291822,6.40709721,7
46.76303570,6.42018634,7
46.76315168,6.43327553,7
46.76326615,6.44636478,7
46.76337913,6.45945408,7
46.76593336,6.82597393,7
46.76600282,6.83906451,7
46.76607079,6.85215512,7
46.76613726,6.86524577,7
46.76620222,6.87833645,7
46.76626569,6.89142716,7
46.76632765,6.90451791,7
46.77167338,6.38074264,7
46.77179388,6.39383384,7
46.77191288,6.40692510,7
46.77203038,6.42001642,7
46.77214638,6.43310779,7
46.77226087,6.44619922,7
46.77237387,6.45929071,7
46.77248537,6.47238225,7
46.77485754,6.81277898,7
46.77492852,6.82587171,7
46.77499800,6.83896448,7
46.77506597,6.85205728,7
46.77513245,6.86515011,7
46.77519743,6.87824297,7
46.77526090,6.89133587,7
46.78078851,6.39365949,7
46.78090753,6.40675293,7
46.78102505,6.41984644,7
46.78114107,6.43294000,7
46.78125558,6.44603361,7
46.78136860,6.45912728,7
46.78148011,6.47222101,7
46.78159013,6.48531478,7
46.78370619,6.78648481,7
46.78378019,6.79957966,7
46.78385268,6.81267454,7
46.78392367,6.82576946,7
46.78399316,6.83886441,7
46.78406115,6.85195939,7
46.78412764,6.86505441,7
46.79013575,6.43277214,7
46.79025028,6.44586794,7
46.79036332,6.45896380,7
46.79047485,6.47205971,7
46.79058488,6.48515567,7
46.79069341,6.49825169,7
46.79254879,6.76018201,7
46.79262579,6.77327897,7
46.79270130,6.78637597,7
46.79277531,6.79947300,7
46.79284781,6.81257007,7
46.79291881,6.82566717,7
46.79298831,6.83876431,7
46.79305631,6.85186148,7
46.79946958,6.47189836,7
46.79957963,6.48499651,7
46.79968818,6.49809471,7
46.79979522,6.51119297,7
46.79990077,6.52429128,7
46.80130379,6.72077155,7
46.80138531,6.73387058,7
46.80146534,6.74696965,7
46.80154386,6.76006876,7
46.80162088,6.77316791,7
46.80169640,6.78626709,7
46.80177041,6.79936631,7
46.80184293,6.81246556,7
46.80191394,6.82556485,7
46.80198346,6.83866418,7
46.80868293,6.49793768,7
46.80879000,6.51103813,7
46.80889556,6.52413862,7
46.80899962,6.53723916,7
46.80910218,6.55033976,7
46.80920324,6.56344040,7
46.80930279,6.57654109,7
46.80949740,6.60274262,7
46.80986860,6.65514623,7
46.80995765,6.66824724,7
46.81004519,6.68134829,7
46.81013123,6.69444939,7
46.81021577,6.70755053,7
46.81029881,6.72065170,7
46.81038035,6.73375292,7
46.81046038,6.74685418,7
46.81053892,6.75995547,7
46.81061595,6.77305681,7
46.81069148,6.78615818,7
46.81076551,6.79925958,7
46.81083804,6.81236102,7
46.81789034,6.52398592,7
46.81799442,6.53708865,7
46.81809699,6.55019143,7
46.81819807,6.56329426,7
46.81829764,6.57639714,7
46.81839571,6.58950007,7
46.81849228,6.60260304,7
46.81858735,6.61570606,7
46.81868091,6.62880913,7
46.81877298,6.64191224,7
46.81886354,6.65501540,7
46.81895260,6.66811860,7
46.81904016,6.68122184,7
46.81912622,6.69432512,7
46.81921077,6.70742845,7
46.81929382,6.72053181,7
46.81937537,6.73363522,7
46.81945542,6.74673867,7
46.81953397,6.75984215,7
46.81961101,6.77294567,7
46.81968656,6.78604923,7
46.81976060,6.79915282,7
46.82698920,6.53693808,7
46.82709179,6.55004305,7
46.82719289,6.56314807,7
46.82729248,6.57625314,7
46.82739056,6.58935825,7
46.82748715,6.60246342,7
46.82758223,6.61556863,7
46.82767581,6.62867388,7
46.82776789,6.64177918,7
46.82785847,6.65488453,7
46.82794754,6.66798991,7
46.82803512,6.68109535,7
46.82812119,6.69420082,7
46.82820576,6.70730633,7
46.82828882,6.72041189,7
46.82837039,6.73351748,7
46.82845045,6.74662311,7
46.82852901,6.75972878,7
46.82860607,6.77283449,7
46.83638540,6.58921639,7
46.83648200,6.60232375,7
46.83657710,6.61543115,7
46.83667070,6.62853859,7
46.83676279,6.64164608,7
46.83685339,6.65475361,7
46.83694248,6.66786119,7
46.83703006,6.68096881,7
46.83711615,6.69407647,7
46.83720073,6.70718417,7
46.83728381,6.72029192,7
46.84557196,6.61529362,7
46.84566558,6.62840325,7
46.84575769,6.64151293,7
