46.017214339876,7.265619948140,7
46.017233427443,7.278531646266,7
46.017251035353,7.291443353403,7
46.017267163607,7.304355068823,7
46.017281812205,7.317266791801,7
46.017294981146,7.330178521610,7
46.017306670432,7.343090257522,7
46.017316880060,7.356001998812,7
46.025937420967,7.136453929702,7
46.025971310783,7.149367621371,7
46.026003720696,7.162281329318,7
46.026034650703,7.175195052815,7
46.026064100806,7.188108791136,7
46.026092071004,7.201022543555,7
46.026118561298,7.213936309344,7
46.026143571687,7.226850087778,7
46.026167102171,7.239763878129,7
46.026189152750,7.252677679670,7
46.026209723425,7.265591491675,7
46.026228814195,7.278505313418,7
46.026246425061,7.291419144171,7
46.026262556022,7.304332983209,7
46.026277207078,7.317246829803,7
46.026290378229,7.330160683229,7
46.026302069476,7.343074542758,7
46.026312280819,7.355988407665,7
46.026321012256,7.368902277222,7
46.034897393108,7.123488421083,7
46.034932768764,7.136404220091,7
46.034966664268,7.149320036103,7
46.034999079619,7.162235868392,7
46.035030014816,7.175151716231,7
46.035059469861,7.188067578895,7
46.035087444753,7.200983455656,7
46.035113939491,7.213899345788,7
46.035138954077,7.226815248564,7
46.035162488510,7.239731163257,7
46.035184542790,7.252647089140,7
46.035205116916,7.265563025488,7
46.035224210890,7.278478971573,7
46.035241824711,7.291394926669,7
46.035257958378,7.304310890048,7
46.035272611893,7.317226860986,7
46.035285785255,7.330142838753,7
46.035297478463,7.343058822625,7
46.035307691519,7.355974811874,7
46.035316424422,7.368890805774,7
46.035323677172,7.381806803597,7
46.035329449768,7.394722804618,7
46.035333742212,7.407638808110,7
46.035336554503,7.420554813346,7
46.043777717495,7.084682906491,7
46.043817540291,7.097600775194,7
46.043855882686,7.110518663082,7
46.043892744679,7.123436569427,7
46.043928126271,7.136354493502,7
46.043962027461,7.149272434582,7
46.043994448251,7.162190391939,7
46.044025388638,7.175108364846,7
46.044054848625,7.188026352578,7
46.044082828210,7.200944354407,7
46.044109327394,7.213862369607,7
46.044134346177,7.226780397450,7
46.044200520116,7.265534549578,7
46.044219617293,7.278452620731,7
46.044237234069,7.291370700895,7
46.044253370444,7.304288789342,7
46.044268026417,7.317206885347,7
46.044281201989,7.330124988183,7
46.044292897159,7.343043097123,7
46.044303111929,7.355961211440,7
46.044311846296,7.368879330407,7
46.044319100263,7.381797453299,7
46.044324873828,7.394715579388,7
46.044329166992,7.407633707947,7
46.044331979755,7.420551838251,7
46.044323837547,7.485142490496,7
46.044317767902,7.498060616003,7
46.052688958346,7.058784731215,7
46.052731749121,7.071704685164,7
46.052773059247,7.084624659750,7
46.052812888723,7.097544654247,7
46.052851237549,7.110464667928,7
46.052888105726,7.123384700067,7
46.052923493253,7.136304749936,7
46.052957400130,7.149224816809,7
46.053050236865,7.187985112185,7
46.053078221143,7.200905239808,7
46.053298541814,7.355947606361,7
46.053307277647,7.368867851123,7
46.053314532830,7.381788099808,7
46.053320307364,7.394708351690,7
46.053324601248,7.407628606043,7
46.053327414482,7.420548862140,7
46.053328747067,7.433469119254,7
46.053323860923,7.472229889435,7
46.053319270909,7.485150143352,7
46.053313200245,7.498070394653,7
46.061547015990,7.019956101243,7
46.061594256636,7.032878115439,7
46.061640016384,7.045800152452,7
46.061684295234,7.058722211556,7
46.061727093186,7.071644292024,7
46.061768410241,7.084566393130,7
46.061808246397,7.097488514146,7
46.061846601655,7.110410654346,7
46.061883476015,7.123332813003,7
46.062293980941,7.355933996640,7
46.062320044746,7.407623502397,7
46.062322858452,7.420545885013,7
46.062324191260,7.433468268647,7
46.062322414182,7.459313036059,7
46.062319304297,7.472235418384,7
46.062314713513,7.485157798820,7
46.062308641831,7.498080176640,7
46.062301089251,7.511002551118,7
46.062281541398,7.536847287138,7
46.062269546124,7.549769647227,7
46.070542338866,7.019887178519,7
46.070589587435,7.032811319960,7
46.070635354856,7.045735484218,7
46.070679641132,7.058659670566,7
46.070722446261,7.071583878279,7
46.070763770243,7.084508106629,7
46.071318311431,7.420542906871,7
46.071319644462,7.433467417749,7
46.071319496348,7.446391928918,7
46.071317867087,7.459316439650,7
46.071314756679,7.472240949220,7
46.071310165126,7.485165456901,7
46.071296538579,7.511014463687,7
46.071287503587,7.523938961340,7
46.071276987448,7.536863454196,7
46.071264990162,7.549787941530,7
46.079537670519,7.019818232288,7
46.079584927009,7.032744501698,7
46.080315106440,7.433466566561,7
46.080314958300,7.446393205700,7
46.080313328766,7.459319844402,7
46.080310217837,7.472246481942,7
46.080272442273,7.536879626769,7
46.080260442977,7.549806242073,7
46.080246962285,7.562732851128,7
46.088533010713,7.019749262548,7
46.088580275125,7.032677660654,7
46.089310576960,7.433465715083,7
46.089308798988,7.459323250315,7
46.089267905641,7.536895804856,7
46.089255904333,7.549824548856,7
46.089242421382,7.562753286606,7
46.097429368876,6.993819285604,7
46.097479604992,7.006749765317,7
46.097528359217,7.019680269300,7
46.097575631550,7.032610796828,7
46.098251373998,7.549842861879,7
46.098237888787,7.562773729050,7
46.106424708866,6.993746008555,7
46.106474953401,7.006678618414,7
46.106523715796,7.019611252545,7
46.106570996051,7.032543910219,7
46.107246851739,7.549861181141,7
46.107233364268,7.562794178459,7
46.107218394658,7.575727168802,7
46.115420056699,6.993672706546,7
46.115470309652,7.006607447278,7
46.115519080217,7.019542212281,7
46.116242337322,7.549879506643,7
46.116228847592,7.562814634834,7
46.116213875473,7.575749756048,7
46.124465673512,7.006536251909,7
46.124514452247,7.019473148510,7
46.125237830514,7.549897838385,7
46.125224338524,7.562835098173,7
46.125209363897,7.575772350986,7
46.125192906633,7.588709596096,7
46.133461044747,7.006465032306,7
46.133509831653,7.019404061230,7
46.134245342448,7.536976778005,7
46.134233331082,7.549916176366,7
46.134219836831,7.562855568478,7
46.134204859696,7.575794953614,7
46.134188399676,7.588734331048,7
46.134170456772,7.601673700052,7
46.134151030983,7.614613059900,7
46.142456423125,7.006393788469,7
46.142505218201,7.019334950442,7
46.143200362638,7.575817563934,7
46.143183899862,7.588759074416,7
46.143165953952,7.601700576469,7
46.143146524910,7.614642069366,7
46.151500611658,7.019265816147,7
46.152195872489,7.575840181944,7
46.152179406956,7.588783826201,7
46.152161458042,7.601727462029,7
46.152142025746,7.614671088700,7
46.152121110069,7.627614705489,7
46.160496011790,7.019196658343,7
46.160543339576,7.032142112135,7
46.160589183733,7.045087588744,7
46.160633544260,7.058033087444,7
46.161174920725,7.588808586402,7
46.161156968807,7.601754356730,7
46.161137533258,7.614700117902,7
46.161116614080,7.627645869191,7
46.169442598778,7.006179911558,7
46.169491418365,7.019127477032,7
46.169538754073,7.032075066049,7
46.169584605903,7.045022677884,7
46.169628973855,7.057970311809,7
46.170170440937,7.588833355020,7
46.170152486014,7.601781260574,7
46.170133047212,7.614729156971,7
46.170112124532,7.627677043486,7
46.178438003392,7.006108570787,7
46.178486831148,7.019058272212,7
46.178534174778,7.032007997181,7
46.178580034282,7.044957744966,7
46.178624409659,7.057907514843,7
46.179165967358,7.588858132054,7
46.179148009430,7.601808173559,7
46.179128567375,7.614758205908,7
46.179107641193,7.627708228373,7
46.179085230886,7.640658240230,7
46.187433413981,7.006037205783,7
46.187482249907,7.018989043884,7
46.187529601459,7.031940905530,7
46.187575468636,7.044892789992,7
46.187619851439,7.057844696546,7
46.188143538821,7.601835095686,7
46.188124093513,7.614787264712,7
46.188103163830,7.627739423854,7
46.188080749773,7.640691572388,7
46.196477674408,7.018919792049,7
46.196525033882,7.031873791096,7
46.196570908733,7.044827812961,7
46.196615298960,7.057781856917,7
46.197119625394,7.614816333383,7
46.197098692209,7.627770629928,7
46.197076274402,7.640724915864,7
46.197052371972,7.653679190464,7
46.205473104418,7.018850516705,7
46.205520471814,7.031806653881,7
46.205566354338,7.044762813874,7
46.206115162783,7.614845411923,7
46.206094226097,7.627801846596,7
46.206071804540,7.640758270659,7
46.214419679267,7.005822965368,7
46.214468539704,7.018781217854,7
46.214515915022,7.031739493883,7
46.214561805219,7.044697792729,7
46.215110705448,7.614874500330,7
46.215089765261,7.627833073856,7
46.215067339954,7.640791636773,7
46.215043429527,7.653750188354,7
46.223415111425,7.005751503430,7
46.223463980032,7.018711895494,7
46.223511363271,7.031672311102,7
46.223557261142,7.044632749527,7
46.224085309466,7.627864311709,7
46.224062880410,7.640825014205,7
46.224038965985,7.653785705365,7
46.232410548392,7.005680017258,7
46.232459425169,7.018642549626,7
46.232506816330,7.031605105539,7
46.232552721875,7.044567684269,7
46.233080858481,7.627895560156,7
46.233058425674,7.640858402956,7
46.233034507252,7.653821234421,7
46.241405989934,7.005608506852,7
46.241454874881,7.018573180251,7
46.241502273964,7.031537877193,7
46.241548187182,7.044502596953,7
46.241592614536,7.057467338804,7
46.242076412071,7.627926819195,7
46.242053975515,7.640891803026,7
46.250450328936,7.018503787367,7
46.250497735940,7.031470626065,7
46.250543656832,7.044437487581,7
46.250588091611,7.057404371188,7
46.251071970004,7.627958088828,7
46.251049529697,7.640925214415,7
46.251025603278,7.653892328665,7
46.259445787099,7.018434370976,7
46.259493202026,7.031403352155,7
46.259539130591,7.044372356152,7
46.259583572795,7.057341382240,7
46.259626528637,7.070310429691,7
46.260088489740,7.615020090377,7
46.260067532045,7.627989369054,7
46.260045087989,7.640958637122,7
46.260021157571,7.653927893853,7
46.268488671987,7.031336055462,7
46.268534608225,7.044307202666,7
46.268579057854,7.057278371960,7
46.268622020874,7.070249562619,7
46.269084059158,7.615049237989,7
46.269063097962,7.628020659873,7
46.269040650156,7.640992071147,7
46.277436714820,7.018295467668,7
46.277484145590,7.031268735987,7
46.277530089502,7.044242027123,7
46.277574546556,7.057215340350,7
46.278058667521,7.628051961285,7
46.278036215965,7.641025516492,7
46.278012277551,7.653999060362,7
46.286432183910,7.018225980753,7
46.286479622602,7.031201393729,7
46.286525574187,7.044176829523,7
46.286570038667,7.057152287408,7
46.287054240489,7.628083273290,7
46.287031785183,7.641058973155,7
46.287007842771,7.654034661683,7
46.286982413253,7.667010338149,7
46.286955496628,7.679986001826,7
46.295475102789,7.031134028689,7
46.295521062048,7.044111609867,7
46.295565533953,7.057089213135,7
46.295608518503,7.070066837767,7
46.296003411167,7.654070275049,7
46.295977977402,7.667048096898,7
46.295951056283,7.680025905958,7
46.295922647808,7.693003701502,7
46.304470585919,7.031066640867,7
46.304516552852,7.044046368153,7
46.304561032181,7.057026117530,7
46.304604023908,7.070005888271,7
46.304973544493,7.667085868416,7
46.304946618879,7.680065823585,7
46.304918205662,7.693045765238,7
46.313466071758,7.030999230262,7
46.313512046364,7.043981104382,7
46.313556533119,7.056963000594,7
46.313599532022,7.069944918170,7
46.313641043074,7.082926856383,7
46.313969114293,7.667123652705,7
46.313942184184,7.680105754708,7
46.313913766224,7.693087843196,7
46.322507542351,7.043915818555,7
46.322552036532,7.056899862327,7
46.322595042612,7.069883927462,7
46.322964686569,7.667161449763,7
46.322937751965,7.680145699326,7
46.322909329261,7.693129935374,7
46.331503040581,7.043850510671,7
46.331547542187,7.056836702728,7
46.331590555444,7.069822916150,7
46.331632080353,7.082809150208,7
46.332009674241,7.641226426250,7
46.331985711838,7.654212848952,7
46.331960261087,7.667199259590,7
46.331933321988,7.680185657440,7
46.340498540820,7.043785180730,7
46.340543049851,7.056773521798,7
46.340586070285,7.069761884231,7
46.340627602122,7.082750267301,7
46.340667645364,7.095738670281,7
46.340706200009,7.108727092446,7
46.341068226637,7.602294170578,7
46.341048726025,7.615282774119,7
46.341027736817,7.628271367777,7
46.341005259012,7.641259950825,7
46.340981292611,7.654248522538,7
46.349494042835,7.043719828732,7
46.349538559290,7.056710319537,7
46.349581586901,7.069700831706,7
46.349623125667,7.082691364513,7
46.349663175589,7.095681917230,7
46.349701736666,7.108672489132,7
46.349738808898,7.121663079491,7
46.349774392285,7.134653687580,7
46.349808486828,7.147644312673,7
46.349841092526,7.160634954044,7
46.349872209380,7.173625610965,7
46.350098364885,7.576339723965,7
46.350081838709,7.589330494828,7
46.350063823688,7.602321257262,7
46.350044319823,7.615312010539,7
46.350023327114,7.628302753934,7
46.350000845559,7.641293486719,7
46.358534070272,7.056647095944,7
46.358577105060,7.069639758576,7
46.358618650754,7.082632441845,7
46.358658707356,7.095625145025,7
46.358697274865,7.108617867389,7
46.358734353280,7.121610608210,7
46.358769942603,7.134603366761,7
46.358804042833,7.147596142317,7
46.358836653969,7.160588934150,7
46.358867776013,7.173581741534,7
46.358897408964,7.186574563741,7
46.359109009079,7.563369589838,7
46.359093969240,7.576362518866,7
46.359077440308,7.589355440191,7
46.359059422282,7.602348353087,7
46.359039915164,7.615341256827,7
46.367654240432,7.095568353665,7
46.367692814373,7.108563227216,7
46.367729898972,7.121558119225,7
46.367765494230,7.134553028965,7
46.367799600146,7.147547955708,7
46.367832216721,7.160542898729,7
46.367863343955,7.173537857301,7
46.367892981848,7.186532830696,7
46.368149893228,7.511409857886,7
46.368140808246,7.524404961646,7
46.368130233922,7.537400060610,7
46.368118170257,7.550395154051,7
46.368104617251,7.563390241242,7
46.368089574904,7.576385321458,7
46.376725445739,7.121505612537,7
46.376761046932,7.134502674190,7
46.376795158535,7.147499752847,7
46.376827780549,7.160496847782,7
46.376858912973,7.173493958267,7
46.376888555807,7.186491083576,7
46.376916709052,7.199488222982,7
46.377159214250,7.485427385774,7
46.377153106932,7.498424648859,7
46.377145510025,7.511421908602,7
46.377136423528,7.524419164275,7
46.377125847441,7.537416415152,7
46.377113781765,7.550413660506,7
46.377100226499,7.563410899611,7
46.385823345219,7.160450781307,7
46.385854482833,7.173450044431,7
46.385884130609,7.186449322379,7
46.385912288547,7.199448614424,7
46.385938956647,7.212447919840,7
46.386162581331,7.459436296705,7
46.386159452671,7.472435716935,7
46.386154834174,7.485435135275,7
46.386148725838,7.498434550999,7
46.386141127664,7.511433963380,7
46.386132039652,7.524433371692,7
46.386121461802,7.537432775208,7
46.394818910497,7.160404699305,7
46.394850053302,7.173406115794,7
46.394879706020,7.186407547107,7
46.394907868651,7.199408992517,7
46.394934541197,7.212410451297,7
46.394959723656,7.225411922722,7
46.395145686430,7.381430301542,7
46.395151497767,7.394431871212,7
46.395155819017,7.407433443353,7
46.395159991259,7.433436592139,7
46.395159842250,7.446438167332,7
46.395158203155,7.459439742089,7
46.395155073974,7.472441315683,7
46.395150454706,7.485442887387,7
46.395144345353,7.498444456476,7
46.395136745912,7.511446022222,7
46.395127656386,7.524447583898,7
46.403875281806,7.186365757758,7
46.403903449131,7.199369357259,7
46.403930126122,7.212372970129,7
46.403955312777,7.225376595644,7
46.403979009099,7.238380233076,7
46.404103153976,7.329405967746,7
46.404114927620,7.342409674356,7
46.404125210929,7.355413386344,7
46.404134003904,7.368417102983,7
46.404141306544,7.381420823546,7
46.404147118849,7.394424547306,7
46.404151440820,7.407428273537,7
46.404154272456,7.420432001511,7
46.404155613757,7.433435730503,7
46.404155464723,7.446439459786,7
46.404153825355,7.459443188633,7
46.404150695652,7.472446916317,7
46.404146075615,7.485450642112,7
46.404139965243,7.498454365290,7
46.404132364536,7.511458085126,7
46.412870857734,7.186323954335,7
46.412899029753,7.199329708650,7
46.412925711189,7.212335476337,7
46.412950902041,7.225341256667,7
46.412974602311,7.238347048915,7
46.412996811998,7.251352852353,7
46.413070744915,7.303376163480,7
46.413085501686,7.316382011972,7
46.413098767875,7.329387867294,7
46.413110543481,7.342393728720,7
46.413120828503,7.355399595524,7
46.413129622943,7.368405466979,7
46.413136926800,7.381411342357,7
46.413142740073,7.394417220933,7
46.413147062764,7.407423101979,7
46.413149894872,7.420428984769,7
46.413151236397,7.433434868577,7
46.413151087338,7.446440752675,7
46.413149447697,7.459446636338,7
46.413146317473,7.472452518838,7
46.413141696665,7.485458399448,7
46.421894610284,7.199290046692,7
46.421921296165,7.212297969919,7
46.421946491214,7.225305905791,7
46.421970195432,7.238313853580,7
46.421992408819,7.251321812560,7
46.422013131375,7.264329782003,7
46.422032363099,7.277337761184,7
46.422050103992,7.290345749376,7
46.422066354053,7.303353745851,7
46.422081113284,7.316361749884,7
46.422094381682,7.329369760748,7
46.422106159250,7.342377777715,7
46.422116445986,7.355385800060,7
46.422125241891,7.368393827056,7
46.422132546965,7.381401857976,7
46.422138361207,7.394409892092,7
46.422142684618,7.407417928680,7
46.422145517197,7.420425967012,7
46.422146858945,7.433434006361,7
46.422146709862,7.446442046000,7
46.422145069948,7.459450085204,7
46.422141939202,7.472458123245,7
46.430942080063,7.225270543016,7
46.430965788229,7.238280647072,7
46.430988005316,7.251290762318,7
46.431008731324,7.264300888028,7
46.431027966251,7.277311023476,7
46.431045710099,7.290321167934,7
46.431061962868,7.303331320677,7
46.431076724556,7.316341480976,7
46.431089995165,7.329351648107,7
46.431101774695,7.342361821341,7
46.431112063145,7.355371999953,7
46.431120860515,7.368382183215,7
46.431141139198,7.420422948238,7
46.431142481170,7.433433143854,7
46.431142332062,7.446443339760,7
46.439961380468,7.238247429390,7
46.439983601256,7.251259701628,7
46.440004330715,7.264271984331,7
46.440023568846,7.277284276771,7
46.440041315649,7.290296578222,7
46.440057571124,7.303308887956,7
46.440072335272,7.316321205249,7
46.440085608091,7.329333529371,7
46.448999929315,7.264243070911,7
46.449019170649,7.277257521069,7
46.449036920408,7.290271980238,7
