45.90082306,6.04964237,8
45.90098151,6.06252452,8
45.90113848,6.07540675,8
45.90129398,6.08828905,8
45.90144799,6.10117143,8
45.90160053,6.11405388,8
45.90175160,6.12693641,8
45.90190119,6.13981902,8
45.90204930,6.15270169,8
45.90900237,5.98499426,8
45.90916822,5.99787812,8
45.90933261,6.01076207,8
45.90949551,6.02364609,8
45.90965694,6.03653020,8
45.90981689,6.04941438,8
45.90997536,6.06229865,8
45.91013236,6.07518299,8
45.91028788,6.08806741,8
45.91044192,6.10095190,8
45.91059449,6.11383647,8
45.91074558,6.12672112,8
45.91089519,6.13960583,8
45.91104333,6.15249063,8
45.91118999,6.16537549,8
45.91133517,6.17826043,8
45.91147887,6.19114543,8
45.91162110,6.20403051,8
45.91176185,6.21691566,8
45.91748954,5.94609817,8
45.91765986,5.95898390,8
45.91782870,5.97186971,8
45.91799607,5.98475561,8
45.91816195,5.99764159,8
45.91832636,6.01052765,8
45.91848929,6.02341380,8
45.91865075,6.03630002,8
45.91881073,6.04918632,8
45.91896923,6.06207270,8
45.91912625,6.07495916,8
45.91928180,6.08784569,8
45.91943587,6.10073230,8
45.91958846,6.11361898,8
45.91973957,6.12650574,8
45.91988921,6.13939258,8
45.92003737,6.15227948,8
45.92018406,6.16516646,8
45.92032926,6.17805352,8
45.92047299,6.19094064,8
45.92061524,6.20382783,8
45.92075602,6.21671509,8
45.92089531,6.22960243,8
45.92103313,6.24248982,8
45.92116948,6.25537729,8
45.92613805,5.92007765,8
45.92631135,5.93296533,8
45.92648317,5.94585309,8
45.92665352,5.95874094,8
45.92682239,5.97162887,8
45.92698978,5.98451689,8
45.92715569,5.99740498,8
45.92732013,6.01029316,8
45.92748309,6.02318142,8
45.92764457,6.03606976,8
45.92780458,6.04895818,8
45.92796311,6.06184667,8
45.92812016,6.07473524,8
45.92827573,6.08762389,8
45.92842982,6.10051262,8
45.92858244,6.11340142,8
45.92873358,6.12629030,8
45.92888324,6.13917925,8
45.92903143,6.15206827,8
45.92917814,6.16495737,8
45.92932337,6.17784654,8
45.92946712,6.19073577,8
45.92960940,6.20362508,8
45.92975019,6.21651446,8
45.92988952,6.22940391,8
45.93002736,6.24229343,8
45.93016372,6.25518301,8
45.93029861,6.26807266,8
45.93043202,6.28096238,8
45.93478054,5.89404892,8
45.93495682,5.90693854,8
45.93513163,5.91982826,8
45.93530496,5.93271805,8
45.93547681,5.94560793,8
45.93564719,5.95849790,8
45.93581609,5.97138795,8
45.93598351,5.98427808,8
45.93614945,5.99716829,8
45.93631391,6.01005859,8
45.93647690,6.02294896,8
45.93663841,6.03583942,8
45.93679844,6.04872995,8
45.93695700,6.06162057,8
45.93787729,6.13896585,8
45.93802550,6.15185699,8
45.93817223,6.16474820,8
45.93831749,6.17763948,8
45.93846126,6.19053084,8
45.93860356,6.20342227,8
45.93874438,6.21631376,8
45.93888373,6.22920533,8
45.93902160,6.24209696,8
45.93915798,6.25498866,8
45.93929290,6.26788043,8
45.93942633,6.28077226,8
45.93955828,6.29366416,8
45.94377407,5.89379521,8
45.94395039,5.90668695,8
45.94412522,5.91957878,8
45.94429858,5.93247069,8
45.94447047,5.94536269,8
45.94464087,5.95825477,8
45.94480980,5.97114694,8
45.94497724,5.98403919,8
45.94773859,6.21611299,8
45.94787795,6.22900668,8
45.94801584,6.24190043,8
45.94815226,6.25479425,8
45.94828719,6.26768813,8
45.94842065,6.28058208,8
45.94855262,6.29347610,8
45.95276762,5.89354141,8
45.95294396,5.90643527,8
45.95311883,5.91932921,8
45.95329222,5.93222325,8
45.95346413,5.94511736,8
45.95714654,6.25459976,8
45.95728150,6.26749577,8
45.95741497,6.28039184,8
45.95754697,6.29328797,8
45.96176118,5.89328752,8
45.96193755,5.90618350,8
45.96211245,5.91907956,8
45.96627581,6.26730334,8
45.96640931,6.28020153,8
45.96654134,6.29309978,8
45.96667188,6.30599810,8
45.96680095,6.31889648,8
45.97540367,6.28001115,8
45.97553571,6.29291153,8
45.97566628,6.30581197,8
45.97579536,6.31871247,8
45.97592297,6.33161303,8
45.97604910,6.34451366,8
45.98439803,6.27982071,8
45.98453009,6.29272321,8
45.98466068,6.30562577,8
45.98478979,6.31852839,8
45.98491742,6.33143108,8
45.98504357,6.34433382,8
45.98516824,6.35723663,8
45.99352449,6.29253482,8
45.99365510,6.30543950,8
45.99378423,6.31834425,8
45.99391188,6.33124906,8
45.99403805,6.34415393,8
45.99416275,6.35705886,8
45.99428596,6.36996385,8
45.99440770,6.38286890,8
46.00264953,6.30525318,8
46.00277868,6.31816004,8
46.00290635,6.33106697,8
46.00303255,6.34397397,8
46.00315726,6.35688102,8
46.00328050,6.36978813,8
46.00340225,6.38269531,8
46.00352253,6.39560254,8
46.00364132,6.40850984,8
46.01190083,6.33088483,8
46.01202705,6.34379394,8
46.01215178,6.35670312,8
46.01227504,6.36961236,8
46.01239682,6.38252166,8
46.01251711,6.39543101,8
46.01263593,6.40834043,8
46.01275326,6.42124990,8
46.01286912,6.43415943,8
46.02114632,6.35652516,8
46.02126959,6.36943652,8
46.02139139,6.38234794,8
46.02151171,6.39525943,8
46.02163054,6.40817096,8
46.02174790,6.42108256,8
46.02186378,6.43399422,8
46.02197817,6.44690593,8
46.03038598,6.38217417,8
46.03050631,6.39508778,8
46.03062517,6.40800144,8
46.03074254,6.42091516,8
46.03085844,6.43382894,8
46.03097286,6.44674278,8
46.03108579,6.45965667,8
46.03961980,6.40783186,8
46.03973720,6.42074771,8
46.03985311,6.43366361,8
46.03996755,6.44657957,8
46.04008050,6.45949559,8
46.04019198,6.47241166,8
46.04873186,6.42058020,8
46.04884780,6.43349823,8
46.04896225,6.44641631,8
46.04907523,6.45933445,8
46.04918672,6.47225265,8
46.04929673,6.48517090,8
46.05784249,6.43333278,8
46.05795696,6.44625300,8
46.05806996,6.45917326,8
46.05818147,6.47209359,8
46.05829150,6.48501397,8
46.05840005,6.49793440,8
46.06695168,6.44608962,8
46.06706470,6.45901202,8
46.06717623,6.47193447,8
46.06728628,6.48485698,8
46.06739484,6.49777953,8
46.06750193,6.51070215,8
46.07605944,6.45885072,8
46.07617099,6.47177530,8
46.07628106,6.48469993,8
46.07638965,6.49762462,8
46.07649675,6.51054936,8
46.08516577,6.47161607,8
46.08527586,6.48454283,8
46.08538446,6.49746965,8
46.08549158,6.51039652,8
46.09416055,6.47145679,8
46.09427066,6.48438568,8
46.09437928,6.49731463,8
46.09448642,6.51024363,8
46.09459208,6.52317268,8
46.10326547,6.48422848,8
46.10337411,6.49715955,8
46.10348127,6.51009068,8
46.10358694,6.52302186,8
46.10369114,6.53595309,8
46.11226029,6.48407122,8
46.11236895,6.49700443,8
46.11247612,6.50993768,8
46.11258182,6.52287100,8
46.11268603,6.53580436,8
46.12136379,6.49684925,8
46.12147099,6.50978464,8
46.12157670,6.52272008,8
46.13024995,6.48375654,8
46.13035864,6.49669401,8
46.13046585,6.50963153,8
46.13057158,6.52256911,8
46.13924479,6.48359912,8
46.13935350,6.49653873,8
46.13946073,6.50947838,8
46.14823964,6.48344165,8
46.14834837,6.49638339,8
46.14845562,6.50932518,8
46.15712426,6.47034031,8
46.15723449,6.48328412,8
46.15734324,6.49622800,8
46.15745051,6.50917192,8
46.15755629,6.52211590,8
46.16622935,6.48312654,8
46.16633812,6.49607255,8
46.16644540,6.50901861,8
46.16655120,6.52196472,8
46.17522422,6.48296891,8
46.17533300,6.49591705,8
46.17544031,6.50886525,8
46.17554612,6.52181350,8
46.18421909,6.48281122,8
46.18432789,6.49576150,8
46.18443521,6.50871184,8
46.18454105,6.52166222,8
46.19332279,6.49560590,8
46.19343013,6.50855837,8
46.19353598,6.52151089,8
46.19364035,6.53446347,8
46.20231769,6.49545025,8
46.20242505,6.50840485,8
46.20253092,6.52135951,8
46.20263531,6.53431422,8
46.21120374,6.48233784,8
46.21131260,6.49529454,8
46.21141998,6.50825128,8
46.21152586,6.52120808,8
46.22030751,6.49513878,8
46.22041491,6.50809766,8
46.22052081,6.52105660,8
46.22062523,6.53401559,8
46.22930243,6.49498296,8
46.22940984,6.50794399,8
46.22951577,6.52090507,8
46.23829735,6.49482709,8
46.23840478,6.50779026,8
46.23851072,6.52075348,8
46.23861518,6.53371675,8
46.24729228,6.49467117,8
46.24739973,6.50763648,8
46.24750569,6.52060184,8
46.24761016,6.53356726,8
46.25628721,6.49451520,8
46.25639467,6.50748265,8
46.25650065,6.52045016,8
46.25660514,6.53341771,8
46.26528214,6.49435918,8
46.26538963,6.50732877,8
46.26549562,6.52029842,8
46.26560013,6.53326812,8
46.27427708,6.49420310,8
46.27438458,6.50717484,8
46.27449059,6.52014663,8
46.27459512,6.53311847,8
46.28327202,6.49404697,8
46.28337954,6.50702085,8
46.28348557,6.51999479,8
46.29226697,6.49389078,8
46.29237450,6.50686681,8
46.29248055,6.51984289,8
46.29258511,6.53281903,8
46.30126192,6.49373455,8
46.30136947,6.50671272,8
46.30147554,6.51969095,8
46.30158011,6.53266923,8
46.31036444,6.50655858,8
46.31047052,6.51953895,8
46.31057512,6.53251938,8
46.31935941,6.50640438,8
46.31946551,6.51938691,8
46.31957012,6.53236948,8
46.32835438,6.50625014,8
46.32846050,6.51923481,8
46.32856513,6.53221953,8
46.33734936,6.50609584,8
46.33745549,6.51908266,8
46.33756014,6.53206953,8
46.34623669,6.49295257,8
46.34634433,6.50594149,8
46.34645049,6.51893046,8
46.34655515,6.53191948,8
46.35523165,6.49279602,8
46.35533931,6.50578708,8
46.35544548,6.51877820,8
46.35555017,6.53176937,8
46.36422661,6.49263941,8
46.36433429,6.50563263,8
46.36444048,6.51862590,8
46.36454518,6.53161922,8
46.37322157,6.49248275,8
46.37332927,6.50547812,8
46.37343548,6.51847354,8
46.37354020,6.53146902,8
46.38210733,6.47932857,8
46.38221654,6.49232604,8
46.38232425,6.50532356,8
46.38243048,6.51832114,8
46.38253521,6.53131876,8
46.39110228,6.47916965,8
46.39121150,6.49216927,8
46.39131923,6.50516895,8
46.39142548,6.51816868,8
46.39153023,6.53116846,8
46.39998649,6.46600896,8
46.40009722,6.47901068,8
46.40020647,6.49201246,8
46.40031422,6.50501429,8
46.40042048,6.51801617,8
46.40898142,6.46584778,8
46.40909217,6.47885165,8
46.40920143,6.49185559,8
46.40930920,6.50485957,8
46.40941548,6.51786361,8
46.41786409,6.45268056,8
46.41797635,6.46568654,8
46.41808712,6.47869257,8
46.41819639,6.49169866,8
46.41830418,6.50470480,8
46.42674523,6.43950904,8
46.42685900,6.45251712,8
46.42697128,6.46552525,8
46.42708206,6.47853344,8
46.42719136,6.49154169,8
46.43562484,6.42633320,8
46.43574012,6.43934338,8
46.43585391,6.45235362,8
46.43596620,6.46536391,8
46.43607701,6.47837426,8
46.43618632,6.49138466,8
46.44450292,6.41315304,8
46.44461971,6.42616533,8
46.44473501,6.43917767,8
46.44484881,6.45219006,8
46.44496113,6.46520251,8
46.44507195,6.47821502,8
46.45337946,6.39996857,8
46.45349777,6.41298296,8
46.45361457,6.42599740,8
46.45372989,6.43901190,8
46.45384372,6.45202645,8
46.45395605,6.46504106,8
46.45641794,5.87918983,8
46.46225448,6.38677979,8
46.46237429,6.39979627,8
46.46249261,6.41281282,8
46.46260944,6.42582942,8
46.46272478,6.43884607,8
46.46283862,6.45186279,8
46.46541177,5.87893108,8
46.46558980,5.89194689,8
46.46576635,5.90496280,8
46.47112796,6.37358668,8
46.47124928,6.38660527,8
46.47136912,6.39962391,8
46.47148746,6.41264262,8
46.47160431,6.42566138,8
46.47171966,6.43868019,8
46.47440560,5.87867223,8
46.47458367,5.89169021,8
46.47476024,5.90470828,8
46.47493532,5.91772643,8
46.47510890,5.93074466,8
46.47987557,6.34736863,8
46.47999990,6.36038925,8
46.48012274,6.37340994,8
46.48024409,6.38643069,8
46.48036394,6.39945149,8
46.48048230,6.41247236,8
46.48059917,6.42549328,8
46.48339944,5.87841330,8
46.48357753,5.89143344,8
46.48375413,5.90445367,8
46.48392924,5.91747398,8
46.48410285,5.93049438,8
46.48427497,5.94351486,8
46.48848830,6.30811951,8
46.48861713,6.32114211,8
46.48874447,6.33416478,8
46.48887032,6.34718751,8
46.48899467,6.36021029,8
46.48911753,6.37323314,8
46.48923889,6.38625605,8
46.48935877,6.39927902,8
46.48947715,6.41230204,8
46.49239326,5.87815429,8
46.49257139,5.89117659,8
46.49274802,5.90419898,8
46.49292315,5.91722145,8
46.49309680,5.93024401,8
46.49326895,5.94326665,8
46.49343961,5.95628938,8
46.49360877,5.96931218,8
46.49377644,5.98233507,8
46.49394262,5.99535804,8
46.49722080,6.28188250,8
46.49735263,6.29490714,8
46.49748298,6.30793184,8
46.49761183,6.32095661,8
46.49773919,6.33398143,8
46.49786505,6.34700632,8
46.49798943,6.36003127,8
46.49811231,6.37305629,8
46.49823369,6.38608136,8
46.49835359,6.39910649,8
46.50174190,5.90394420,8
46.50191707,5.91696884,8
46.50209074,5.92999356,8
46.50226292,5.94301836,8
46.50243361,5.95604325,8
46.50260280,5.96906822,8
46.50277050,5.98209327,8
46.50293670,5.99511841,8
46.50310142,6.00814362,8
46.50326464,6.02116892,8
46.50342636,6.03419429,8
46.50358659,6.04721974,8
46.50374533,6.06024527,8
46.50405833,6.08629656,8
46.50421259,6.09932232,8
46.50436536,6.11234815,8
46.50451663,6.12537406,8
46.50466641,6.13840004,8
46.50481470,6.15142609,8
46.50496149,6.16445221,8
46.50510679,6.17747841,8
46.50525060,6.19050467,8
46.50539291,6.20353101,8
46.50553373,6.21655741,8
46.50567305,6.22958388,8
46.50581089,6.24261042,8
46.50594723,6.25563703,8
46.50608207,6.26866370,8
46.50621543,6.28169044,8
46.50634729,6.29471724,8
46.50647765,6.30774411,8
46.50660653,6.32077104,8
46.50673390,6.33379803,8
46.50685979,6.34682508,8
46.50698418,6.35985220,8
46.51091098,5.91671614,8
46.51108468,5.92974302,8
46.51125689,5.94276999,8
46.51142760,5.95579704,8
46.51159683,5.96882417,8
46.51176455,5.98185139,8
46.51193079,5.99487869,8
46.51209553,6.00790607,8
46.51225877,6.02093352,8
46.51242053,6.03396106,8
46.51258078,6.04698868,8
46.51273955,6.06001637,8
46.51289682,6.07304414,8
46.51305260,6.08607199,8
46.51320689,6.09909991,8
46.51335968,6.11212790,8
46.51351098,6.12515597,8
46.51366078,6.13818412,8
46.51380909,6.15121233,8
46.51395591,6.16424062,8
46.51410123,6.17726898,8
46.51424506,6.19029741,8
46.51438740,6.20332591,8
46.51452824,6.21635447,8
46.51466759,6.22938311,8
46.51480545,6.24241181,8
46.51494181,6.25544058,8
46.51507668,6.26846942,8
46.51521005,6.28149832,8
46.51534193,6.29452729,8
46.51547232,6.30755631,8
46.51560122,6.32058541,8
46.51572862,6.33361456,8
46.52025086,5.94252153,8
46.52042160,5.95555075,8
46.52059085,5.96858005,8
46.52075860,5.98160943,8
46.52092487,5.99463889,8
46.52108963,6.00766843,8
46.52125291,6.02069805,8
46.52141469,6.03372776,8
46.52157497,6.04675754,8
46.52173376,6.05978739,8
46.52189106,6.07281733,8
46.52204687,6.08584734,8
46.52220118,6.09887742,8
46.52235399,6.11190758,8
46.52250532,6.12493782,8
46.52265515,6.13796812,8
46.52280348,6.15099850,8
46.52295032,6.16402896,8
46.52309567,6.17705948,8
46.52323953,6.19009007,8
46.52338189,6.20312074,8
46.52352275,6.21615147,8
46.52366212,6.22918227,8
46.52380000,6.24221313,8
46.52393639,6.25524407,8
46.52407128,6.26827507,8
46.52420468,6.28130613,8
46.52433658,6.29433726,8
46.52446699,6.30736846,8
46.52975265,5.98136738,8
46.52991894,5.99439901,8
46.53008374,6.00743072,8
46.53024704,6.02046251,8
46.53040884,6.03349437,8
46.53056916,6.04652632,8
46.53072797,6.05955834,8
46.53088530,6.07259044,8
46.53104113,6.08562261,8
46.53119547,6.09865486,8
46.53134831,6.11168719,8
46.53149966,6.12471959,8
46.53164951,6.13775206,8
46.53179787,6.15078461,8
46.53194474,6.16381722,8
46.53209011,6.17684991,8
46.53223399,6.18988267,8
46.53237637,6.20291550,8
46.53972218,6.05932921,8
46.53987953,6.07236347,8
46.54003539,6.08539781,8
