46.21985498,9.77690148,9
46.21904411,9.81576190,9
46.21877085,9.82871511,9
46.21849611,9.84166818,9
46.21821988,9.85462112,9
46.23068683,9.68659402,9
46.23042839,9.69955067,9
46.23016846,9.71250719,9
46.22964414,9.73841986,9
46.22937975,9.75137599,9
46.22911388,9.76433200,9
46.22884652,9.77728788,9
46.22857767,9.79024363,9
46.22830734,9.80319924,9
46.22803552,9.81615472,9
46.22776222,9.82911007,9
46.22748742,9.84206529,9
46.22721115,9.85502037,9
46.22693338,9.86797531,9
46.22637340,9.89388479,9
46.22609117,9.90683933,9
46.24019121,9.66104759,9
46.23967869,9.68696555,9
46.23942020,9.69992434,9
46.23916023,9.71288301,9
46.23889877,9.72584155,9
46.23863582,9.73879996,9
46.23837139,9.75175824,9
46.23810547,9.76471639,9
46.23783807,9.77767441,9
46.23756918,9.79063230,9
46.23729880,9.80359006,9
46.23702693,9.81654768,9
46.23675358,9.82950517,9
46.23647875,9.84246253,9
46.23620242,9.85541975,9
46.23592461,9.86837684,9
46.23564531,9.88133379,9
46.23536453,9.89429061,9
46.23508226,9.90724729,9
46.23479851,9.92020382,9
46.23451326,9.93316022,9
46.23422654,9.94611648,9
46.23393832,9.95907260,9
46.24943722,9.64845365,9
46.24918315,9.66141496,9
46.24892759,9.67437615,9
46.24867055,9.68733721,9
46.24841202,9.70029815,9
46.24815200,9.71325895,9
46.24789050,9.72621963,9
46.24762751,9.73918019,9
46.24736303,9.75214061,9
46.24709707,9.76510091,9
46.24682962,9.77806107,9
46.24656068,9.79102110,9
46.24629026,9.80398100,9
46.24601835,9.81694077,9
46.24574495,9.82990041,9
46.24547007,9.84285991,9
46.24519370,9.85581928,9
46.24491584,9.86877851,9
46.24463650,9.88173760,9
46.24435567,9.89469656,9
46.24407335,9.90765538,9
46.24378955,9.92061406,9
46.24350426,9.93357260,9
46.24321748,9.94653101,9
46.24292922,9.95948927,9
46.24263947,9.97244739,9
46.24234823,9.98540537,9
46.24205551,9.99836321,9
46.24176130,10.01132090,9
46.24146560,10.02427845,9
46.24116842,10.03723585,9
46.24086975,10.05019311,9
46.24026795,10.07610719,9
46.23996482,10.08906401,9
46.23966021,10.10202067,9
46.25893298,9.62289172,9
46.25868184,9.63585542,9
46.25842921,9.64881900,9
46.25817510,9.66178246,9
46.25791950,9.67474579,9
46.25766241,9.68770899,9
46.25740384,9.70067207,9
46.25714378,9.71363503,9
46.25688223,9.72659785,9
46.25661920,9.73956055,9
46.25635468,9.75252312,9
46.25608867,9.76548555,9
46.25582118,9.77844786,9
46.25555219,9.79141004,9
46.25528173,9.80437208,9
46.25500977,9.81733400,9
46.25473633,9.83029578,9
46.25390708,9.86918031,9
46.25362769,9.88214155,9
46.25334681,9.89510265,9
46.25306445,9.90806361,9
46.25278060,9.92102444,9
46.25249526,9.93398512,9
46.25220844,9.94694567,9
46.25192013,9.95990608,9
46.25163033,9.97286634,9
46.25133904,9.98582647,9
46.25104627,9.99878645,9
46.25075201,10.01174628,9
46.25045626,10.02470598,9
46.25015903,10.03766553,9
46.24986031,10.05062493,9
46.24956011,10.06358418,9
46.24925841,10.07654329,9
46.24895523,10.08950225,9
46.24865056,10.10246107,9
46.24834441,10.11541973,9
46.24803677,10.12837824,9
46.26817475,9.61028694,9
46.26792506,9.62325291,9
46.26767387,9.63621875,9
46.26742121,9.64918448,9
46.26716705,9.66215008,9
46.26691141,9.67511555,9
46.26665428,9.68808090,9
46.26639566,9.70104613,9
46.26561089,9.73994104,9
46.26261888,9.88254563,9
46.26177165,9.92143495,9
46.26148626,9.93439778,9
46.26119939,9.94736048,9
46.26091103,9.96032303,9
46.26062119,9.97328544,9
46.26032985,9.98624771,9
46.26003703,9.99920983,9
46.25974272,10.01217181,9
46.25944693,10.02513365,9
46.25914965,10.03809534,9
46.25885088,10.05105689,9
46.25855062,10.06401829,9
46.25824887,10.07697955,9
46.25794564,10.08994065,9
46.25764093,10.10290161,9
46.25733472,10.11586242,9
46.25702703,10.12882308,9
46.25671785,10.14178358,9
46.25640718,10.15474394,9
46.25609503,10.16770414,9
46.27741512,9.59767786,9
46.27716687,9.61064610,9
46.27691714,9.62361421,9
46.27666591,9.63658221,9
46.27641320,9.64955007,9
46.27615901,9.66251782,9
46.27590332,9.67548544,9
46.27047727,9.93481058,9
46.26990194,9.96074012,9
46.26961205,9.97370467,9
46.26932067,9.98666909,9
46.26902780,9.99963336,9
46.26873344,10.01259749,9
46.26843759,10.02556147,9
46.26814026,10.03852531,9
46.26784144,10.05148900,9
46.26754114,10.06445255,9
46.26723934,10.07741595,9
46.26693606,10.09037920,9
46.26663129,10.10334230,9
46.26632503,10.11630526,9
46.26601729,10.12926806,9
46.26570806,10.14223071,9
46.26539734,10.15519321,9
46.26508513,10.16815556,9
46.28762642,9.53318129,9
46.28738557,9.54615227,9
46.28714323,9.55912313,9
46.28689940,9.57209387,9
46.28665409,9.58506450,9
46.28640729,9.59803500,9
46.28615900,9.61100538,9
46.28590922,9.62397564,9
46.28565796,9.63694578,9
46.28540521,9.64991580,9
46.28515097,9.66288569,9
46.27562166,10.10378314,9
46.27531535,10.11674824,9
46.27500755,10.12971319,9
46.27469827,10.14267799,9
46.27438750,10.15564264,9
46.27407524,10.16860714,9
46.27376150,10.18157148,9
46.29661879,9.53352781,9
46.29637790,9.54650094,9
46.29613552,9.55947394,9
46.29589166,9.57244683,9
46.29564630,9.58541961,9
46.29539946,9.59839226,9
46.29515113,9.61136479,9
46.29490131,9.62433719,9
46.29465000,9.63730948,9
46.28368849,10.14312542,9
46.28337767,10.15609222,9
46.28306535,10.16905886,9
46.28275156,10.18202535,9
46.28243627,10.19499169,9
46.30608857,9.50792355,9
46.30585061,9.52089906,9
46.30561117,9.53387445,9
46.30537024,9.54684972,9
46.30512782,9.55982488,9
46.29267871,10.14357300,9
46.29236783,10.15654195,9
46.29205547,10.16951074,9
46.29174162,10.18247937,9
46.29142628,10.19544786,9
46.31531753,9.49528824,9
46.31508103,9.50826601,9
46.31484303,9.52124366,9
46.31460355,9.53422121,9
46.31436258,9.54719863,9
46.30135800,10.15699183,9
46.30104559,10.16996277,9
46.30073168,10.18293355,9
46.30041629,10.19590419,9
46.32431003,9.49562866,9
46.32407349,9.50860858,9
46.32383545,9.52158839,9
46.32359593,9.53456808,9
46.31003570,10.17041495,9
46.30972175,10.18338788,9
46.30940631,10.19636067,9
46.30908937,10.20933329,9
46.33353763,9.48298702,9
46.33330254,9.49596920,9
46.33306595,9.50895127,9
46.33282788,9.52193323,9
46.33258831,9.53491507,9
46.31871182,10.18384237,9
46.31839632,10.19681730,9
46.31807934,10.20979208,9
46.31776086,10.22276670,9
46.34253017,9.48332552,9
46.34229504,9.49630986,9
46.34205841,9.50929408,9
46.34182030,9.52227819,9
46.32770189,10.18429701,9
46.32738634,10.19727409,9
46.32706930,10.21025102,9
46.32675077,10.22322779,9
46.35152272,9.48366414,9
46.35128754,9.49665063,9
46.35105088,9.50963700,9
46.35081273,9.52262326,9
46.33637636,10.19773103,9
46.33605926,10.21071011,9
46.33574068,10.22368904,9
46.36074899,9.47101412,9
46.36051526,9.48400288,9
46.36028005,9.49699152,9
46.36004334,9.50998004,9
46.35980515,9.52296845,9
46.34536638,10.19818813,9
46.34504923,10.21116936,9
46.34473060,10.22415044,9
46.34441047,10.23713136,9
46.36974157,9.47135082,9
46.36950781,9.48434172,9
46.36927255,9.49733252,9
46.36903581,9.51032320,9
46.36879758,9.52331376,9
46.35435640,10.19864538,9
46.35403920,10.21162877,9
46.35372051,10.22461199,9
46.35340033,10.23759507,9
46.37873416,9.47168762,9
46.37850035,9.48468069,9
46.37826506,9.49767363,9
46.37802828,9.51066647,9
46.36302917,10.21208832,9
46.36271043,10.22507371,9
46.36239020,10.23805893,9
46.38772674,9.47202455,9
46.38749290,9.48501976,9
46.38725757,9.49801486,9
46.37201913,10.21254804,9
46.37170034,10.22553558,9
46.37138006,10.23852296,9
46.37105828,10.25151018,9
46.39718262,9.44636650,9
46.39695172,9.45936410,9
46.39671933,9.47236158,9
46.39648545,9.48535895,9
46.39625008,9.49835621,9
46.38100910,10.21300791,9
46.38069026,10.22599760,9
46.38036992,10.23898713,9
46.38004809,10.25197651,9
46.37972477,10.26496574,9
46.40617528,9.44669934,9
46.40594434,9.45969909,9
46.40571191,9.47269873,9
46.40547799,9.48569826,9
46.40524258,9.49869767,9
46.40500568,9.51169697,9
46.38968017,10.22645978,9
46.38935978,10.23945147,9
46.38903790,10.25244300,9
46.38871453,10.26543438,9
46.38838966,10.27842560,9
46.41539743,9.43403027,9
46.41516794,9.44703229,9
46.41493696,9.46003420,9
46.41470450,9.47303599,9
46.41447054,9.48603768,9
46.39867009,10.22692211,9
46.39834964,10.23991596,9
46.39802771,10.25290965,9
46.39770428,10.26590319,9
46.39737936,10.27889656,9
46.42439012,9.43436117,9
46.42416060,9.44736535,9
46.42392959,9.46036942,9
46.42369708,9.47337337,9
46.40733950,10.24038061,9
46.40701751,10.25337646,9
46.40669403,10.26637215,9
46.40636906,10.27936768,9
46.43338282,9.43469219,9
46.43315326,9.44769852,9
46.43292221,9.46070475,9
46.43268967,9.47371086,9
46.41632936,10.24084541,9
46.41600732,10.25384342,9
46.41568379,10.26684127,9
46.41535876,10.27983896,9
46.41503224,10.29283649,9
46.44260363,9.42201471,9
46.44237552,9.43502332,9
46.44214592,9.44803181,9
46.44191483,9.46104019,9
46.44168225,9.47404846,9
46.42499712,10.25431054,9
46.42467354,10.26731054,9
46.42434846,10.28031039,9
46.42402189,10.29331008,9
46.45159636,9.42234379,9
46.45136822,9.43535455,9
46.45113858,9.44836521,9
46.45090745,9.46137575,9
46.43398693,10.25477781,9
46.43366329,10.26777998,9
46.43333815,10.28078199,9
46.43301153,10.29378384,9
46.46036091,9.43568590,9
46.46013124,9.44869872,9
46.45990007,9.46171142,9
46.44297673,10.25524524,9
46.44265304,10.26824957,9
46.44232785,10.28125374,9
46.44200117,10.29425775,9
46.44167300,10.30726160,9
46.46935361,9.43601737,9
46.46912389,9.44903234,9
46.46889269,9.46204720,9
46.46865999,9.47506195,9
46.45164278,10.26871932,9
46.45131754,10.28172565,9
46.45099081,10.29473182,9
46.45066258,10.30773783,9
46.47834630,9.43634894,9
46.47811655,9.44936608,9
46.47788530,9.46238310,9
46.47765256,9.47540001,9
46.46063253,10.26918923,9
46.46030723,10.28219772,9
46.45998044,10.29520605,9
46.45965216,10.30821423,9
46.45932239,10.32122224,9
46.48733899,9.43668062,9
46.48710920,9.44969992,9
46.48687791,9.46271911,9
46.48664514,9.47573818,9
46.46929692,10.28266995,9
46.46897008,10.29568044,9
46.46864174,10.30869078,9
46.46831191,10.32170095,9
46.49656001,9.42399084,9
46.49633167,9.43701242,9
46.49610184,9.45003388,9
46.49587052,9.46305523,9
46.49563771,9.47607647,9
46.47861201,10.27012952,9
46.47828660,10.28314234,9
46.47795971,10.29615499,9
46.47763132,10.30916749,9
46.47730143,10.32217983,9
46.50555273,9.42432059,9
46.50532436,9.43734432,9
46.50509449,9.45036795,9
46.50486313,9.46339146,9
46.48760175,10.27059990,9
46.48727629,10.28361488,9
46.48694934,10.29662970,9
46.48662089,10.30964436,9
46.51454545,9.42465044,9
46.51431704,9.43767634,9
46.51408713,9.45070213,9
46.51385573,9.46372781,9
46.49659148,10.27107044,9
46.49626597,10.28408758,9
46.49593896,10.29710457,9
46.49561046,10.31012140,9
46.49528047,10.32313806,9
46.52353816,9.42498041,9
46.52330972,9.43800847,9
46.52307977,9.45103643,9
46.52284833,9.46406427,9
46.50525564,10.28456045,9
46.50492858,10.29757960,9
46.50460003,10.31059859,9
46.50426998,10.32361742,9
46.53253088,9.42531048,9
46.53230239,9.43834071,9
46.53207241,9.45137083,9
46.53184093,9.46440084,9
46.51424532,10.28503347,9
46.51391820,10.29805478,9
46.51358959,10.31107594,9
46.51325949,10.32409694,9
46.54152359,9.42564066,9
46.54129506,9.43867306,9
46.54106504,9.45170535,9
46.54083353,9.46473753,9
46.52323499,10.28550665,9
46.52290782,10.29853013,9
46.52257916,10.31155345,9
46.52224900,10.32457662,9
46.55051629,9.42597096,9
46.55028773,9.43900553,9
46.55005767,9.45203998,9
46.54982612,9.46507432,9
46.54959307,9.47810855,9
46.53222465,10.28597998,9
46.53189743,10.29900563,9
46.53156871,10.31203112,9
46.53123850,10.32505646,9
46.55950899,9.42630137,9
46.55928039,9.43933810,9
46.55905029,9.45237472,9
46.55881870,9.46541124,9
46.55858562,9.47844763,9
46.54055827,10.31250896,9
46.54022800,10.32553645,9
46.53989623,10.33856379,9
46.53956298,10.35159097,9
46.56850169,9.42663188,9
46.56827305,9.43967079,9
46.56804291,9.45270958,9
46.56781128,9.46574826,9
46.56757816,9.47878682,9
46.54987664,10.29995712,9
46.54954781,10.31298695,9
46.54921749,10.32601662,9
46.54888567,10.33904612,9
46.57726570,9.44000358,9
46.57703553,9.45304455,9
46.57680386,9.46608539,9
46.57657070,9.47912613,9
46.55886624,10.30043310,9
46.55853736,10.31346510,9
46.55820698,10.32649694,9
46.55787511,10.33952861,9
46.58625835,9.44033649,9
46.58602814,9.45337962,9
46.58579643,9.46642264,9
46.58556323,9.47946555,9
46.56785583,10.30090924,9
46.56752690,10.31394341,9
46.56719646,10.32697742,9
46.56686454,10.34001126,9
46.59525099,9.44066951,9
46.59502075,9.45371481,9
46.59478900,9.46676000,9
46.59455576,9.47980508,9
46.59432102,9.49285004,9
46.57717292,10.28834905,9
46.57684542,10.30138554,9
46.57651643,10.31442188,9
46.57618594,10.32745806,9
46.57585396,10.34049408,9
46.60424363,9.44100264,9
46.60401335,9.45405012,9
46.60378156,9.46709748,9
46.60354828,9.48014473,9
46.60331351,9.49319186,9
46.58616256,10.28882333,9
46.58583501,10.30186200,9
46.58550596,10.31490051,9
46.58517542,10.32793886,9
46.61300594,9.45438553,9
46.61277412,9.46743507,9
46.61254080,9.48048449,9
46.61230598,9.49353379,9
46.59515219,10.28929778,9
46.59482458,10.30233862,9
46.59449548,10.31537930,9
46.59416489,10.32841983,9
46.62199853,9.45472106,9
46.62176667,9.46777277,9
46.62153331,9.48082436,9
46.62129846,9.49387584,9
46.60446798,10.27672921,9
46.60414182,10.28977239,9
46.60381416,10.30281540,9
46.60348500,10.31585826,9
46.63099111,9.45505670,9
46.63075921,9.46811058,9
46.63052582,9.48116435,9
46.61345765,10.27720180,9
46.61313144,10.29024715,9
46.61280372,10.30329234,9
46.61247451,10.31633737,9
46.61214381,10.32938224,9
46.63998369,9.45539245,9
46.63975175,9.46844850,9
46.63951832,9.48150445,9
46.63928338,9.49456027,9
46.62244732,10.27767455,9
46.62212105,10.29072207,9
46.62179328,10.30376943,9
46.62146402,10.31681664,9
46.64920674,9.44266997,9
46.64897626,9.45572831,9
46.64874428,9.46878654,9
46.64851081,9.48184466,9
46.64827584,9.49490266,9
46.63143698,10.27814745,9
46.63111066,10.29119715,9
46.63078284,10.30424669,9
46.63045352,10.31729607,9
46.65773681,9.46912469,9
46.65750330,9.48218499,9
46.65726829,9.49524517,9
46.65703178,9.50830523,9
46.64042664,10.27862052,9
46.64010026,10.29167239,9
46.63977238,10.30472410,9
46.63944301,10.31777566,9
46.66672933,9.46946295,9
46.66649578,9.48252543,9
46.66626073,9.49558778,9
46.66602418,9.50865002,9
46.66578614,9.52171215,9
46.64974122,10.26603953,9
46.64941629,10.27909374,9
46.64908985,10.29214779,9
46.64876192,10.30520168,9
46.64843250,10.31825541,9
46.67572184,9.46980133,9
46.67548825,9.48286598,9
46.67525316,9.49593051,9
46.67501658,9.50899493,9
46.67477849,9.52205924,9
46.65840593,10.27956712,9
46.65807944,10.29262334,9
46.65775146,10.30567941,9
46.68448071,9.48320665,9
46.68424559,9.49627336,9
46.68400896,9.50933996,9
46.68377084,9.52240644,9
46.68353122,9.53547281,9
46.66772060,10.26698209,9
46.66739556,10.28004065,9
46.66706902,10.29309906,9
46.66674098,10.30615730,9
46.69323801,9.49661632,9
46.69300134,9.50968510,9
46.69276318,9.52275376,9
46.67703388,10.25439270,9
46.67671028,10.26745360,9
46.67638519,10.28051434,9
46.67605859,10.29357493,9
46.67573050,10.30663536,9
46.70223042,9.49695939,9
46.70199371,9.51003035,9
46.70175551,9.52310119,9
46.68602361,10.25486219,9
46.68569996,10.26792527,9
46.68537481,10.28098820,9
46.68504816,10.29405096,9
46.71122282,9.49730258,9
46.71098608,9.51037572,9
46.71074783,9.52344874,9
46.71050809,9.53652165,9
46.69533553,10.24226643,9
46.69501332,10.25533184,9
46.69468962,10.26839710,9
46.69436442,10.28146221,9
46.69403771,10.29452715,9
46.72021521,9.49764588,9
46.71997843,9.51072120,9
46.71974015,9.52379640,9
46.71950037,9.53687149,9
46.70432529,10.24273405,9
46.70400303,10.25580165,9
46.70367928,10.26886909,9
46.70335402,10.28193637,9
46.72920760,9.49798930,9
46.72897078,9.51106680,9
46.72873246,9.52414418,9
46.72849264,9.53722145,9
46.72825131,9.55029860,9
46.71363586,10.23013189,9
46.71331505,10.24320183,9
46.71299274,10.25627161,9
46.71266892,10.26934123,9
46.71234361,10.28241070,9
46.73819998,9.49833283,9
46.73796312,9.51141251,9
46.73772476,9.52449208,9
46.73748489,9.53757153,9
46.73724353,9.55065087,9
46.73700067,9.56373008,9
46.72294502,10.21752537,9
46.72262566,10.23059765,9
46.72230479,10.24366976,9
46.72198243,10.25674173,9
46.72165856,10.26981353,9
46.72133320,10.28288518,9
46.74695545,9.51175834,9
46.74671705,9.52484009,9
46.74647714,9.53792172,9
46.74623574,9.55100324,9
46.74599284,9.56408464,9
46.74574844,9.57716593,9
46.73193487,10.21798910,9
46.73161545,10.23106355,9
46.73129453,10.24413785,9
46.73097211,10.25721200,9
46.75546939,9.53827204,9
46.75522794,9.55135574,9
46.75498500,9.56443932,9
46.75474056,9.57752279,9
46.75449462,9.59060614,9
46.74124267,10.20537618,9
46.74092470,10.21845298,9
46.74060523,10.23152962,9
46.74028426,10.24460610,9
46.73996179,10.25768243,9
46.76446162,9.53862246,9
46.76422014,9.55170835,9
46.76397715,9.56479412,9
46.76373267,9.57787977,9
46.76348669,9.59096530,9
46.76323920,9.60405072,9
46.76299022,9.61713601,9
46.75086409,10.17967961,9
46.75054907,10.19275890,9
46.75023255,10.20583803,9
46.74991452,10.21891701,9
46.74959500,10.23199583,9
46.74927398,10.24507450,9
46.74895145,10.25815302,9
46.77321232,9.55206108,9
46.77296929,9.56514903,9
46.77272477,9.57823687,9
46.77247875,9.59132459,9
46.77223122,9.60441219,9
46.77198220,9.61749967,9
46.77173167,9.63058703,9
46.75985406,10.18013724,9
46.75953899,10.19321871,9
46.75922241,10.20630003,9
46.75890434,10.21938119,9
46.75858476,10.23246220,9
46.75826368,10.24554306,9
46.78196143,9.56550407,9
46.78171686,9.57859409,9
46.78147080,9.59168399,9
46.78122323,9.60477378,9
46.78097416,9.61786344,9
46.78072360,9.63095299,9
46.78047152,9.64404241,9
46.78021795,9.65713171,9
46.76915765,10.16751121,9
46.76884402,10.18059502,9
46.76852890,10.19367868,9
46.76821227,10.20676218,9
46.76789414,10.21984553,9
46.76757451,10.23292873,9
46.79046284,9.59204352,9
46.79021523,9.60513549,9
46.78996612,9.61822734,9
46.78971551,9.63131907,9
46.78946340,9.64441068,9
46.78920979,9.65750217,9
46.78895467,9.67059353,9
46.78869805,9.68368477,9
46.78843994,9.69677589,9
46.78818032,9.70986688,9
46.77814765,10.16796696,9
46.77783397,10.18105296,9
46.77751880,10.19413880,9
46.77720212,10.20722449,9
46.79895807,9.61859136,9
46.79870742,9.63168528,9
46.79845526,9.64477908,9
46.79820161,9.65787275,9
46.79794645,9.67096630,9
46.79768979,9.68405973,9
46.79743163,9.69715303,9
46.79717197,9.71024621,9
46.79691080,9.72333926,9
46.78837753,10.11606862,9
46.78806981,10.12915740,9
46.78776059,10.14224604,9
46.78744987,10.15533452,9
46.78713764,10.16842286,9
46.78682391,10.18151104,9
46.78650868,10.19459907,9
46.78619195,10.20768695,9
46.80769931,9.63205161,9
46.80744712,9.64514759,9
46.80719342,9.65824345,9
46.80693822,9.67133919,9
46.80668152,9.68443481,9
46.80642332,9.69753030,9
46.80616361,9.71062567,9
46.80590240,9.72372091,9
46.80563969,9.73681602,9
46.80537548,9.74991101,9
46.79828202,10.07724210,9
46.79797876,10.09033352,9
46.79767399,10.10342479,9
46.79736772,10.11651591,9
46.79705995,10.12960689,9
46.79675068,10.14269771,9
46.79643990,10.15578838,9
46.79612762,10.16887891,9
46.79581384,10.18196928,9
46.81618522,9.65861428,9
46.81592998,9.67171221,9
46.81567324,9.68481002,9
46.81541499,9.69790770,9
46.81515524,9.71100525,9
46.81489399,9.72410268,9
46.81463124,9.73719998,9
46.81436698,9.75029716,9
46.81410122,9.76339420,9
46.81383396,9.77649112,9
46.81356520,9.78958791,9
46.81329494,9.80268457,9
46.81302317,9.81578109,9
46.81274990,9.82887749,9
46.80847059,10.02530710,9
46.80817328,10.03840129,9
46.80787447,10.05149533,9
46.80757416,10.06458923,9
46.80727235,10.07768298,9
46.80696903,10.09077659,9
46.80666422,10.10387005,9
46.80635790,10.11696336,9
46.80605008,10.13005652,9
46.80574075,10.14314953,9
46.80542992,10.15624240,9
46.80511759,10.16933511,9
46.82440665,9.69828521,9
46.82414686,9.71138496,9
46.82388557,9.72448458,9
46.82362277,9.73758407,9
46.82335847,9.75068344,9
46.82309267,9.76378267,9
46.82282537,9.77688178,9
46.82255656,9.78998076,9
46.82228625,9.80307961,9
46.82201444,9.81617832,9
46.82174112,9.82927691,9
46.82146631,9.84237536,9
46.82118999,9.85547368,9
46.82091217,9.86857186,9
46.82063284,9.88166991,9
46.82006968,9.90786561,9
46.81978585,9.92096325,9
46.81950052,9.93406075,9
46.81921368,9.94715812,9
46.81805131,9.99954618,9
46.81775695,10.01264284,9
46.81746110,10.02573936,9
46.81716375,10.03883574,9
46.81686489,10.05193197,9
46.81656453,10.06502806,9
46.81626267,10.07812400,9
46.81595930,10.09121980,9
46.81565443,10.10431545,9
46.81534806,10.11741095,9
46.81504019,10.13050630,9
46.81473081,10.14360150,9
46.81441994,10.15669656,9
46.83313847,9.71176479,9
46.83287713,9.72486660,9
46.83261429,9.73796829,9
46.83234995,9.75106984,9
46.83208410,9.76417127,9
46.83181676,9.77727257,9
46.83154790,9.79037374,9
46.83127755,9.80347477,9
46.83100569,9.81657568,9
46.83073233,9.82967646,9
46.83045747,9.84277710,9
46.83018111,9.85587761,9
46.82990324,9.86897798,9
46.82962387,9.88207822,9
46.82934299,9.89517833,9
46.82906062,9.90827830,9
46.82877674,9.92137813,9
46.82849136,9.93447782,9
46.82820447,9.94757738,9
46.82791609,9.96067680,9
46.82762619,9.97377608,9
46.82733480,9.98687521,9
46.82704191,9.99997421,9
46.82674751,10.01307306,9
46.82645161,10.02617177,9
46.82615420,10.03927034,9
46.82585529,10.05236876,9
46.82555488,10.06546704,9
46.82525297,10.07856517,9
46.82464464,10.10476100,9
46.84186869,9.72524876,9
46.84134142,9.75145638,9
46.84107553,9.76455999,9
46.84080813,9.77766348,9
46.84053924,9.79076684,9
46.84026884,9.80387007,9
46.83999694,9.81697317,9
46.83972353,9.83007614,9
46.83944863,9.84317897,9
46.83917221,9.85628167,9
46.83889430,9.86938424,9
46.83861488,9.88248667,9
46.83833396,9.89558897,9
46.83805154,9.90869113,9
46.83776761,9.92179315,9
46.83748219,9.93489504,9
46.83719525,9.94799678,9
46.83690682,9.96109839,9
46.83661688,9.97419986,9
46.83632544,9.98730119,9
46.83603249,10.00040238,9
46.83573805,10.01350342,9
46.83544210,10.02660432,9
46.83514464,10.03970508,9
46.83484569,10.05280570,9
46.83454523,10.06590616,9
46.84898817,9.81737079,9
46.84871472,9.83047595,9
46.84843977,9.84358098,9
46.84816331,9.85668587,9
46.84788535,9.86979063,9
46.84760589,9.88289525,9
46.84732492,9.89599974,9
46.84704245,9.90910409,9
46.84675848,9.92220831,9
46.84647300,9.93531239,9
46.84618602,9.94841633,9
46.84589754,9.96152013,9
46.84560755,9.97462379,9
46.84531606,9.98772731,9
46.84502307,10.00083069,9
46.84472858,10.01393392,9
46.84443258,10.02703702,9
46.84413507,10.04013997,9
46.85631587,9.89641065,9
46.85603335,9.90951720,9
46.85574933,9.92262360,9
46.85517678,9.94883601,9
46.85488825,9.96194200,9
46.85459822,9.97504785,9
46.85430668,9.98815357,9
46.85401364,10.00125914,9
