46.052843686236,7.769393780752,8
46.052805041280,7.782313790655,8
46.052764915674,7.795233781228,8
46.061839049075,7.769448219639,8
46.061800397637,7.782370356060,8
46.061760265302,7.795292473152,8
46.061103783218,7.963277905746,8
46.070834420923,7.769502677099,8
46.070795763004,7.782426940765,8
46.070755623938,7.795351185102,8
46.070714003726,7.808275409382,8
46.070158425737,7.950440344946,8
46.070099031769,7.963364271875,8
46.079902686165,7.743704314781,8
46.079866984553,7.756630742895,8
46.079829801547,7.769557153134,8
46.079750991351,7.795409917077,8
46.079709364161,7.808336269328,8
46.079666255576,7.821262600796,8
46.079376494779,7.898820112475,8
46.079323016432,7.911746278117,8
46.079268056689,7.924672417164,8
46.079153693021,7.950524612563,8
46.079094289095,7.963450667461,8
46.079033403774,7.976376692857,8
46.078971037059,7.989302688024,8
46.088862379952,7.756683108809,8
46.088825190713,7.769611647743,8
46.088746367305,7.795468669077,8
46.088704733137,7.808397150024,8
46.088661617326,7.821325610187,8
46.088423813624,7.885967573833,8
46.088371807955,7.898895894040,8
46.088318320643,7.911824188379,8
46.088263351687,7.924752456121,8
46.088206901089,7.937680696541,8
46.088148968848,7.950608908911,8
46.088028659436,7.976465246597,8
46.097857783660,7.756735492571,8
46.097820588188,7.769666160926,8
46.097656987385,7.821388641056,8
46.097612382455,7.834319209131,8
46.097566295635,7.847249754971,8
46.097469676320,7.873110777035,8
46.097419143826,7.886041251807,8
46.097367129440,7.898971701436,8
46.097202194934,7.937762892200,8
46.097023923407,7.976553830520,8
46.096961535782,7.989484083804,8
46.096897666265,8.002414306131,8
46.106888915010,7.743855077803,8
46.106853195444,7.756787894182,8
46.106652365519,7.821451693400,8
46.106607753115,7.834384391623,8
46.106561658571,7.847317067609,8
46.106514081888,7.860249720633,8
46.106414482102,7.886114954885,8
46.106019195453,7.976642444626,8
46.105956797373,7.989574828056,8
46.105892917154,8.002507180531,8
46.115884340620,7.743905366390,8
46.115848615070,7.756840313641,8
46.115603131617,7.834449596316,8
46.115557029350,7.847384403175,8
46.115509444695,7.860319187071,8
46.115460377652,7.873253947277,8
46.115409828222,7.886188683068,8
46.115014475342,7.976731088915,8
46.114952066807,7.989665603218,8
46.114888175884,8.002600086564,8
46.125155544198,7.614584060301,8
46.125134639026,7.627521277943,8
46.125112251217,7.640458484976,8
46.125088380772,7.653395680672,8
46.125063027691,7.666332864306,8
46.125036191973,7.679270035151,8
46.125007873619,7.692207192479,8
46.124978072629,7.705144335565,8
46.124914022739,7.731018576103,8
46.124879773840,7.743955672100,8
46.124844042304,7.756892750949,8
46.124552407737,7.847451761668,8
46.123947343850,7.989756409288,8
46.123883442224,8.002693024232,8
46.123751191063,8.028566158347,8
46.123682841528,8.041502676064,8
46.123613009357,8.054439159918,8
46.123541694549,8.067375609182,8
46.134170456772,7.601673700052,8
46.134151030983,7.614613059900,8
46.134130122309,7.627552409865,8
46.134107730751,7.640491749221,8
46.134083856307,7.653431077241,8
46.134058498980,7.666370393199,8
46.134031658767,7.679309696367,8
46.134003335670,7.692248986019,8
46.133973529688,7.705188261428,8
46.133942240822,7.718127521868,8
46.133909469071,7.731066766612,8
46.133875214435,7.744005994934,8
46.132942628268,7.989847246267,8
46.132878715939,8.002785993535,8
46.132813320725,8.015724709120,8
46.132746442627,8.028663392296,8
46.132678081643,8.041602042336,8
46.132608237776,8.054540658513,8
46.132536911023,8.067479240102,8
46.132464101386,8.080417786374,8
46.132389808864,8.093356296603,8
46.132314033458,8.106294770063,8
46.143200362638,7.575817563934,8
46.143183899862,7.588759074416,8
46.143165953952,7.601700576469,8
46.143146524910,7.614642069366,8
46.143125612735,7.627583552381,8
46.143103217426,7.640525024786,8
46.143079338985,7.653466485855,8
46.143053977411,7.666407934861,8
46.143027132704,7.679349371078,8
46.142998804863,7.692290793779,8
46.142968993890,7.705232202238,8
46.142937699784,7.718173595727,8
46.142904922544,7.731114973520,8
46.142870662172,7.744056334890,8
46.141873996796,8.002878994471,8
46.141808590631,8.015819843105,8
46.141741701332,8.028760659330,8
46.141673328901,8.041701442419,8
46.141603473337,8.054642191646,8
46.141532134640,8.067582906283,8
46.141459312809,8.080523585604,8
46.141385007846,8.093464228882,8
46.141309219750,8.106404835391,8
46.141231948520,8.119345404404,8
46.141153194158,8.132285935195,8
46.152224353410,7.549952871049,8
46.152210854640,7.562896529985,8
46.152195872489,7.575840181944,8
46.152179406956,7.588783826201,8
46.152161458042,7.601727462029,8
46.152142025746,7.614671088700,8
46.152121110069,7.627614705489,8
46.152098711011,7.640558311669,8
46.152049462751,7.666445489293,8
46.151900382927,7.731163196825,8
46.150869284562,8.002972027042,8
46.150803867445,8.015915009451,8
46.150598715807,8.054743759315,8
46.150527365165,8.067686607726,8
46.150454531141,8.080629420822,8
46.150380213737,8.093572197875,8
46.150304412950,8.106514938158,8
46.150227128783,8.119457640946,8
46.150148361234,8.132400305511,8
46.150068110304,8.145342931127,8
46.149986375993,8.158285517066,8
46.161219874704,7.549971227750,8
46.161206373674,7.562917021186,8
46.161191389015,7.575862807645,8
46.161174920725,7.588808586402,8
46.161156968807,7.601754356730,8
46.161137533258,7.614700117902,8
46.161116614080,7.627645869191,8
46.159864579004,8.003065091246,8
46.159375426303,8.093680203580,8
46.159299612827,8.106625078364,8
46.159222315721,8.119569915652,8
46.159143534986,8.132514714717,8
46.159063270621,8.145459474833,8
46.158981522626,8.158404195272,8
46.158898291002,8.171348875309,8
46.170227421853,7.537041655780,8
46.170215402441,7.549989590691,8
46.170201899151,7.562937519352,8
46.170186911983,7.575885441037,8
46.170170440937,7.588833355020,8
46.170152486014,7.601781260574,8
46.168294819145,8.106735256009,8
46.168217509102,8.119682228522,8
46.168138715180,8.132629162813,8
46.168058437380,8.145576058154,8
46.167976675702,8.158522913819,8
46.167893430146,8.171469729082,8
46.179222957809,7.537057889009,8
46.179210936386,7.550007959871,8
46.179197430836,7.562958024484,8
46.179182441160,7.575908082120,8
46.177133901583,8.132743649798,8
46.177053610348,8.145692681091,8
46.176971834987,8.158641672707,8
46.176888575500,8.171590623921,8
46.188218499742,7.537074127753,8
46.188206476307,7.550026335291,8
46.188192968497,7.562978536581,8
46.188177976313,7.575930730894,8
46.186048789291,8.145809343643,8
46.185967000247,8.158760471936,8
46.185883726829,8.171711559827,8
46.197233644440,7.511181666287,8
46.197224588240,7.524136021547,8
46.197214047416,7.537090372010,8
46.197202021970,7.550044716952,8
46.197188511901,7.562999055643,8
46.195124292082,8.132972740439,8
46.195043973977,8.145926045810,8
46.194962171250,8.158879311506,8
46.194878883900,8.171832536799,8
46.206229200901,7.511193639803,8
46.206220143186,7.524150133191,8
46.206209600600,7.537106621782,8
46.206197573142,7.550063104851,8
46.204119495711,8.133087344093,8
46.204039164172,8.146042787593,8
46.203957347761,8.158998191417,8
46.203874046480,8.171953554838,8
46.215243029610,7.472329699150,8
46.215238425739,7.485288341419,8
46.215232336749,7.498246981072,8
46.215224762638,7.511205617383,8
46.215215703408,7.524164249624,8
46.215205159059,7.537122877069,8
46.213114704616,8.133201986638,8
46.213034359642,8.146159568991,8
46.212952529548,8.159117111668,8
46.224241718717,7.459374478318,8
46.224238599444,7.472335262055,8
46.224233994803,7.485296043904,8
46.224227904794,7.498256823136,8
46.224220329418,7.511217599025,8
46.224211268673,7.524178370845,8
46.222109918563,8.133316668072,8
46.222029560154,8.146276390004,8
46.221947716378,8.159236072260,8
46.233234916895,7.407526202278,8
46.233237739566,7.420489126610,8
46.233239076621,7.433452051960,8
46.233238928059,7.446414977601,8
46.233237293881,7.459377902805,8
46.233234174087,7.472340826847,8
46.233229568676,7.485303749000,8
46.231184023547,8.120469487211,8
46.231105137319,8.133431388397,8
46.231024765476,8.146393250633,8
46.230942908016,8.159355073194,8
46.230859564939,8.172316855352,8
46.242226187230,7.394556000187,8
46.242230496237,7.407521063805,8
46.242233319380,7.420486129168,8
46.242234656658,7.433451195548,8
46.242234508072,7.446416262219,8
46.240100360651,8.133546147611,8
46.240019975373,8.146510150877,8
46.239938104229,8.159474114468,8
46.239854747222,8.172438037656,8
46.251221770194,7.394548718217,8
46.251226079922,7.407515923592,8
46.251228903537,7.420483130710,8
46.251230241038,7.433450338846,8
46.249174500925,8.120694761743,8
46.249095588325,8.133660945714,8
46.249015189612,8.146627090737,8
46.248933304785,8.159593196083,8
46.248849933846,8.172559261027,8
46.248765076794,8.185525284841,8
46.248678733629,8.198491266799,8
46.260217357267,7.394541433781,8
46.260221667715,7.407510781637,8
46.260224491802,7.420480131236,8
46.260225829527,7.433449481853,8
46.258010407960,8.146744070211,8
46.257928509450,8.159712318039,8
46.257845124579,8.172680525464,8
46.257760253347,8.185648691760,8
46.257673895754,8.198616816199,8
46.257586051799,8.211584898056,8
46.269212948216,7.394534146878,8
46.269217259384,7.407505637941,8
46.269220083943,7.420477130747,8
46.269221421891,7.433448624571,8
46.266840319188,8.172801830968,8
46.266755433776,8.185772140470,8
46.266669061755,8.198742408116,8
46.266581203123,8.211712633180,8
46.278208542807,7.394526857508,8
46.278212854696,7.407500492503,8
46.278215679726,7.420474129242,8
46.278217017898,7.433447766998,8
46.275835517439,8.172923177538,8
46.275750617848,8.185895630972,8
46.275664231398,8.198868042551,8
46.275576358090,8.211840411547,8
46.287204140807,7.394519565671,8
46.287208453416,7.407495345324,8
46.287211278918,7.420471126721,8
46.284830719099,8.173044565174,8
46.284745805328,8.186019163267,8
46.284659404450,8.198993719503,8
46.284571516465,8.211968233157,8
46.296199741983,7.394512271368,8
46.296204055311,7.407490196404,8
46.296206881285,7.420468123184,8
46.296208219904,7.433446050981,8
46.293909364532,8.160189209272,8
46.293825923935,8.173165993877,8
46.293740995983,8.186142737353,8
46.293654580677,8.199119438973,8
46.305199660149,7.407485045742,8
46.305202486595,7.420465118631,8
46.305203825438,7.433445192538,8
46.302904586241,8.160308532932,8
46.302821131713,8.173287463646,8
46.302736189581,8.186266353232,8
46.302649759847,8.199245200961,8
46.314195267696,7.407479893339,8
46.314198094614,7.420462113063,8
46.314199433680,7.433444333804,8
46.314199284895,7.446426554835,8
46.311816342199,8.173408974482,8
46.311731385888,8.186390010902,8
46.311644941726,8.199371005466,8
46.323193705108,7.420459106479,8
46.323195044397,7.433443474780,8
46.323194895588,7.446427843371,8
46.323193258678,7.459412211527,8
46.320811555161,8.173530526385,8
46.320726584670,8.186513710364,8
46.320640126080,8.199496852488,8
46.320552179389,8.212479952029,8
46.332189317844,7.420456098879,8
46.332190657357,7.433442615465,8
46.332190508523,7.446429132343,8
46.332188871340,7.459415648784,8
46.332185745809,7.472402164063,8
46.329806770366,8.173652119353,8
46.329721785695,8.186637451619,8
46.329635312676,8.199622742028,8
46.329547351309,8.212607989855,8
46.341186272326,7.433441755861,8
46.341186123467,7.446430421750,8
46.341184486011,7.459419087202,8
46.341181359958,7.472407751492,8
46.338885497833,8.160786230983,8
46.338801987579,8.173773753389,8
46.338716988728,8.186761234665,8
46.338630501281,8.199748674086,8
46.338542525238,8.212736070924,8
46.350181740186,7.446431711592,8
46.350180102457,7.459422526781,8
46.350176975883,7.472413340808,8
46.350172360465,7.485404152945,8
46.347880730754,8.160905756347,8
46.347797206568,8.173895428490,8
46.347712193537,8.186885059504,8
46.347625691662,8.199874648661,8
46.359177358448,7.446433001869,8
46.359175720446,7.459425967521,8
46.359172593350,7.472418932010,8
46.359167977162,7.485411894610,8
46.359161871881,7.498404854593,8
46.359154277506,7.511397811234,8
46.356792427099,8.174017144658,8
46.356707399889,8.187008926134,8
46.356620883585,8.200000665754,8
46.356532878189,8.212992362791,8
46.368168212126,7.472424525098,8
46.368163595168,7.485419638886,8
46.368157488869,7.498414750058,8
46.368149893228,7.511409857886,8
46.365787648939,8.174138901893,8
46.365702607549,8.187132834556,8
46.365616076817,8.200126725364,8
46.365528056745,8.213120573589,8
46.377163831978,7.472430120073,8
46.377159214250,7.485427385774,8
46.377153106932,7.498424648859,8
46.377145510025,7.511421908602,8
46.377136423528,7.524419164275,8
46.374697816285,8.187256784771,8
46.374611271125,8.200252827492,8
46.374523236376,8.213248827630,8
46.386154834174,7.485435135275,8
46.386148725838,7.498434550999,8
46.386141127664,7.511433963380,8
46.386132039652,7.524433371692,8
46.383693025862,8.187380776777,8
46.383606466275,8.200378972137,8
46.383518416849,8.213377124915,8
46.383428877585,8.226375234383,8
46.395150454706,7.485442887387,8
46.395144345353,7.498444456476,8
46.395136745912,7.511446022222,8
46.395127656386,7.524447583898,8
46.395117076773,7.537449140779,8
46.392688236049,8.187504810576,8
46.392601662033,8.200505159300,8
46.392513597931,8.213505465442,8
46.404139965243,7.498454365290,8
46.404132364536,7.511458085126,8
46.404123273494,7.524461800893,8
46.404112692118,7.537465511864,8
46.401768544721,8.174626341495,8
46.401683446612,8.187628886166,8
46.401596858167,8.200631388981,8
46.401508779389,8.213633849213,8
46.413127983302,7.511470152094,8
46.413118890745,7.524476022676,8
46.413108307606,7.537481888463,8
46.413096233884,7.550487748726,8
46.410763769605,8.174748304062,8
46.410678657316,8.187753003548,8
46.410592054444,8.200757661179,8
46.422123601977,7.511482223125,8
46.422114507905,7.524490249248,8
46.422103923003,7.537498270576,8
46.422091847269,7.550506286381,8
46.419758994399,8.174870307695,8
46.419673867930,8.187877162723,8
46.431110124741,7.524504480609,8
46.431099538075,7.537514658204,8
46.431087460330,7.550524830275,8
46.431073891505,7.563534996098,8
46.429233750088,8.096937446346,8
46.429157555917,8.109946693516,8
46.429079870667,8.122955903191,8
46.428837868437,8.161983299971,8
46.428754218868,8.174992352395,8
46.428669078219,8.188001363689,8
46.440105741019,7.524518716759,8
46.440095152590,7.537531051345,8
46.440083072833,7.550543380409,8
46.440069501748,7.563555703224,8
46.440054439336,7.576568019063,8
46.440037885595,7.589580327199,8
46.438720744705,8.005965772171,8
46.438654977140,8.018977418459,8
46.438587718248,8.031989032338,8
46.438152847003,8.110057994321,8
46.438075148814,8.123069360987,8
46.437995959297,8.136080689431,8
46.437915278452,8.149091978926,8
46.437833106280,8.162103228745,8
46.437749442779,8.175114438161,8
46.437664287950,8.188125606448,8
46.437577641793,8.201136732878,8
46.449090766313,7.537547450001,8
46.449078684545,7.550561936783,8
46.449065111200,7.563576417316,8
46.449050046279,7.576590890872,8
46.449033489782,7.589605356726,8
46.449015441709,7.602619814151,8
46.447716129565,8.006059848671,8
46.447650351048,8.019073652677,8
46.447583080956,8.032087424273,8
46.447224356847,8.097155770683,8
46.447148137297,8.110169332564,8
46.447070426170,8.123182856948,8
46.446991223467,8.136196343110,8
46.446910529187,8.149209790323,8
46.458074295233,7.550580499397,8
46.458060719628,7.563597138373,8
46.458045652199,7.576613770373,8
46.458029092945,7.589630394670,8
46.458011041867,7.602647010538,8
46.457991498964,7.615663617250,8
46.457970464236,7.628680214080,8
46.457074921888,7.928057542206,8
46.457018083369,7.941073683851,8
46.456959753024,7.954089797448,8
46.456775811043,7.993137962673,8
46.456711513400,8.006153956805,8
46.456645723932,8.019169919254,8
46.456578442639,8.032185849294,8
46.456509669522,8.045201746198,8
46.456439404580,8.058217609240,8
46.456367647814,8.071233437692,8
46.456294399223,8.084249230828,8
46.456219658807,8.097264987921,8
46.456143426567,8.110280708245,8
46.456065702501,8.123296391073,8
46.455986486612,8.136312035679,8
46.467056326798,7.563617866395,8
46.467041256861,7.576636657564,8
46.467024694850,7.589655441031,8
46.467006640767,7.602674216068,8
46.466987094611,7.615692981949,8
46.466966056382,7.628711737947,8
46.466943526079,7.641730483336,8
46.466919503704,7.654749217389,8
46.466125720868,7.915120398823,8
46.466070364960,7.928138726960,8
46.466013516978,7.941157027775,8
46.465955176924,7.954175300540,8
46.465895344797,7.967193544529,8
46.465834020596,7.980211759015,8
46.465771204323,7.993229943272,8
46.465706895977,8.006248096573,8
46.465641095558,8.019266218192,8
46.465573803065,8.032284307401,8
46.465505018500,8.045302363474,8
46.465434741862,8.058320385684,8
46.465362973150,8.071338373305,8
46.465289712366,8.084356325610,8
46.465060977575,8.123409963363,8
46.464981748499,8.136427767137,8
46.476020295265,7.589680495808,8
46.476002238176,7.602701430739,8
46.475982688767,7.615722356515,8
46.475961647036,7.628743272408,8
46.475939112984,7.641764177691,8
46.475915086611,7.654785071639,8
46.475739589622,7.732910156575,8
46.475375612449,7.850096626400,8
46.475327708934,7.863117240144,8
46.475278313098,7.876137830200,8
46.475227424940,7.889158395840,8
46.475175044461,7.902178936337,8
46.475121171661,7.915199450964,8
46.475065806540,7.928219938996,8
46.475008949097,7.941240399705,8
46.474950599333,7.954260832364,8
46.474890757247,7.967281236248,8
46.474829422841,7.980301610629,8
46.474430077652,8.058423196665,8
46.474358296996,8.071443344181,8
46.474285024018,8.084463456380,8
46.484997833861,7.602728654553,8
46.484978281199,7.615751740948,8
46.484957235966,7.628774817461,8
46.484934698164,7.641797883365,8
46.484910667793,7.654820937933,8
46.484885144851,7.667843980438,8
46.484858129341,7.680867010153,8
46.484829621260,7.693890026353,8
46.484799620610,7.706913028310,8
46.484768127390,7.719936015298,8
46.484735141600,7.732958986590,8
46.484627228813,7.772027799022,8
46.484371103858,7.850164901995,8
46.484323192372,7.863187676360,8
46.484273788316,7.876210427036,8
46.484222891690,7.889233153295,8
46.484170502495,7.902255854413,8
46.484061246395,7.928301178312,8
46.483946020017,7.954346392921,8
46.483886167974,7.967368957424,8
46.483353619117,8.071548350318,8
46.493952822939,7.628806373108,8
46.493930281387,7.641831600357,8
46.493906247017,7.654856816271,8
46.493880719829,7.667882020121,8
46.493853699824,7.680907211183,8
46.493825187000,7.693932388728,8
46.493795181358,7.706957552031,8
46.493763682898,7.719982700364,8
46.493730691620,7.733007833002,8
46.493696207525,7.746032949216,8
46.493660230611,7.759058048282,8
46.493622760879,7.772083129471,8
46.493583798329,7.785108192058,8
46.493543342961,7.798133235315,8
46.493501394776,7.811158258517,8
46.493457953772,7.824183260935,8
46.493413019950,7.837208241845,8
46.493366593310,7.850233200518,8
46.493318673852,7.863258136229,8
46.493269261577,7.876283048250,8
46.502948407720,7.628837939348,8
46.502925862418,7.641865328668,8
46.502901824050,7.654892706653,8
46.502876292616,7.667920072575,8
46.502849268116,7.680947425708,8
46.502820750549,7.693974765324,8
46.502790739915,7.707002090698,8
46.502759236216,7.720029401103,8
46.502726239450,7.733056695811,8
46.502691749617,7.746083974097,8
46.502655766719,7.759111235234,8
46.502618290754,7.772138478494,8
46.502579321722,7.785165703152,8
46.502538859625,7.798192908481,8
46.502496904461,7.811220093754,8
46.502453456231,7.824247258244,8
46.502408514934,7.837274401224,8
46.502362080571,7.850301521969,8
46.511871862979,7.667958137798,8
46.511844833983,7.680987653728,8
46.511816311673,7.694017156141,8
46.511786296048,7.707046644312,8
46.511754787109,7.720076117513,8
46.511721784855,7.733105575018,8
46.511687289286,7.746135016101,8
46.511651300402,7.759164440035,8
46.511613818204,7.772193846092,8
46.511574842691,7.785223233547,8
46.511534373864,7.798252601672,8
46.511492411722,7.811281949741,8
46.511448956265,7.824311277028,8
46.511404007493,7.837340582806,8
46.520811870140,7.694059561179,8
46.520781849523,7.707091212872,8
46.520750335344,7.720122849596,8
46.520682826296,7.746186075228,8
46.520646831428,7.759217662684,8
46.520609342997,7.772249232264,8
46.520487916325,7.811343826480,8
46.520444453642,7.824375317289,8
46.520399497395,7.837406786589,8
